# Generated by LORRAX unknown at 2026-07-18 02:27:19 UTC
  0.000000000  0.000000000  0.000000000      60
       1       1   -5.697462397  -21.272352758
       1       2   -5.697462397  -21.272352758
       1       3    6.280883125   -3.550461604
       1       4    6.280883125   -3.548100729
       1       5    6.280883125   -3.554332435
       1       6    6.280883125   -3.547845017
       1       7    6.280883125   -3.556998347
       1       8    6.280883125   -3.551313675
       1       9    8.821291599    5.450883249
       1      10    8.821291599    5.457910624
       1      11    8.821291599    5.454041871
       1      12    8.821291599    5.458769655
       1      13    8.821291599    5.468255484
       1      14    8.821291599    5.469394434
       1      15    9.629157340    6.874384540
       1      16    9.629157340    6.874384540
       1      17   14.014756611   12.533840051
       1      18   14.014756611   12.533840051
       1      19   14.014756611   12.533840051
       1      20   14.014756611   12.533840051
       1      21   14.243046429   12.980584200
       1      22   14.243046429   12.980584199
       1      23   17.517766098   17.094955215
       1      24   17.517766098   17.095505982
       1      25   17.517766098   17.089939973
       1      26   17.517766098   17.094681036
       1      27   17.517766098   17.095093335
       1      28   17.517766098   17.094358435
       1      29   21.692473012   21.486109908
       1      30   21.692473012   21.486109909
       1      31   29.382010332   31.766756861
       1      32   29.382010332   31.766812988
       1      33   29.382010332   31.766685924
       1      34   29.382010332   31.766253976
       1      35   29.382010332   31.766676411
       1      36   29.382010332   31.766565569
       1      37   30.461605514   33.431498940
       1      38   30.461605514   33.431498941
       1      39   30.461605514   33.431498940
       1      40   30.461605514   33.431498942
       1      41   32.099306338   34.642721138
       1      42   32.099306338   34.640969728
       1      43   32.099306338   34.655080607
       1      44   32.099306338   34.619970274
       1      45   32.099306338   34.651913105
       1      46   32.099306338   34.647361456
       1      47   35.634545964   38.801652892
       1      48   35.634545964   38.801652891
       1      49   35.634545964   38.801652891
       1      50   35.634545964   38.801652890
       1      51   35.634545964   38.801652891
       1      52   35.634545964   38.801652892
       1      53   41.091813588   45.233616105
       1      54   41.091813588   45.233688933
       1      55   41.091813588   45.233568098
       1      56   41.091813588   45.233698145
       1      57   41.091813588   45.233558584
       1      58   41.091813588   45.233609799
       1      59   44.700508482   48.825843248
       1      60   44.700508482   48.825843339
 -0.000000000 -0.000000000  0.250000000      60
       1       1   -4.897274309  -20.129018904
       1       2   -4.897274309  -20.129018904
       1       3    2.340140942   -8.930057790
       1       4    2.340140942   -8.930057790
       1       5    5.514185845   -4.505533582
       1       6    5.514185845   -4.493915219
       1       7    5.514185845   -4.494706849
       1       8    5.514185845   -4.499688828
       1       9    8.294531906    4.957242462
       1      10    8.294531906    4.957242462
       1      11    9.767957310    6.765164151
       1      12    9.767957310    6.771103545
       1      13    9.767957310    6.764454423
       1      14    9.767957310    6.754050957
       1      15   13.191875291   11.319365574
       1      16   13.191875291   11.319365574
       1      17   13.475223444   11.887329827
       1      18   13.475223444   11.887101385
       1      19   13.475223444   11.887677552
       1      20   13.475223444   11.885884614
       1      21   15.270814413   14.293088864
       1      22   15.270814413   14.293088864
       1      23   18.122193529   17.651761338
       1      24   18.122193529   17.651761337
       1      25   20.920201748   21.368181521
       1      26   20.920201748   21.365518250
       1      27   20.920201748   21.364269402
       1      28   20.920201748   21.366039067
       1      29   24.154941781   25.082712042
       1      30   24.154941781   25.085681183
       1      31   24.154941781   25.089982275
       1      32   24.154941781   25.089121008
       1      33   24.284298011   25.330125950
       1      34   24.284298011   25.330125951
       1      35   26.371990708   27.032961631
       1      36   26.371990708   27.032961631
       1      37   30.302072945   33.122765162
       1      38   30.302072945   33.122764529
       1      39   30.302072945   33.122792083
       1      40   30.302072945   33.122880149
       1      41   32.965718642   35.829518324
       1      42   32.965718642   35.842660694
       1      43   32.965718642   35.837921420
       1      44   32.965718642   35.844549442
       1      45   34.149800918   37.433590817
       1      46   34.149800918   37.433590812
       1      47   35.732278283   38.714584402
       1      48   35.732278283   38.714584397
       1      49   36.350074318   39.767862310
       1      50   36.350074318   39.767862311
       1      51   38.142798544   41.565277819
       1      52   38.142798544   41.563532509
       1      53   38.142798544   41.562074997
       1      54   38.142798544   41.563281608
       1      55   39.731844101   43.398833833
       1      56   39.731844101   43.395817448
       1      57   39.731844101   43.395236839
       1      58   39.731844101   43.397900610
       1      59   40.693977462   44.861009638
       1      60   40.693977462   44.857615384
 -0.000000000 -0.000000000  0.500000000      60
       1       1   -3.363330280  -17.987032022
       1       2   -3.363330280  -17.987032022
       1       3   -0.707416567  -13.565335836
       1       4   -0.707416567  -13.565335836
       1       5    5.073249116   -5.264397528
       1       6    5.073249116   -5.255478938
       1       7    5.073249116   -5.256864090
       1       8    5.073249116   -5.246572078
       1       9    7.805267432    4.342320038
       1      10    7.805267432    4.342320038
       1      11    9.601622459    6.760260553
       1      12    9.601622459    6.754931826
       1      13    9.601622459    6.765294877
       1      14    9.601622459    6.757455034
       1      15   14.000393808   12.854233797
       1      16   14.000393808   12.854233798
       1      17   16.847205974   16.327804501
       1      18   16.847205974   16.327905623
       1      19   16.847205974   16.327792465
       1      20   16.847205974   16.327764801
       1      21   17.618514153   17.232216498
       1      22   17.618514153   17.222547311
       1      23   17.618514153   17.225524215
       1      24   17.618514153   17.239539134
       1      25   17.647139162   16.961335014
       1      26   17.647139162   16.961335014
       1      27   19.282067174   19.302801263
       1      28   19.282067174   19.302801262
       1      29   25.679286474   27.133584177
       1      30   25.679286474   27.133584178
       1      31   26.283135031   27.335340138
       1      32   26.283135031   27.335340135
       1      33   27.933782569   29.461339408
       1      34   27.933782569   29.461374408
       1      35   27.933782569   29.461204178
       1      36   27.933782569   29.461568994
       1      37   28.090774565   30.208749531
       1      38   28.090774565   30.213446622
       1      39   28.090774565   30.210288253
       1      40   28.090774565   30.207114617
       1      41   32.007311697   33.907834548
       1      42   32.007311697   33.907834547
       1      43   32.720293158   35.367720777
       1      44   32.720293158   35.367774714
       1      45   32.720293158   35.367941816
       1      46   32.720293158   35.367506634
       1      47   33.770225033   36.894099600
       1      48   33.770225033   36.897267462
       1      49   33.770225033   36.898229670
       1      50   33.770225033   36.887900393
       1      51   34.628733201   36.545699372
       1      52   34.628733201   36.545699369
       1      53   37.451051170   41.339196983
       1      54   37.451051170   41.339196983
       1      55   38.638454586   41.799096305
       1      56   38.638454586   41.799846945
       1      57   38.638454586   41.805880263
       1      58   38.638454586   41.805531438
       1      59   39.185518804   42.835046615
       1      60   39.185518804   42.833850382
  0.000000000  0.250000000  0.250000000      60
       1       1   -4.614919841  -19.716043956
       1       2   -4.614919841  -19.716043956
       1       3    2.755267072   -8.500757955
       1       4    2.755267072   -8.500757955
       1       5    4.377647910   -6.002707363
       1       6    4.377647910   -6.005073176
       1       7    4.377647910   -6.002016980
       1       8    4.377647910   -6.002927214
       1       9    7.392347545    3.806946011
       1      10    7.392347545    3.806946011
       1      11    9.398117932    6.708781210
       1      12    9.398117932    6.708781210
       1      13   12.030143620    9.703123370
       1      14   12.030143620    9.702815444
       1      15   12.030143620    9.703605146
       1      16   12.030143620    9.703478070
       1      17   14.339185874   12.807237885
       1      18   14.339185874   12.807237885
       1      19   15.219776565   14.143826780
       1      20   15.219776565   14.143826780
       1      21   17.717513989   17.091522490
       1      22   17.717513989   17.091522490
       1      23   19.283358391   19.327498527
       1      24   19.283358391   19.328198251
       1      25   19.283358391   19.329654818
       1      26   19.283358391   19.327618792
       1      27   20.016256308   19.925353422
       1      28   20.016256308   19.925353422
       1      29   23.710188369   24.495120311
       1      30   23.710188369   24.498298622
       1      31   23.710188369   24.495248186
       1      32   23.710188369   24.495461024
       1      33   24.638552633   26.010342789
       1      34   24.638552633   26.010342792
       1      35   26.649619085   28.309170680
       1      36   26.649619085   28.309170681
       1      37   27.231245877   28.696567042
       1      38   27.231245877   28.696567042
       1      39   31.194231070   33.393267845
       1      40   31.194231070   33.393267846
       1      41   32.544455696   35.588004445
       1      42   32.544455696   35.588004445
       1      43   33.619190203   36.737513352
       1      44   33.619190203   36.734415697
       1      45   33.619190203   36.741169595
       1      46   33.619190203   36.734053990
       1      47   35.806763488   38.600218299
       1      48   35.806763488   38.600776886
       1      49   35.806763488   38.597641720
       1      50   35.806763488   38.601583095
       1      51   35.948091327   39.137404452
       1      52   35.948091327   39.137404454
       1      53   36.635870220   39.711319712
       1      54   36.635870220   39.711319711
       1      55   40.920512221   45.358887021
       1      56   40.920512221   45.358887025
       1      57   41.472658014   45.496540585
       1      58   41.472658014   45.496540575
       1      59   41.675122145   46.313273935
       1      60   41.675122145   46.313972523
 -0.000000000  0.250000000  0.500000000      60
       1       1   -2.977120165  -17.368386348
       1       2   -2.977120165  -17.368386348
       1       3   -0.116063870  -12.911299050
       1       4   -0.116063870  -12.911299050
       1       5    2.729542308   -8.020003077
       1       6    2.729542308   -8.020003077
       1       7    4.061927494   -6.549622074
       1       8    4.061927494   -6.549622074
       1       9    7.784313287    4.469515869
       1      10    7.784313287    4.469515869
       1      11   10.722912636    8.170878633
       1      12   10.722912636    8.170878633
       1      13   12.017657500    9.810232727
       1      14   12.017657500    9.810232727
       1      15   12.190486786   10.143937642
       1      16   12.190486786   10.143937642
       1      17   16.490591538   15.833737983
       1      18   16.490591538   15.833737983
       1      19   16.831570029   16.276186522
       1      20   16.831570029   16.276186522
       1      21   18.448844612   18.329162985
       1      22   18.448844612   18.329162985
       1      23   18.994732960   18.800227802
       1      24   18.994732960   18.800227802
       1      25   19.316707622   19.144319650
       1      26   19.316707622   19.144319650
       1      27   23.142800344   23.775553964
       1      28   23.142800344   23.775553964
       1      29   24.020006741   25.187214886
       1      30   24.020006741   25.187214886
       1      31   24.916839328   26.297782059
       1      32   24.916839328   26.297782059
       1      33   25.658192512   26.772042312
       1      34   25.658192512   26.772042313
       1      35   25.894744736   27.246072818
       1      36   25.894744736   27.246072818
       1      37   26.228194779   27.502451374
       1      38   26.228194779   27.502451374
       1      39   29.216321922   30.854497522
       1      40   29.216321922   30.854497523
       1      41   30.034563393   32.468132233
       1      42   30.034563393   32.468132233
       1      43   31.480023908   33.713872976
       1      44   31.480023908   33.713872974
       1      45   31.875101764   34.051893224
       1      46   31.875101764   34.051893225
       1      47   34.110057661   36.391288363
       1      48   34.110057661   36.391288361
       1      49   35.433231892   38.532512997
       1      50   35.433231892   38.532512997
       1      51   35.605426956   38.563706350
       1      52   35.605426956   38.563706351
       1      53   35.696387915   38.784249025
       1      54   35.696387915   38.784249023
       1      55   37.475892836   40.808548507
       1      56   37.475892836   40.808548509
       1      57   38.362751193   41.556250597
       1      58   38.362751193   41.556250600
       1      59   40.573411700   44.358117646
       1      60   40.573411700   44.358117644
 -0.000000000  0.250000000  0.750000000      60
       1       1   -3.652137676  -18.341263455
       1       2   -3.652137676  -18.341263455
       1       3    0.787787226  -11.556162746
       1       4    0.787787226  -11.556162746
       1       5    2.509629314   -8.290232974
       1       6    2.509629314   -8.290232974
       1       7    4.943049473   -5.296038755
       1       8    4.943049473   -5.296038755
       1       9    8.712779008    5.652707106
       1      10    8.712779008    5.652707106
       1      11   11.050313963    8.702939424
       1      12   11.050313963    8.702939424
       1      13   11.420233642    8.737624062
       1      14   11.420233642    8.737624062
       1      15   12.411640963   10.563189898
       1      16   12.411640963   10.563189898
       1      17   12.729572133   10.830054427
       1      18   12.729572133   10.830054427
       1      19   15.909991495   15.147746317
       1      20   15.909991495   15.147746318
       1      21   18.904564810   18.656470673
       1      22   18.904564810   18.656470673
       1      23   19.486036865   19.591944887
       1      24   19.486036865   19.591944889
       1      25   19.746867522   19.532722101
       1      26   19.746867522   19.532722101
       1      27   22.954319111   23.494776668
       1      28   22.954319111   23.494776669
       1      29   23.348115675   24.645832635
       1      30   23.348115675   24.645832636
       1      31   23.741141951   24.798217526
       1      32   23.741141951   24.798217526
       1      33   24.988700211   26.422724013
       1      34   24.988700211   26.422724014
       1      35   27.533687726   29.642556833
       1      36   27.533687726   29.642556834
       1      37   27.993170404   29.305093065
       1      38   27.993170404   29.305093065
       1      39   30.240876322   32.298042564
       1      40   30.240876322   32.298042565
       1      41   31.097892325   32.467978021
       1      42   31.097892325   32.467978021
       1      43   31.576723580   34.129770020
       1      44   31.576723580   34.129770021
       1      45   33.085237051   35.686094405
       1      46   33.085237051   35.686094407
       1      47   33.392449727   35.726183479
       1      48   33.392449727   35.726183480
       1      49   34.058354935   37.034812758
       1      50   34.058354935   37.034812759
       1      51   35.682969266   38.834834993
       1      52   35.682969266   38.834834992
       1      53   36.600150618   39.818900335
       1      54   36.600150618   39.818900337
       1      55   37.490903134   40.649900023
       1      56   37.490903134   40.649900029
       1      57   40.327729858   44.657481290
       1      58   40.327729858   44.657481293
       1      59   40.481375264   44.188532562
       1      60   40.481375264   44.188532549
  0.000000000  0.500000000  0.500000000      60
       1       1   -1.550062195  -15.204660446
       1       2   -1.550062195  -15.204660446
       1       3   -1.550062195  -15.204660446
       1       4   -1.550062195  -15.204660446
       1       5    3.412314267   -7.525749014
       1       6    3.412314267   -7.525749014
       1       7    3.412314267   -7.525749015
       1       8    3.412314267   -7.525749014
       1       9    6.973625660    3.484180924
       1      10    6.973625660    3.484180923
       1      11    6.973625660    3.484180924
       1      12    6.973625660    3.484180924
       1      13   16.370523945   15.847442192
       1      14   16.370523945   15.847442192
       1      15   16.370523945   15.847442192
       1      16   16.370523945   15.847442191
       1      17   17.284766579   16.734372085
       1      18   17.284766579   16.734372085
       1      19   17.284766579   16.734372085
       1      20   17.284766579   16.734372085
       1      21   18.816611937   18.784013893
       1      22   18.816611937   18.784013891
       1      23   18.816611937   18.784013891
       1      24   18.816611937   18.784013893
       1      25   19.331920722   19.189900101
       1      26   19.331920722   19.189900101
       1      27   19.331920722   19.189900100
       1      28   19.331920722   19.189900100
       1      29   25.151128572   26.203375492
       1      30   25.151128572   26.203375492
       1      31   25.151128572   26.203375493
       1      32   25.151128572   26.203375492
       1      33   26.013434001   26.917471449
       1      34   26.013434001   26.917471450
       1      35   26.013434001   26.917471450
       1      36   26.013434001   26.917471449
       1      37   26.507063125   27.703604567
       1      38   26.507063125   27.703604568
       1      39   26.507063125   27.703604566
       1      40   26.507063125   27.703604568
       1      41   27.810003977   29.021934766
       1      42   27.810003977   29.021934763
       1      43   27.810003977   29.021934765
       1      44   27.810003977   29.021934771
       1      45   31.745141132   34.871499357
       1      46   31.745141132   34.871499356
       1      47   31.745141132   34.871499355
       1      48   31.745141132   34.871499356
       1      49   35.790995326   39.321697250
       1      50   35.790995326   39.321697245
       1      51   35.790995326   39.321697248
       1      52   35.790995326   39.321697255
       1      53   40.523326332   44.308323685
       1      54   40.523326332   44.308323685
       1      55   40.523326332   44.308323678
       1      56   40.523326332   44.308323680
       1      57   40.557327202   43.885001456
       1      58   40.557327202   43.885001450
       1      59   40.557327202   43.885001446
       1      60   40.557327202   43.885001406
  0.250000000  0.500000000  0.750000000      60
       1       1   -1.385165831  -15.013987844
       1       2   -1.385165831  -15.015928011
       1       3   -1.385165831  -15.016590125
       1       4   -1.385165831  -15.015768928
       1       5    2.408828444   -8.426069258
       1       6    2.408828444   -8.424153254
       1       7    2.408828444   -8.422805990
       1       8    2.408828444   -8.419998205
       1       9   10.549267660    7.796789301
       1      10   10.549267660    7.796788843
       1      11   10.549267660    7.796793280
       1      12   10.549267660    7.796790352
       1      13   11.266110065    9.070211260
       1      14   11.266110065    9.074044107
       1      15   11.266110065    9.069926932
       1      16   11.266110065    9.073155523
       1      17   16.867712774   16.319796467
       1      18   16.867712774   16.320446666
       1      19   16.867712774   16.328652623
       1      20   16.867712774   16.326781180
       1      21   19.324969878   19.328755026
       1      22   19.324969878   19.324908027
       1      23   19.324969878   19.320148914
       1      24   19.324969878   19.329887843
       1      25   22.741992057   23.188392187
       1      26   22.741992057   23.188140968
       1      27   22.741992057   23.189638023
       1      28   22.741992057   23.186512261
       1      29   24.870956060   25.527337550
       1      30   24.870956060   25.528104860
       1      31   24.870956060   25.528715261
       1      32   24.870956060   25.529836716
       1      33   25.207143116   26.801603786
       1      34   25.207143116   26.807975421
       1      35   25.207143116   26.810672007
       1      36   25.207143116   26.799826178
       1      37   26.133277360   27.931068312
       1      38   26.133277360   27.930321090
       1      39   26.133277360   27.930963510
       1      40   26.133277360   27.931260024
       1      41   29.980363929   31.894961556
       1      42   29.980363929   31.894830548
       1      43   29.980363929   31.895296362
       1      44   29.980363929   31.895178491
       1      45   33.774430120   36.050983700
       1      46   33.774430120   36.050984247
       1      47   33.774430120   36.050988143
       1      48   33.774430120   36.050990483
       1      49   33.954703521   36.311581676
       1      50   33.954703521   36.312317440
       1      51   33.954703521   36.310706717
       1      52   33.954703521   36.312510553
       1      53   35.767017646   38.690717335
       1      54   35.767017646   38.688667890
       1      55   35.767017646   38.688957989
       1      56   35.767017646   38.689833941
       1      57   38.929934849   42.788258028
       1      58   38.929934849   42.787883067
       1      59   38.929934849   42.788352399
       1      60   38.929934849   42.787176709
