# Exciton bandstructure E_S(Q), TDA, LORRAX
# input: /pscratch/sd/j/jackm/lorrax_sandbox/runs/MoS2/A_bse_bands_perf_2026-07-18/12x12/exciton_bands_nw.in
# window: n_val=4 n_cond=4; n_eig=8; kgrid 12x12x1; vq_mode=interp
# conventions: |v k, c k+Q>; exchange tile at wrap(-Q) keeps G=0 at finite Q (energy_loss); Gamma uses the production q=0 head-body tile; energies in eV
# nodes: 0:Γ 15:M 23:K 39:Γ
# iQ  s_path  Qx  Qy  Qz  mode  E_1..E_neig (eV)
   0 0.000000  0.000000  0.000000  0.000000 interp 1.142567 1.142631 1.145173 1.145918 1.271557 1.271568 1.272409 1.272664
   1 0.254116  0.000000  0.033333  0.000000 interp 1.170671 1.174715 1.185236 1.187644 1.300468 1.303911 1.309114 1.311166
   2 0.508233  0.000000  0.066667  0.000000 interp 1.244495 1.247208 1.263609 1.266282 1.369171 1.371477 1.381714 1.382730
   3 0.762349  0.000000  0.100000  0.000000 interp 1.293827 1.296205 1.308854 1.312970 1.414095 1.418701 1.421549 1.422914
   4 1.016465  0.000000  0.133333  0.000000 interp 1.349065 1.351827 1.372661 1.376323 1.465844 1.472327 1.479592 1.481171
   5 1.270581  0.000000  0.166667  0.000000 interp 1.412045 1.413401 1.424813 1.429677 1.498499 1.498647 1.499323 1.510892
   6 1.524698  0.000000  0.200000  0.000000 interp 1.371328 1.396605 1.419191 1.422230 1.443108 1.462680 1.467487 1.474486
   7 1.778814  0.000000  0.233333  0.000000 interp 1.409714 1.412372 1.419648 1.420097 1.448934 1.459815 1.466263 1.467525
   8 2.032930  0.000000  0.266667  0.000000 interp 1.396419 1.398664 1.400035 1.403732 1.441900 1.448149 1.449079 1.452325
   9 2.287046  0.000000  0.300000  0.000000 interp 1.224454 1.260501 1.351365 1.356872 1.390352 1.396849 1.418142 1.425644
  10 2.541163  0.000000  0.333333  0.000000 interp 1.415172 1.416209 1.434280 1.438429 1.453660 1.460414 1.484322 1.485550
  11 2.795279  0.000000  0.366667  0.000000 interp 1.372107 1.372297 1.377288 1.392656 1.411264 1.428573 1.444473 1.455591
  12 3.049395  0.000000  0.400000  0.000000 interp 1.324280 1.328340 1.353698 1.360555 1.446411 1.449469 1.468604 1.470885
  13 3.303512  0.000000  0.433333  0.000000 interp 1.255746 1.257680 1.301722 1.308034 1.383955 1.385522 1.421989 1.422396
  14 3.557628  0.000000  0.466667  0.000000 interp 1.213570 1.220763 1.250300 1.257129 1.342892 1.348021 1.375098 1.377085
  15 3.811744  0.000000  0.500000  0.000000 interp 1.209374 1.209380 1.263349 1.268282 1.338411 1.338924 1.387651 1.387667
  16 4.086805  0.041662  0.479162  0.000000 interp 1.201832 1.241073 1.260712 1.279719 1.333019 1.342483 1.347674 1.367175
  17 4.361867  0.083325  0.458325  0.000000 interp 1.208003 1.271795 1.304787 1.322504 1.355555 1.395768 1.419168 1.425203
  18 4.636928  0.124988  0.437488  0.000000 interp 1.336684 1.372418 1.374415 1.376822 1.398930 1.435063 1.449815 1.459887
  19 4.911990  0.166650  0.416650  0.000000 interp 1.352448 1.358537 1.367151 1.368685 1.399216 1.404359 1.491442 1.499462
  20 5.187051  0.208312  0.395813  0.000000 interp 1.311252 1.312468 1.319244 1.340819 1.347618 1.357492 1.430621 1.453623
  21 5.462112  0.249975  0.374975  0.000000 interp 1.230466 1.279412 1.287971 1.301549 1.302104 1.310971 1.353465 1.410866
  22 5.737174  0.291637  0.354137  0.000000 interp 1.172735 1.218041 1.262016 1.265911 1.285386 1.295340 1.297666 1.345568
  23 6.012235  0.333300  0.333300  0.000000 interp 1.139576 1.142298 1.244260 1.247649 1.253720 1.263164 1.267622 1.270092
  24 6.287296  0.312469  0.312469  0.000000 interp 1.161888 1.177887 1.262022 1.266175 1.279645 1.287424 1.292916 1.302699
  25 6.562358  0.291637  0.291637  0.000000 interp 1.206062 1.229046 1.283347 1.289043 1.318052 1.324195 1.336271 1.352093
  26 6.837419  0.270806  0.270806  0.000000 interp 1.285363 1.300980 1.325810 1.328009 1.340724 1.348181 1.406424 1.430103
  27 7.112480  0.249975  0.249975  0.000000 interp 1.344344 1.351531 1.357234 1.359331 1.387798 1.401919 1.473864 1.479435
  28 7.387541  0.229144  0.229144  0.000000 interp 1.363513 1.370224 1.376227 1.379742 1.385617 1.406392 1.433738 1.435964
  29 7.662603  0.208312  0.208312  0.000000 interp 1.326114 1.351055 1.365793 1.371781 1.382011 1.390476 1.445926 1.453128
  30 7.937664  0.187481  0.187481  0.000000 interp 1.257514 1.300184 1.325341 1.348018 1.351915 1.363086 1.381836 1.387830
  31 8.212725  0.166650  0.166650  0.000000 interp 1.219213 1.272114 1.337235 1.339428 1.343188 1.372420 1.380133 1.399385
  32 8.487786  0.145819  0.145819  0.000000 interp 1.242727 1.301886 1.320491 1.354776 1.356676 1.365527 1.390899 1.393450
  33 8.762848  0.124988  0.124988  0.000000 interp 1.314826 1.357890 1.380995 1.384004 1.404156 1.416674 1.431631 1.474469
  34 9.037909  0.104156  0.104156  0.000000 interp 1.368589 1.387049 1.397061 1.420382 1.430458 1.447978 1.452184 1.478970
  35 9.312970  0.083325  0.083325  0.000000 interp 1.370877 1.381190 1.396406 1.420466 1.482451 1.482868 1.485697 1.485982
  36 9.588031  0.062494  0.062494  0.000000 interp 1.289647 1.312876 1.323429 1.345063 1.411755 1.431524 1.435908 1.440965
  37 9.863093  0.041662  0.041662  0.000000 interp 1.213027 1.230053 1.255219 1.282049 1.335665 1.354816 1.378537 1.395439
  38 10.138154  0.020831  0.020831  0.000000 interp 1.167783 1.176897 1.177839 1.183090 1.292504 1.305964 1.307100 1.307477
  39 10.413215  0.000000  0.000000  0.000000 interp 1.142567 1.142631 1.145173 1.145918 1.271557 1.271568 1.272409 1.272664
