# Generated by LORRAX 0.1.0 at 2026-05-17 23:17:53 UTC
  0.000000000  0.000000000  0.000000000     150
       1       1  -76.725135401 -746.628400398
       1       2  -76.725135401 -746.628400396
       1       3  -76.724899131 -746.630759648
       1       4  -76.724899131 -746.630759644
       1       5  -48.778595013 -710.916276819
       1       6  -48.778595013 -710.916276826
       1       7  -48.777075076 -710.931663180
       1       8  -48.777075076 -710.931663183
       1       9  -47.753294757 -710.041720040
       1      10  -47.753294757 -710.041720040
       1      11  -47.750089601 -710.091166661
       1      12  -47.750089601 -710.091166662
       1      13  -47.748449343 -707.539685970
       1      14  -47.748449343 -707.539685970
       1      15  -47.748116407 -707.548259210
       1      16  -47.748116407 -707.548259209
       1      17  -18.442631130 -444.106088326
       1      18  -18.442631130 -444.106088328
       1      19  -17.724345860 -427.158259071
       1      20  -17.724345860 -427.158259067
       1      21  -17.417588275 -436.335604583
       1      22  -17.417588275 -436.335604583
       1      23  -17.415499037 -436.314575037
       1      24  -17.415499037 -436.314575033
       1      25  -17.326061538 -433.252399444
       1      26  -17.326061538 -433.252399453
       1      27  -17.325382839 -433.238053118
       1      28  -17.325382839 -433.238053121
       1      29   -9.962131075 -456.177844940
       1      30   -9.962131075 -456.177844926
       1      31   -9.546506827 -423.518390262
       1      32   -9.546506827 -423.518390292
       1      33   -9.216424170 -436.967732112
       1      34   -9.216424170 -436.967732063
       1      35   -9.156173972 -443.834671308
       1      36   -9.156173972 -443.834671277
       1      37   -8.997457847 -430.623328284
       1      38   -8.997457847 -430.623328279
       1      39   -8.633983424 -449.472018292
       1      40   -8.633983424 -449.472018290
       1      41   -8.599558602 -436.891755242
       1      42   -8.599558602 -436.891755236
       1      43   -8.102992141 -437.278461714
       1      44   -8.102992141 -437.278461716
       1      45   -7.817397602 -476.466059091
       1      46   -7.817397602 -476.466059093
       1      47   -7.753863199 -478.750321118
       1      48   -7.753863199 -478.750321124
       1      49   -7.706161714 -430.553214627
       1      50   -7.706161714 -430.553214617
       1      51   -7.491666069 -447.696926212
       1      52   -7.491666069 -447.696926192
       1      53   -7.248725916 -415.934597651
       1      54   -7.248725916 -415.934597633
       1      55   -7.033074318 -404.342688280
       1      56   -7.033074318 -404.342688270
       1      57   -6.545039619 -414.021509321
       1      58   -6.545039619 -414.021509349
       1      59   -6.362494350 -439.474814263
       1      60   -6.362494350 -439.474814317
       1      61   -5.933064053 -411.591161104
       1      62   -5.933064053 -411.591161133
       1      63   -5.465389921 -446.235363164
       1      64   -5.465389921 -446.235363141
       1      65   -5.119623318 -616.457647076
       1      66   -5.119623318 -616.457646999
       1      67   -5.034841903 -596.614709052
       1      68   -5.034841903 -596.614709109
       1      69   -5.030535434 -594.633581079
       1      70   -5.030535434 -594.633581023
       1      71   -4.926684039 -586.063060019
       1      72   -4.926684039 -586.063059982
       1      73   -4.768529142 -580.266753993
       1      74   -4.768529142 -580.266754062
       1      75   -4.740411140 -596.983354251
       1      76   -4.740411140 -596.983354330
       1      77   -3.711506758 -561.217353433
       1      78   -3.711506758 -561.217353409
       1      79   -3.665943944 -556.311613011
       1      80   -3.665943944 -556.311612911
       1      81   -3.490123906 -547.035754528
       1      82   -3.490123906 -547.035754556
       1      83   -3.228043398 -531.852624649
       1      84   -3.228043398 -531.852624651
       1      85   -0.842379368 -209.658907797
       1      86   -0.842379368 -209.658907813
       1      87   -0.370984778 -398.879186821
       1      88   -0.370984778 -398.879186737
       1      89   -0.006286193 -294.103869902
       1      90   -0.006286193 -294.103869952
       1      91    0.084590284 -186.291887150
       1      92    0.084590284 -186.291887157
       1      93    0.830398700 -328.337443212
       1      94    0.830398700 -328.337443088
       1      95    1.200861182 -275.133227539
       1      96    1.200861182 -275.133227576
       1      97    1.264713213 -353.844719328
       1      98    1.264713213 -353.844719360
       1      99    1.269372066 -353.596946084
       1     100    1.269372066 -353.596946135
       1     101    1.307708989 -325.477754207
       1     102    1.307708989 -325.477754259
       1     103    1.309213878 -324.183526736
       1     104    1.309213878 -324.183526721
       1     105    2.203352693 -231.286672753
       1     106    2.203352693 -231.286672736
       1     107    2.619968417 -220.029253827
       1     108    2.619968417 -220.029253766
       1     109    2.641538443 -404.722471582
       1     110    2.641538443 -404.722471926
       1     111    2.660741796 -403.810339118
       1     112    2.660741796 -403.810339061
       1     113    2.784204767 -357.483780497
       1     114    2.784204767 -357.483780442
       1     115    2.944108954 -252.072358864
       1     116    2.944108954 -252.072358686
       1     117    3.098870172 -232.596961786
       1     118    3.098870172 -232.596962242
       1     119    3.255175545 -223.558230820
       1     120    3.255175545 -223.558231211
       1     121    3.374609434 -242.989055773
       1     122    3.374609434 -242.989055429
       1     123    3.427777904 -241.594523707
       1     124    3.427777904 -241.594523174
       1     125    3.934153214 -180.122597580
       1     126    3.934153214 -180.122597788
       1     127    4.004821215 -342.187877267
       1     128    4.004821215 -342.187876796
       1     129    4.010074153 -111.135327221
       1     130    4.010074153 -111.135329049
       1     131    4.051568029 -344.552061535
       1     132    4.051568029 -344.552060160
       1     133    4.251319513 -319.390400976
       1     134    4.251319513 -319.390401798
       1     135    4.294866411 -414.123772791
       1     136    4.294866411 -414.123772927
       1     137    4.392115092 -194.094031993
       1     138    4.392115092 -194.094030915
       1     139    4.486167172 -276.126219833
       1     140    4.486167172 -276.126219179
       1     141    4.497400052 -221.408925199
       1     142    4.497400052 -221.408925540
       1     143    4.575853473 -293.377697798
       1     144    4.575853473 -293.377697675
       1     145    5.121059845 -136.212616176
       1     146    5.121059845 -136.212601371
       1     147    5.211840840 -173.542510351
       1     148    5.211840840 -173.542511928
       1     149    5.243144047 -122.677184975
       1     150    5.243144047 -122.677168972
  0.000000000  0.166666667  0.000000000     150
       1       1  -76.725120730 -746.628686539
       1       2  -76.725120730 -746.628686540
       1       3  -76.724913074 -746.630768851
       1       4  -76.724913074 -746.630768851
       1       5  -48.778505388 -710.917195671
       1       6  -48.778505388 -710.917195682
       1       7  -48.777164307 -710.930792672
       1       8  -48.777164307 -710.930792682
       1       9  -47.753134348 -710.029203133
       1      10  -47.753134328 -710.029213142
       1      11  -47.750352846 -709.991185796
       1      12  -47.750352796 -709.991245031
       1      13  -47.748356938 -707.634334258
       1      14  -47.748356888 -707.634392570
       1      15  -47.748105602 -707.566100528
       1      16  -47.748105581 -707.566109640
       1      17  -18.385017292 -443.837970940
       1      18  -18.385017276 -443.837974613
       1      19  -17.691223853 -427.456583047
       1      20  -17.691223841 -427.456579587
       1      21  -17.495178326 -437.155214803
       1      22  -17.495178247 -437.155222354
       1      23  -17.448080222 -436.236384463
       1      24  -17.448080118 -436.236386236
       1      25  -17.332344518 -432.954888674
       1      26  -17.332344146 -432.954949305
       1      27  -17.331205958 -432.925231024
       1      28  -17.331205614 -432.925287633
       1      29   -9.968185120 -452.755840443
       1      30   -9.968184354 -452.755875400
       1      31   -9.535871356 -427.177831501
       1      32   -9.535871024 -427.177837331
       1      33   -9.194614788 -435.950075644
       1      34   -9.194607736 -435.950237485
       1      35   -9.173989538 -437.020606016
       1      36   -9.173979663 -437.021112970
       1      37   -9.046748715 -433.616719363
       1      38   -9.046745001 -433.616937348
       1      39   -8.634965997 -442.771080512
       1      40   -8.634959724 -442.770871581
       1      41   -8.295166349 -451.327013129
       1      42   -8.295158792 -451.326865439
       1      43   -8.040816496 -466.035772370
       1      44   -8.040815754 -466.035811703
       1      45   -7.833773686 -467.024568146
       1      46   -7.833770828 -467.025370766
       1      47   -7.744114360 -451.438101228
       1      48   -7.744112766 -451.438451311
       1      49   -7.647825363 -436.937169854
       1      50   -7.647820825 -436.937787894
       1      51   -7.431702625 -438.683859084
       1      52   -7.431699520 -438.684121673
       1      53   -7.233843513 -411.654450710
       1      54   -7.233840570 -411.654619232
       1      55   -7.013154575 -427.059078490
       1      56   -7.013152644 -427.059264436
       1      57   -6.615804258 -418.881912148
       1      58   -6.615802661 -418.882094231
       1      59   -6.446393772 -435.308773486
       1      60   -6.446392436 -435.308679500
       1      61   -6.136184070 -416.206493818
       1      62   -6.136178519 -416.206424508
       1      63   -5.770279773 -446.614103918
       1      64   -5.770278949 -446.614031386
       1      65   -5.120284831 -605.814951828
       1      66   -5.120284446 -605.814932054
       1      67   -4.988070340 -594.482571030
       1      68   -4.988069760 -594.482613344
       1      69   -4.950751671 -594.551672568
       1      70   -4.950751251 -594.551563095
       1      71   -4.845315162 -591.195641842
       1      72   -4.845313472 -591.195604248
       1      73   -4.778781116 -584.807836389
       1      74   -4.778780145 -584.807605238
       1      75   -4.725072993 -577.293140742
       1      76   -4.725072024 -577.293109330
       1      77   -3.718883148 -557.038926766
       1      78   -3.718882834 -557.038958435
       1      79   -3.647919969 -553.056932794
       1      80   -3.647919727 -553.056974464
       1      81   -3.545309010 -549.772183223
       1      82   -3.545308275 -549.772118198
       1      83   -3.349854523 -537.433031440
       1      84   -3.349854237 -537.433030865
       1      85   -0.588109131 -188.244255836
       1      86   -0.588105991 -188.244721426
       1      87   -0.346467813 -396.751919129
       1      88   -0.346467531 -396.751946276
       1      89    0.130194345  -72.500879506
       1      90    0.130197754  -72.501084426
       1      91    0.448253396 -410.676284920
       1      92    0.448255230 -410.677513903
       1      93    0.573635555 -354.721360732
       1      94    0.573636552 -354.722404888
       1      95    0.830322299 -303.377642675
       1      96    0.830323054 -303.377608787
       1      97    1.194561993 -320.336177148
       1      98    1.194563048 -320.336236197
       1      99    1.396485848 -297.544845710
       1     100    1.396486812 -297.545043745
       1     101    1.461828851 -337.992829168
       1     102    1.461830111 -337.992661829
       1     103    1.685119660 -333.232252739
       1     104    1.685120011 -333.232414979
       1     105    2.081877909 -383.322397694
       1     106    2.081879299 -383.322329141
       1     107    2.316697646 -312.152236520
       1     108    2.316699484 -312.151987454
       1     109    2.486360478 -252.092666619
       1     110    2.486364112 -252.099632273
       1     111    2.516525923 -329.450983852
       1     112    2.516537875 -329.446800331
       1     113    2.591038678 -298.370607210
       1     114    2.591049241 -298.376771236
       1     115    2.762325131 -321.051987894
       1     116    2.762337201 -321.053549213
       1     117    2.803119877 -326.583642709
       1     118    2.803131018 -326.585278552
       1     119    3.103368405 -331.942655886
       1     120    3.103369830 -331.942655948
       1     121    3.158748207 -273.666851498
       1     122    3.158750762 -273.667453591
       1     123    3.313005581 -267.695885145
       1     124    3.313007144 -267.699234228
       1     125    3.372490044 -186.517527079
       1     126    3.372490645 -186.512764371
       1     127    3.734331653 -246.658556710
       1     128    3.734333875 -246.658777516
       1     129    3.868442973 -171.317561596
       1     130    3.868447072 -171.316782785
       1     131    3.990555485 -234.374745416
       1     132    3.990558063 -234.374110970
       1     133    4.092402919 -252.747213722
       1     134    4.092404171 -252.756561670
       1     135    4.106893804 -264.641291543
       1     136    4.106895186 -264.638447048
       1     137    4.394359072 -229.023251710
       1     138    4.394359813 -229.022756335
       1     139    4.529790267 -262.757566247
       1     140    4.529791574 -262.757313661
       1     141    4.739433944 -271.399113263
       1     142    4.739436328 -271.398880954
       1     143    4.838680612 -237.080624313
       1     144    4.838681950 -237.080810309
       1     145    5.022924691 -162.659892400
       1     146    5.022925531 -162.660298186
       1     147    5.103211134 -199.219344129
       1     148    5.103211672 -199.219115300
       1     149    5.337942531 -212.041656817
       1     150    5.337943379 -212.039969040
  0.000000000  0.333333333  0.000000000     150
       1       1  -76.725087105 -746.629156103
       1       2  -76.725087105 -746.629156104
       1       3  -76.724948813 -746.630634638
       1       4  -76.724948813 -746.630634638
       1       5  -48.778273924 -710.919511178
       1       6  -48.778273923 -710.919511193
       1       7  -48.777397328 -710.928449760
       1       8  -48.777397328 -710.928449774
       1       9  -47.752713390 -709.995809540
       1      10  -47.752713358 -709.995826989
       1      11  -47.750932935 -709.922493708
       1      12  -47.750932879 -709.922539879
       1      13  -47.748233589 -707.662279141
       1      14  -47.748233543 -707.662294834
       1      15  -47.748071565 -707.640226624
       1      16  -47.748071542 -707.640213694
       1      17  -18.226984761 -443.104428221
       1      18  -18.226984734 -443.104435055
       1      19  -17.687447571 -438.782356479
       1      20  -17.687447526 -438.782365385
       1      21  -17.602841879 -428.323820398
       1      22  -17.602841869 -428.323813313
       1      23  -17.497002079 -436.297020575
       1      24  -17.497002020 -436.297020869
       1      25  -17.378900647 -431.510936183
       1      26  -17.378900613 -431.510938156
       1      27  -17.353444918 -432.837917055
       1      28  -17.353444854 -432.837916519
       1      29   -9.970653388 -447.715408452
       1      30   -9.970652817 -447.715426397
       1      31   -9.465737510 -432.608643360
       1      32   -9.465736467 -432.608669185
       1      33   -9.259375643 -429.475850748
       1      34   -9.259374363 -429.475806565
       1      35   -9.093671924 -439.095552367
       1      36   -9.093662997 -439.095607154
       1      37   -8.953385183 -433.433931498
       1      38   -8.953378959 -433.433791646
       1      39   -8.416953811 -447.047542412
       1      40   -8.416952946 -447.047220174
       1      41   -8.267554107 -457.036868712
       1      42   -8.267550745 -457.036888164
       1      43   -7.953644312 -459.409708147
       1      44   -7.953640989 -459.408949436
       1      45   -7.892706239 -474.414830433
       1      46   -7.892702149 -474.415914539
       1      47   -7.653070650 -451.233660045
       1      48   -7.653067455 -451.234133936
       1      49   -7.530913964 -422.597836833
       1      50   -7.530911419 -422.598677257
       1      51   -7.412906638 -437.638550925
       1      52   -7.412903019 -437.639131291
       1      53   -7.134321253 -434.567556524
       1      54   -7.134313104 -434.567703821
       1      55   -7.014742444 -437.574574709
       1      56   -7.014733122 -437.575401748
       1      57   -6.798900831 -426.090065484
       1      58   -6.798899476 -426.090309952
       1      59   -6.607013688 -426.069128288
       1      60   -6.607012445 -426.069080553
       1      61   -6.327455789 -412.473126063
       1      62   -6.327451068 -412.473279179
       1      63   -5.967478666 -421.689808143
       1      64   -5.967477539 -421.689834727
       1      65   -5.166115275 -602.992878959
       1      66   -5.166115033 -602.992839874
       1      67   -5.011910812 -580.022448261
       1      68   -5.011910403 -580.022355182
       1      69   -4.929625450 -602.539637037
       1      70   -4.929625187 -602.539602852
       1      71   -4.818110212 -600.050545048
       1      72   -4.818109848 -600.050432743
       1      73   -4.764971570 -586.683235627
       1      74   -4.764969819 -586.683072433
       1      75   -4.662534557 -572.568207886
       1      76   -4.662533885 -572.568231497
       1      77   -3.722287840 -552.804882255
       1      78   -3.722287326 -552.804887970
       1      79   -3.616020316 -543.051333854
       1      80   -3.616019675 -543.050904113
       1      81   -3.582365586 -554.515783263
       1      82   -3.582364583 -554.515305366
       1      83   -3.471399685 -548.104966253
       1      84   -3.471398812 -548.104873958
       1      85   -0.554286126 -396.304805771
       1      86   -0.554285988 -396.304836688
       1      87   -0.061204037 -155.935864680
       1      88   -0.061196637 -155.936761639
       1      89    0.283131560 -126.332277496
       1      90    0.283139097 -126.332596505
       1      91    0.440737423 -368.995621201
       1      92    0.440741947 -369.008376491
       1      93    0.471245671 -282.044130631
       1      94    0.471249638 -282.056315633
       1      95    0.689509154 -308.081215924
       1      96    0.689509913 -308.080836547
       1      97    1.187763156 -351.366680506
       1      98    1.187765708 -351.367692540
       1      99    1.239307246 -314.058881196
       1     100    1.239309282 -314.060431816
       1     101    1.346369229 -363.206397952
       1     102    1.346369741 -363.205972421
       1     103    1.556064953 -340.962279205
       1     104    1.556065726 -340.962906430
       1     105    1.782644318 -329.830055479
       1     106    1.782644865 -329.830672804
       1     107    2.076540712 -292.182984977
       1     108    2.076541747 -292.182155221
       1     109    2.166845556 -374.428025008
       1     110    2.166847343 -374.427117775
       1     111    2.323976055 -313.688970756
       1     112    2.323977257 -313.690273625
       1     113    2.378513883 -365.481548510
       1     114    2.378515287 -365.481488930
       1     115    2.608949123 -300.635614434
       1     116    2.608949943 -300.635928063
       1     117    2.827795525 -227.094424377
       1     118    2.827805397 -227.101263335
       1     119    2.840235491 -212.643717174
       1     120    2.840244854 -212.648858288
       1     121    3.219935182 -345.138479018
       1     122    3.219937695 -345.144548931
       1     123    3.251837493 -228.998957507
       1     124    3.251839171 -229.005737555
       1     125    3.291716048 -230.178494559
       1     126    3.291716732 -230.176455297
       1     127    3.394943491 -317.701195129
       1     128    3.394945260 -317.703979550
       1     129    3.500883212 -353.691122289
       1     130    3.500884508 -353.691842279
       1     131    3.943281677 -180.448514945
       1     132    3.943283792 -180.449242684
       1     133    3.993187656 -218.223626098
       1     134    3.993188892 -218.223888484
       1     135    4.065950173 -314.035175702
       1     136    4.065952267 -314.036630186
       1     137    4.155919708 -207.024908331
       1     138    4.155919767 -207.024476821
       1     139    4.442452290 -173.388120332
       1     140    4.442453278 -173.387576805
       1     141    4.589867202 -300.092240960
       1     142    4.589869912 -300.092756127
       1     143    4.837891657 -273.829182929
       1     144    4.837895208 -273.830457426
       1     145    5.386876134 -124.699892647
       1     146    5.386877790 -124.699487573
       1     147    5.556320801 -178.778192233
       1     148    5.556321812 -178.777147218
       1     149    5.691920575  -90.343805558
       1     150    5.691922219  -90.342266742
  0.000000000 -0.500000000  0.000000000     150
       1       1  -76.725053336 -746.629492528
       1       2  -76.725053336 -746.629492528
       1       3  -76.724973833 -746.630407686
       1       4  -76.724973833 -746.630407686
       1       5  -48.778085896 -710.921392191
       1       6  -48.778085896 -710.921392191
       1       7  -48.777579524 -710.926600492
       1       8  -48.777579524 -710.926600494
       1       9  -47.752367074 -709.967147593
       1      10  -47.752367074 -709.967147591
       1      11  -47.751341081 -709.926459618
       1      12  -47.751341081 -709.926459619
       1      13  -47.748195324 -707.633568872
       1      14  -47.748195324 -707.633568873
       1      15  -47.748042314 -707.693712509
       1      16  -47.748042314 -707.693712486
       1      17  -18.071028183 -442.642421446
       1      18  -18.071028183 -442.642421447
       1      19  -17.859050832 -439.690366102
       1      20  -17.859050832 -439.690366102
       1      21  -17.517992350 -436.289439749
       1      22  -17.517992350 -436.289439750
       1      23  -17.514384606 -429.216074994
       1      24  -17.514384606 -429.216074993
       1      25  -17.451073443 -430.395436044
       1      26  -17.451073443 -430.395436044
       1      27  -17.365090206 -432.751744769
       1      28  -17.365090206 -432.751744769
       1      29   -9.984580994 -445.915638664
       1      30   -9.984580994 -445.915638664
       1      31   -9.382961962 -433.128688708
       1      32   -9.382961962 -433.128688711
       1      33   -9.289059226 -428.265192778
       1      34   -9.289059226 -428.265192782
       1      35   -8.900126936 -432.698738616
       1      36   -8.900126936 -432.698738604
       1      37   -8.888840570 -450.758751637
       1      38   -8.888840570 -450.758751645
       1      39   -8.482219559 -438.323701194
       1      40   -8.482219559 -438.323701197
       1      41   -8.266142517 -450.933609957
       1      42   -8.266142517 -450.933609943
       1      43   -8.043016753 -446.644285367
       1      44   -8.043016753 -446.644285361
       1      45   -7.805360982 -468.753787039
       1      46   -7.805360982 -468.753787035
       1      47   -7.799650268 -455.569228198
       1      48   -7.799650268 -455.569228194
       1      49   -7.458412368 -461.658905298
       1      50   -7.458412368 -461.658905292
       1      51   -7.431095152 -423.732647326
       1      52   -7.431095152 -423.732647330
       1      53   -7.228175323 -457.199275240
       1      54   -7.228175323 -457.199275250
       1      55   -6.862855442 -411.951269539
       1      56   -6.862855442 -411.951269561
       1      57   -6.784022025 -430.295536306
       1      58   -6.784022025 -430.295536311
       1      59   -6.596461909 -420.369819203
       1      60   -6.596461909 -420.369819202
       1      61   -6.385200961 -410.316142998
       1      62   -6.385200961 -410.316143001
       1      63   -5.975178921 -417.223126305
       1      64   -5.975178921 -417.223126287
       1      65   -5.215979739 -606.036123640
       1      66   -5.215979739 -606.036123662
       1      67   -5.073246834 -572.223750197
       1      68   -5.073246834 -572.223750206
       1      69   -4.946900412 -603.601352797
       1      70   -4.946900412 -603.601352816
       1      71   -4.815089968 -602.478963069
       1      72   -4.815089968 -602.478963045
       1      73   -4.745165593 -587.667370292
       1      74   -4.745165593 -587.667370298
       1      75   -4.644018115 -575.756182463
       1      76   -4.644018115 -575.756182467
       1      77   -3.701751056 -544.472672124
       1      78   -3.701751056 -544.472672137
       1      79   -3.617031595 -562.964357944
       1      80   -3.617031595 -562.964357985
       1      81   -3.603520905 -546.780541174
       1      82   -3.603520905 -546.780541190
       1      83   -3.439719195 -544.313814031
       1      84   -3.439719195 -544.313813980
       1      85   -0.798924711 -401.868407765
       1      86   -0.798924711 -401.868407790
       1      87    0.184501626 -337.863175536
       1      88    0.184501626 -337.863175586
       1      89    0.320833143 -206.585405579
       1      90    0.320833143 -206.585405578
       1      91    0.515075106 -257.824812015
       1      92    0.515075106 -257.824812028
       1      93    0.515233368 -143.532186182
       1      94    0.515233368 -143.532186172
       1      95    0.582468183 -243.638960583
       1      96    0.582468183 -243.638960566
       1      97    0.663046106 -267.224608542
       1      98    0.663046106 -267.224608488
       1      99    1.040347242 -377.333002194
       1     100    1.040347242 -377.333002083
       1     101    1.109036531 -290.505526394
       1     102    1.109036531 -290.505526313
       1     103    1.585998813 -383.518932879
       1     104    1.585998813 -383.518932900
       1     105    1.773911657 -400.571098221
       1     106    1.773911657 -400.571098153
       1     107    1.950266972 -389.634272301
       1     108    1.950266972 -389.634271896
       1     109    2.502996128 -350.122393804
       1     110    2.502996128 -350.122393833
       1     111    2.561202465 -377.377704671
       1     112    2.561202465 -377.377704584
       1     113    2.615940997 -256.960647235
       1     114    2.615940997 -256.960647473
       1     115    2.652690237 -345.265677872
       1     116    2.652690237 -345.265677626
       1     117    2.709996551 -211.812747239
       1     118    2.709996551 -211.812747155
       1     119    2.712208061 -124.282610160
       1     120    2.712208061 -124.282610332
       1     121    2.803472118 -356.838023768
       1     122    2.803472118 -356.838023934
       1     123    3.038431678 -290.867882067
       1     124    3.038431678 -290.867881729
       1     125    3.050818837 -238.742312582
       1     126    3.050818837 -238.742312403
       1     127    3.291473599 -304.509154261
       1     128    3.291473599 -304.509154444
       1     129    3.307914957 -365.508709360
       1     130    3.307914957 -365.508709340
       1     131    3.754147604 -229.712644984
       1     132    3.754147604 -229.712645321
       1     133    3.807550748 -224.049230135
       1     134    3.807550748 -224.049230830
       1     135    4.205660842 -127.539640445
       1     136    4.205660842 -127.539640251
       1     137    4.394739417 -322.557552038
       1     138    4.394739417 -322.557549218
       1     139    4.815234593 -284.227359091
       1     140    4.815234593 -284.227359003
       1     141    5.046372434  -98.365116623
       1     142    5.046372434  -98.365111262
       1     143    5.128889421 -105.202107418
       1     144    5.128889421 -105.202107523
       1     145    5.328722953 -277.712731920
       1     146    5.328722953 -277.712731975
       1     147    5.851018291  -78.838488376
       1     148    5.851018291  -78.838488640
       1     149    5.903422330  -88.875150250
       1     150    5.903422330  -88.875148184
  0.166666667  0.166666667  0.000000000     150
       1       1  -76.725095559 -746.628986156
       1       2  -76.725095559 -746.628986154
       1       3  -76.724936413 -746.630680449
       1       4  -76.724936413 -746.630680444
       1       5  -48.778340565 -710.918840105
       1       6  -48.778340563 -710.918840128
       1       7  -48.777328051 -710.929133642
       1       8  -48.777328050 -710.929133661
       1       9  -47.752838208 -710.004866334
       1      10  -47.752838134 -710.004894493
       1      11  -47.750769497 -709.934582328
       1      12  -47.750769272 -709.934827584
       1      13  -47.748274706 -707.641224466
       1      14  -47.748273405 -707.642189955
       1      15  -47.748067680 -707.639200554
       1      16  -47.748066530 -707.639949197
       1      17  -18.276488234 -443.341784146
       1      18  -18.276488209 -443.341790331
       1      19  -17.631651469 -428.560293088
       1      20  -17.631651451 -428.560287918
       1      21  -17.608508827 -437.753616967
       1      22  -17.608508788 -437.753630413
       1      23  -17.511783792 -436.421319252
       1      24  -17.511783783 -436.421312596
       1      25  -17.358915699 -431.972012119
       1      26  -17.358915691 -431.972023152
       1      27  -17.343584641 -432.739151907
       1      28  -17.343584613 -432.739142725
       1      29   -9.925816283 -449.365476018
       1      30   -9.925815163 -449.365532170
       1      31   -9.530270245 -432.802591602
       1      32   -9.530269745 -432.802573646
       1      33   -9.225268947 -433.776484479
       1      34   -9.225267791 -433.776444211
       1      35   -9.154623250 -433.354836161
       1      36   -9.154621877 -433.354931006
       1      37   -9.013512468 -433.126964213
       1      38   -9.013506475 -433.126989126
       1      39   -8.453659916 -445.148987115
       1      40   -8.453657219 -445.148875129
       1      41   -8.215107639 -463.978119606
       1      42   -8.215106010 -463.978391082
       1      43   -8.014620385 -462.682920292
       1      44   -8.014615066 -462.682676371
       1      45   -7.850651101 -467.949640928
       1      46   -7.850649513 -467.949799775
       1      47   -7.726308989 -439.019512536
       1      48   -7.726308226 -439.019436543
       1      49   -7.477071117 -439.430657282
       1      50   -7.477070209 -439.430321561
       1      51   -7.362940892 -431.006363327
       1      52   -7.362939514 -431.007279743
       1      53   -7.248475784 -431.178288790
       1      54   -7.248473114 -431.178601809
       1      55   -7.043576841 -430.224269964
       1      56   -7.043570456 -430.224538705
       1      57   -6.695133216 -423.329958866
       1      58   -6.695131903 -423.329944296
       1      59   -6.514094498 -431.925201567
       1      60   -6.514093099 -431.925380843
       1      61   -6.315946691 -413.789606278
       1      62   -6.315938746 -413.789873566
       1      63   -6.022074160 -442.019787329
       1      64   -6.022072372 -442.019941416
       1      65   -5.071539543 -594.808340684
       1      66   -5.071538958 -594.808385799
       1      67   -5.042111210 -586.184451316
       1      68   -5.042110498 -586.184381650
       1      69   -4.901958189 -599.904326618
       1      70   -4.901957238 -599.904377087
       1      71   -4.836328818 -591.225114625
       1      72   -4.836328407 -591.225239584
       1      73   -4.763132701 -585.403257343
       1      74   -4.763131075 -585.402943573
       1      75   -4.690884527 -575.607498921
       1      76   -4.690883981 -575.607543173
       1      77   -3.752143711 -551.567384173
       1      78   -3.752143094 -551.567299778
       1      79   -3.608388105 -553.648282943
       1      80   -3.608386769 -553.648286038
       1      81   -3.581581762 -551.337375717
       1      82   -3.581580366 -551.337286372
       1      83   -3.420111569 -541.977054529
       1      84   -3.420111033 -541.977012617
       1      85   -0.391179264 -392.633211738
       1      86   -0.391179056 -392.633246067
       1      87   -0.233545711 -172.218205493
       1      88   -0.233540245 -172.218999218
       1      89    0.099913477 -325.038790099
       1      90    0.099915675 -325.041482296
       1      91    0.278440683 -130.780911828
       1      92    0.278444388 -130.779122596
       1      93    0.636748240 -350.918430445
       1      94    0.636748263 -350.918369260
       1      95    0.817000769 -292.383231905
       1      96    0.817001013 -292.383431141
       1      97    1.145344987 -383.366666271
       1      98    1.145345541 -383.366810077
       1      99    1.413155792 -302.324222276
       1     100    1.413156258 -302.324325113
       1     101    1.499766157 -284.788365539
       1     102    1.499766707 -284.787962034
       1     103    1.728554816 -379.925959926
       1     104    1.728555233 -379.925515385
       1     105    1.838645102 -354.929815207
       1     106    1.838645485 -354.930246952
       1     107    1.853154806 -335.940535473
       1     108    1.853155393 -335.939284554
       1     109    2.107973044 -332.184467944
       1     110    2.107973898 -332.183547483
       1     111    2.127370833 -339.863245654
       1     112    2.127371140 -339.862807544
       1     113    2.459804061 -234.521380252
       1     114    2.459804165 -234.521430216
       1     115    2.524056757 -244.165260439
       1     116    2.524057264 -244.165542059
       1     117    2.671403069 -299.674704560
       1     118    2.671403481 -299.674929688
       1     119    2.877315768 -318.821580122
       1     120    2.877316387 -318.821292554
       1     121    3.173539570 -292.265850259
       1     122    3.173541206 -292.266425202
       1     123    3.493889268 -163.266238926
       1     124    3.493889622 -163.266247756
       1     125    3.638174814 -237.283087058
       1     126    3.638174909 -237.282539743
       1     127    3.682173682 -288.654605924
       1     128    3.682174552 -288.655937483
       1     129    3.784531994 -290.770718535
       1     130    3.784533481 -290.769425656
       1     131    3.813280058 -261.951345664
       1     132    3.813282403 -261.950725482
       1     133    3.947305677 -278.420036073
       1     134    3.947306065 -278.420541828
       1     135    4.103618398 -265.508402971
       1     136    4.103619273 -265.508242362
       1     137    4.333570633 -210.215335433
       1     138    4.333571562 -210.215457242
       1     139    4.564047026 -132.695793170
       1     140    4.564048134 -132.694166973
       1     141    4.599676064 -341.275710547
       1     142    4.599676677 -341.274171753
       1     143    5.177607630 -226.376382259
       1     144    5.177608959 -226.377171917
       1     145    5.231966068 -258.776762129
       1     146    5.231966778 -258.776957646
       1     147    5.425175807 -273.822676404
       1     148    5.425176814 -273.822940510
       1     149    5.466589457 -222.894103879
       1     150    5.466589786 -222.893452807
  0.166666667  0.333333333  0.000000000     150
       1       1  -76.725055884 -746.629446669
       1       2  -76.725055884 -746.629446665
       1       3  -76.724974951 -746.630293917
       1       4  -76.724974951 -746.630293916
       1       5  -48.778086783 -710.921403917
       1       6  -48.778086778 -710.921404013
       1       7  -48.777581235 -710.926583195
       1       8  -48.777581230 -710.926583282
       1       9  -47.752375413 -709.957813528
       1      10  -47.752375099 -709.957936958
       1      11  -47.751328280 -709.947271399
       1      12  -47.751327723 -709.947684521
       1      13  -47.748252700 -707.584133819
       1      14  -47.748250836 -707.584264591
       1      15  -47.747994164 -707.731405046
       1      16  -47.747992542 -707.731246064
       1      17  -18.093662469 -442.503143268
       1      18  -18.093662439 -442.503151061
       1      19  -17.798952532 -439.893833578
       1      20  -17.798952497 -439.893842957
       1      21  -17.568917152 -436.422573772
       1      22  -17.568917130 -436.422572305
       1      23  -17.533345219 -429.122202069
       1      24  -17.533345208 -429.122204522
       1      25  -17.419291490 -430.813828870
       1      26  -17.419291476 -430.813827166
       1      27  -17.365478485 -432.226743888
       1      28  -17.365478465 -432.226740045
       1      29   -9.857532375 -445.829371667
       1      30   -9.857531473 -445.829424581
       1      31   -9.454997600 -436.137044801
       1      32   -9.454996130 -436.137070192
       1      33   -9.230526047 -431.534899725
       1      34   -9.230523366 -431.534986620
       1      35   -9.062749997 -438.564330018
       1      36   -9.062742310 -438.564463623
       1      37   -8.897625462 -436.983401354
       1      38   -8.897617508 -436.983237020
       1      39   -8.525516456 -443.843086394
       1      40   -8.525515442 -443.842782682
       1      41   -8.317295387 -445.467282913
       1      42   -8.317292445 -445.467377923
       1      43   -8.053036093 -448.636341142
       1      44   -8.053032048 -448.636376193
       1      45   -7.856510982 -473.521575238
       1      46   -7.856509170 -473.521444138
       1      47   -7.703264920 -445.474688918
       1      48   -7.703263574 -445.474187829
       1      49   -7.539027540 -447.655871681
       1      50   -7.539025344 -447.655945325
       1      51   -7.286692239 -435.096754913
       1      52   -7.286689769 -435.096562584
       1      53   -7.099040054 -438.771380776
       1      54   -7.099038500 -438.771378508
       1      55   -6.895696081 -435.787143138
       1      56   -6.895690223 -435.787425786
       1      57   -6.780308382 -426.279822213
       1      58   -6.780306413 -426.279908304
       1      59   -6.560225606 -422.696772412
       1      60   -6.560223354 -422.697121027
       1      61   -6.361733167 -422.362914318
       1      62   -6.361729098 -422.363280949
       1      63   -6.138221618 -435.746658250
       1      64   -6.138218890 -435.746529509
       1      65   -5.127471239 -586.493363373
       1      66   -5.127470998 -586.493362170
       1      67   -5.030508890 -577.825719645
       1      68   -5.030508614 -577.825683703
       1      69   -4.942005281 -597.339039930
       1      70   -4.942004976 -597.339080052
       1      71   -4.849386677 -586.803401210
       1      72   -4.849385910 -586.803269623
       1      73   -4.740226582 -593.563805184
       1      74   -4.740225517 -593.563491228
       1      75   -4.669634104 -581.652991841
       1      76   -4.669633437 -581.652941657
       1      77   -3.712079713 -556.047121970
       1      78   -3.712079168 -556.047071517
       1      79   -3.597355321 -550.057220208
       1      80   -3.597354675 -550.057099683
       1      81   -3.538925309 -549.362444979
       1      82   -3.538924428 -549.362316803
       1      83   -3.440278372 -541.062696588
       1      84   -3.440277773 -541.062656850
       1      85   -0.659533361 -397.122459557
       1      86   -0.659533198 -397.122465158
       1      87   -0.137024845 -364.939083693
       1      88   -0.137024228 -364.939351730
       1      89    0.167443696 -197.444334970
       1      90    0.167448550 -197.445367997
       1      91    0.306694434 -306.048053529
       1      92    0.306696212 -306.049780244
       1      93    0.544233622 -188.591115623
       1      94    0.544236287 -188.592734426
       1      95    0.580514444 -324.516601423
       1      96    0.580517358 -324.514265670
       1      97    0.873179254 -240.520532573
       1      98    0.873180336 -240.522123247
       1      99    1.027386149 -272.067573016
       1     100    1.027386751 -272.067006329
       1     101    1.169733663 -374.492112483
       1     102    1.169734747 -374.491319107
       1     103    1.377671747 -266.695716258
       1     104    1.377672986 -266.695810368
       1     105    1.504801711 -324.168318044
       1     106    1.504802887 -324.168295698
       1     107    1.888937376 -322.377960071
       1     108    1.888938123 -322.378255189
       1     109    2.107263459 -281.761895944
       1     110    2.107264015 -281.761625480
       1     111    2.178680004 -321.467393251
       1     112    2.178680807 -321.467450264
       1     113    2.428208008 -274.155243942
       1     114    2.428208984 -274.155499716
       1     115    2.629432382 -314.066346714
       1     116    2.629432864 -314.066765918
       1     117    2.688966651 -250.790703193
       1     118    2.688967527 -250.790340796
       1     119    3.105668677 -179.782039682
       1     120    3.105669771 -179.782276067
       1     121    3.183795086 -348.584759211
       1     122    3.183797643 -348.585978593
       1     123    3.315628036 -325.697540450
       1     124    3.315629790 -325.699540646
       1     125    3.402305115 -297.911593068
       1     126    3.402306485 -297.911184935
       1     127    3.685272735 -304.175670412
       1     128    3.685275239 -304.175420137
       1     129    3.806076418 -339.884723844
       1     130    3.806079396 -339.883795742
       1     131    3.989442099 -212.657099671
       1     132    3.989444881 -212.655980859
       1     133    4.040003203 -311.542786816
       1     134    4.040004075 -311.540821061
       1     135    4.364777888 -243.471699941
       1     136    4.364781457 -243.472051651
       1     137    4.643678234 -176.528856152
       1     138    4.643682196 -176.529041315
       1     139    4.872509725 -174.921114394
       1     140    4.872511210 -174.921059181
       1     141    5.155219944 -329.911817428
       1     142    5.155220438 -329.911573232
       1     143    5.345426936 -247.839951989
       1     144    5.345429823 -247.842106017
       1     145    5.480819252 -128.929077209
       1     146    5.480821023 -128.929797530
       1     147    5.504626869 -132.542054689
       1     148    5.504629348 -132.540497188
       1     149    5.660144939 -124.345646537
       1     150    5.660145743 -124.345381525
  0.333333333  0.333333333  0.000000000     150
       1       1  -76.725017004 -746.629776841
       1       2  -76.725017003 -746.629776828
       1       3  -76.725014956 -746.629774913
       1       4  -76.725014955 -746.629774904
       1       5  -48.777836513 -710.923933191
       1       6  -48.777834592 -710.923988762
       1       7  -48.777834465 -710.923931322
       1       8  -48.777832544 -710.923986890
       1       9  -47.752035626 -709.842620311
       1      10  -47.752033948 -709.842221833
       1      11  -47.751692932 -710.066411867
       1      12  -47.751690910 -710.066409902
       1      13  -47.748285029 -707.543941350
       1      14  -47.748282954 -707.543939210
       1      15  -47.747939539 -707.768211795
       1      16  -47.747937807 -707.767813075
       1      17  -17.928582690 -441.473446725
       1      18  -17.928581906 -441.473462360
       1      19  -17.927373716 -441.473118911
       1      20  -17.927372933 -441.473133626
       1      21  -17.634054952 -436.282068860
       1      22  -17.634054951 -436.282068807
       1      23  -17.460797264 -430.146959428
       1      24  -17.460796829 -430.146975679
       1      25  -17.460672337 -430.149916595
       1      26  -17.460671900 -430.149932850
       1      27  -17.385482590 -431.512714883
       1      28  -17.385482589 -431.512714975
       1      29   -9.605655160 -442.682513343
       1      30   -9.605654789 -442.682522357
       1      31   -9.558513992 -440.840292589
       1      32   -9.558509620 -440.840454473
       1      33   -9.144664670 -442.168133342
       1      34   -9.144664613 -442.168158432
       1      35   -9.061317682 -433.304303258
       1      36   -9.061317536 -433.304289633
       1      37   -9.011514964 -440.279518967
       1      38   -9.011504791 -440.279806003
       1      39   -8.597646398 -430.255412684
       1      40   -8.597646196 -430.255400803
       1      41   -8.335062591 -449.405509797
       1      42   -8.335062441 -449.405500340
       1      43   -8.308688338 -442.008028786
       1      44   -8.308681191 -442.008159233
       1      45   -7.836544464 -463.844595827
       1      46   -7.836544004 -463.844617016
       1      47   -7.732458777 -455.671586370
       1      48   -7.732458022 -455.671575561
       1      49   -7.345565998 -435.511545899
       1      50   -7.345565935 -435.511557366
       1      51   -7.228707556 -433.398444145
       1      52   -7.228704984 -433.398454993
       1      53   -7.018550216 -442.637120363
       1      54   -7.018549964 -442.637089736
       1      55   -6.791935684 -428.544776903
       1      56   -6.791935479 -428.544771268
       1      57   -6.781153203 -442.554485877
       1      58   -6.781142351 -442.554709071
       1      59   -6.517125175 -430.103432062
       1      60   -6.517125039 -430.103437700
       1      61   -6.395592855 -438.237146732
       1      62   -6.395582426 -438.237295159
       1      63   -6.293786470 -439.254146620
       1      64   -6.293786296 -439.254201269
       1      65   -5.023434322 -563.799687369
       1      66   -5.023433571 -563.799434442
       1      67   -5.002893204 -603.806108570
       1      68   -5.002892119 -603.806259682
       1      69   -4.983026037 -574.198495020
       1      70   -4.983025423 -574.198178774
       1      71   -4.917308340 -573.940200375
       1      72   -4.917308113 -573.940696849
       1      73   -4.724824066 -595.987321135
       1      74   -4.724823762 -595.987294987
       1      75   -4.692328986 -593.349955833
       1      76   -4.692327617 -593.349638245
       1      77   -3.697310459 -562.796979977
       1      78   -3.697310133 -562.796988957
       1      79   -3.545078497 -547.837452788
       1      80   -3.545077450 -547.837480222
       1      81   -3.535503976 -546.245014213
       1      82   -3.535502751 -546.245032273
       1      83   -3.376235938 -537.468976244
       1      84   -3.376235670 -537.468974378
       1      85   -0.561588444 -394.551429091
       1      86   -0.561588086 -394.551374407
       1      87   -0.557211348 -393.712504114
       1      88   -0.557211152 -393.712482362
       1      89    0.032801801 -276.729784997
       1      90    0.032801815 -276.729788169
       1      91    0.328413304 -336.123400381
       1      92    0.328414907 -336.124131865
       1      93    0.340100605 -336.793677159
       1      94    0.340100777 -336.793671841
       1      95    0.730749362 -253.527136314
       1      96    0.730750043 -253.527080712
       1      97    0.735747040 -254.807263017
       1      98    0.735747943 -254.806791713
       1      99    0.910131679 -305.994192300
       1     100    0.910131704 -305.994145278
       1     101    1.122134958 -173.047532494
       1     102    1.122134973 -173.047531162
       1     103    1.278233550 -196.377077393
       1     104    1.278233703 -196.377152543
       1     105    1.278907232 -194.507004657
       1     106    1.278907410 -194.506811016
       1     107    1.494961909 -348.771643984
       1     108    1.494961942 -348.771636522
       1     109    2.068574706 -300.013699926
       1     110    2.068575682 -300.013821116
       1     111    2.071021614 -298.994789039
       1     112    2.071022124 -298.994840607
       1     113    2.532144196 -265.445206116
       1     114    2.532144251 -265.445191240
       1     115    2.670622005 -252.413402770
       1     116    2.670622248 -252.413486297
       1     117    2.682124538 -236.388976058
       1     118    2.682124845 -236.388794248
       1     119    2.809965548 -419.501382336
       1     120    2.809965617 -419.501279145
       1     121    3.142067411 -219.111725062
       1     122    3.142067453 -219.111742921
       1     123    3.736597707 -360.628475309
       1     124    3.736598078 -360.628595483
       1     125    3.763142476 -348.528617556
       1     126    3.763142590 -348.528685124
       1     127    4.164543734 -324.991639334
       1     128    4.164548529 -324.992217164
       1     129    4.198732659 -323.729460535
       1     130    4.198733080 -323.729554791
       1     131    4.258562833 -273.407274542
       1     132    4.258562989 -273.407358598
       1     133    4.692673707 -159.312627471
       1     134    4.692677692 -159.312346168
       1     135    4.714337644 -157.241386154
       1     136    4.714337892 -157.241332318
       1     137    4.786619837 -147.856581638
       1     138    4.786620032 -147.856592264
       1     139    5.199609005 -154.377263030
       1     140    5.199610660 -154.378262773
       1     141    5.209615808 -159.425740710
       1     142    5.209616174 -159.425845191
       1     143    5.339291277 -152.757205267
       1     144    5.339291327 -152.757228207
       1     145    5.751119040 -384.351237729
       1     146    5.751119145 -384.351655034
       1     147    5.850263098 -171.653541804
       1     148    5.850269135 -171.651684024
       1     149    5.871472391 -161.497661597
       1     150    5.871472706 -161.497453462
 -0.166666667  0.500000000  0.000000000     150
       1       1  -76.725055891 -746.629508339
       1       2  -76.725055891 -746.629508338
       1       3  -76.724974947 -746.630310780
       1       4  -76.724974947 -746.630310782
       1       5  -48.778086789 -710.921408920
       1       6  -48.778086783 -710.921409024
       1       7  -48.777581227 -710.926556568
       1       8  -48.777581222 -710.926556674
       1       9  -47.752375412 -709.957816010
       1      10  -47.752375107 -709.957935150
       1      11  -47.751328268 -709.947272148
       1      12  -47.751327724 -709.947677526
       1      13  -47.748252700 -707.584128108
       1      14  -47.748250841 -707.584263054
       1      15  -47.747994161 -707.731376648
       1      16  -47.747992541 -707.731225244
       1      17  -18.093664226 -442.454129297
       1      18  -18.093664195 -442.454137040
       1      19  -17.798936516 -440.014648054
       1      20  -17.798936479 -440.014657073
       1      21  -17.568908839 -436.371785962
       1      22  -17.568908817 -436.371785046
       1      23  -17.533459839 -429.063231595
       1      24  -17.533459830 -429.063237941
       1      25  -17.419067655 -430.936028735
       1      26  -17.419067639 -430.936028441
       1      27  -17.365610314 -432.141718305
       1      28  -17.365610294 -432.141715591
       1      29   -9.857463863 -445.848653703
       1      30   -9.857462949 -445.848708019
       1      31   -9.455012913 -436.181876823
       1      32   -9.455011472 -436.181899476
       1      33   -9.231187555 -431.487368192
       1      34   -9.231184881 -431.487468249
       1      35   -9.062257663 -438.519715364
       1      36   -9.062249993 -438.519853528
       1      37   -8.896962690 -436.981576128
       1      38   -8.896954556 -436.981432547
       1      39   -8.526652706 -443.742769022
       1      40   -8.526651479 -443.742471535
       1      41   -8.317999722 -445.797808621
       1      42   -8.317996557 -445.797925353
       1      43   -8.050063285 -448.046177308
       1      44   -8.050059365 -448.046213123
       1      45   -7.856656639 -474.280153779
       1      46   -7.856654956 -474.280227661
       1      47   -7.704943030 -445.123160774
       1      48   -7.704941608 -445.122744925
       1      49   -7.539496840 -447.686697521
       1      50   -7.539494587 -447.686817925
       1      51   -7.284448811 -434.876221042
       1      52   -7.284446524 -434.876017686
       1      53   -7.103064239 -439.031249504
       1      54   -7.103062509 -439.031257805
       1      55   -6.893717789 -435.587226218
       1      56   -6.893711541 -435.587535946
       1      57   -6.779305900 -426.230804201
       1      58   -6.779304343 -426.230880747
       1      59   -6.560603672 -423.053420069
       1      60   -6.560601251 -423.053790090
       1      61   -6.362315478 -422.087072252
       1      62   -6.362311404 -422.087469445
       1      63   -6.137568201 -435.758210412
       1      64   -6.137565470 -435.758068741
       1      65   -5.128784424 -586.721145881
       1      66   -5.128784204 -586.721085533
       1      67   -5.028631598 -577.038597654
       1      68   -5.028631188 -577.038609509
       1      69   -4.944002606 -597.900455601
       1      70   -4.944002405 -597.900673725
       1      71   -4.848158622 -586.945900203
       1      72   -4.848157859 -586.945729380
       1      73   -4.740218059 -593.502853452
       1      74   -4.740217062 -593.502604233
       1      75   -4.669888199 -581.657869539
       1      76   -4.669887777 -581.657867799
       1      77   -3.711293420 -556.098294636
       1      78   -3.711292600 -556.098239110
       1      79   -3.596432363 -549.590688791
       1      80   -3.596431107 -549.590624629
       1      81   -3.540557899 -549.754110947
       1      82   -3.540557002 -549.754030158
       1      83   -3.440209183 -541.087707045
       1      84   -3.440208854 -541.087687885
       1      85   -0.658517381 -397.040353111
       1      86   -0.658517226 -397.040357805
       1      87   -0.138635961 -365.873087659
       1      88   -0.138635310 -365.873368023
       1      89    0.164144125 -198.440157541
       1      90    0.164148784 -198.441375709
       1      91    0.314033210 -303.741336030
       1      92    0.314034786 -303.743202181
       1      93    0.542759398 -191.381230242
       1      94    0.542762133 -191.382985752
       1      95    0.575735388 -322.126651661
       1      96    0.575738247 -322.124629268
       1      97    0.869891726 -240.028565229
       1      98    0.869892843 -240.030117733
       1      99    1.037722615 -274.397061164
       1     100    1.037723228 -274.396199024
       1     101    1.166700723 -370.638434364
       1     102    1.166701875 -370.637443454
       1     103    1.381585370 -265.819208868
       1     104    1.381586598 -265.819283874
       1     105    1.500958762 -326.096081364
       1     106    1.500959865 -326.096057652
       1     107    1.884929483 -327.515085680
       1     108    1.884930191 -327.515366718
       1     109    2.104434811 -274.162319862
       1     110    2.104435491 -274.162105861
       1     111    2.182649679 -325.020683590
       1     112    2.182650383 -325.020530316
       1     113    2.426805535 -276.034243748
       1     114    2.426806504 -276.034453176
       1     115    2.637573311 -300.017317018
       1     116    2.637573915 -300.017542643
       1     117    2.687974904 -261.135477231
       1     118    2.687976077 -261.135237606
       1     119    3.110375566 -185.561101259
       1     120    3.110376764 -185.561282435
       1     121    3.180379551 -344.992826492
       1     122    3.180382205 -344.994232576
       1     123    3.306470084 -322.476480327
       1     124    3.306472168 -322.478431175
       1     125    3.404034123 -300.273288320
       1     126    3.404035345 -300.272932834
       1     127    3.682352995 -305.094990502
       1     128    3.682355550 -305.094778491
       1     129    3.803158974 -340.235302820
       1     130    3.803162017 -340.234530954
       1     131    3.992157649 -209.271575917
       1     132    3.992160621 -209.270231343
       1     133    4.044782708 -311.815345805
       1     134    4.044783529 -311.813464450
       1     135    4.366589678 -245.827967368
       1     136    4.366593253 -245.828302249
       1     137    4.643407390 -177.582572672
       1     138    4.643411299 -177.582783806
       1     139    4.873461126 -174.368282295
       1     140    4.873462623 -174.368218409
       1     141    5.157934571 -330.959282773
       1     142    5.157935092 -330.959115559
       1     143    5.344662639 -244.279285468
       1     144    5.344665502 -244.281466382
       1     145    5.478784810 -126.610256283
       1     146    5.478786466 -126.610692488
       1     147    5.501991937 -135.525738543
       1     148    5.501994567 -135.524507022
       1     149    5.663421047 -126.995688720
       1     150    5.663421891 -126.995133879
