# Generated by LORRAX 0.1.0 at 2026-07-11 09:15:50 UTC
  0.000000000  0.000000000  0.000000000      30
       1       1  -66.060191736  -76.842924289
       1       2  -66.060191736  -76.859133405
       1       3  -41.782007644  -47.995327170
       1       4  -41.782007644  -48.057190831
       1       5  -39.377763781  -45.313936568
       1       6  -39.377763781  -45.305698721
       1       7  -39.158299115  -43.836171170
       1       8  -39.158299115  -43.863725805
       1       9  -19.434594551  -21.723606201
       1      10  -19.434594551  -21.723649589
       1      11  -18.207170492  -19.895100286
       1      12  -18.207170492  -19.893864699
       1      13  -10.915038366   -9.743677615
       1      14  -10.915038366   -9.739116286
       1      15   -7.788309736   -6.237969449
       1      16   -7.788309736   -6.241543892
       1      17   -7.724953643   -6.198518659
       1      18   -7.724953643   -6.204919768
       1      19   -7.137726948   -5.934689686
       1      20   -7.137726948   -5.935243710
       1      21   -6.753142103   -4.840050563
       1      22   -6.753142103   -4.848632616
       1      23   -6.667987811   -4.610926614
       1      24   -6.667987811   -4.617033561
       1      25   -5.362751539   -3.395358050
       1      26   -5.362751539   -3.394168593
       1      27   -2.572545035    1.304831562
       1      28   -2.572545035    1.295735491
       1      29   -2.495091071    1.516789182
       1      30   -2.495091071    1.533744949
  0.000000000  0.333333333  0.000000000      30
       1       1  -66.029997939  -77.593298615
       1       2  -66.029997939  -77.558746288
       1       3  -41.863236760  -46.508600694
       1       4  -41.863236712  -46.358339694
       1       5  -39.456867640  -47.569167719
       1       6  -39.456867631  -47.515747163
       1       7  -39.301753518  -45.488458643
       1       8  -39.301753466  -45.291339202
       1       9  -18.095628720  -19.944419684
       1      10  -18.095628712  -19.922189080
       1      11  -17.625296535  -19.293161269
       1      12  -17.625296533  -19.265170358
       1      13  -10.514493892   -9.541697792
       1      14  -10.514493832   -9.539886160
       1      15   -9.542166398   -8.339343458
       1      16   -9.542166343   -8.315727590
       1      17   -9.205317081   -7.748386171
       1      18   -9.205317017   -7.751247903
       1      19   -8.082841420   -6.173201545
       1      20   -8.082841293   -6.137172570
       1      21   -7.032539919   -5.596159082
       1      22   -7.032539899   -5.589804095
       1      23   -6.570320544   -4.821046178
       1      24   -6.570317489   -4.787481216
       1      25   -6.264701704   -4.517238371
       1      26   -6.264698330   -4.545523756
       1      27   -3.034353301    0.165885298
       1      28   -3.034350595    0.193137761
       1      29   -2.930765738   -0.096957416
       1      30   -2.930762661   -0.079878156
  0.000000000  0.666666667  0.000000000      30
       1       1  -66.029997939  -77.593298615
       1       2  -66.029997939  -77.558746288
       1       3  -41.863236760  -46.508600694
       1       4  -41.863236712  -46.358339694
       1       5  -39.456867640  -47.569167719
       1       6  -39.456867631  -47.515747163
       1       7  -39.301753518  -45.488458643
       1       8  -39.301753466  -45.291339202
       1       9  -18.095628720  -19.944419684
       1      10  -18.095628712  -19.922189080
       1      11  -17.625296535  -19.293161269
       1      12  -17.625296533  -19.265170358
       1      13  -10.514493892   -9.541697792
       1      14  -10.514493832   -9.539886160
       1      15   -9.542166398   -8.339343458
       1      16   -9.542166343   -8.315727590
       1      17   -9.205317081   -7.748386171
       1      18   -9.205317017   -7.751247903
       1      19   -8.082841420   -6.173201545
       1      20   -8.082841293   -6.137172570
       1      21   -7.032539919   -5.596159082
       1      22   -7.032539899   -5.589804095
       1      23   -6.570320544   -4.821046178
       1      24   -6.570317489   -4.787481216
       1      25   -6.264701704   -4.517238371
       1      26   -6.264698330   -4.545523756
       1      27   -3.034353301    0.165885298
       1      28   -3.034350595    0.193137761
       1      29   -2.930765738   -0.096957416
       1      30   -2.930762661   -0.079878156
  0.333333333  0.000000000  0.000000000      30
       1       1  -66.029998072  -76.646059061
       1       2  -66.029998072  -76.673599826
       1       3  -41.863236502  -45.734209416
       1       4  -41.863236496  -45.695160319
       1       5  -39.456867858  -45.480466966
       1       6  -39.456867858  -45.491153512
       1       7  -39.301752508  -46.095755104
       1       8  -39.301752505  -46.076514446
       1       9  -18.095631198  -19.584425334
       1      10  -18.095631138  -19.583573476
       1      11  -17.625298767  -18.928689884
       1      12  -17.625298760  -18.928975802
       1      13  -10.514494445   -9.101446205
       1      14  -10.514494348   -9.102467890
       1      15   -9.542167198   -7.775456751
       1      16   -9.542167137   -7.774684631
       1      17   -9.205321385   -7.262692209
       1      18   -9.205321355   -7.267092154
       1      19   -8.082833170   -6.505749924
       1      20   -8.082833051   -6.504698939
       1      21   -7.032541572   -5.560539050
       1      22   -7.032541569   -5.562347096
       1      23   -6.570312654   -4.809482796
       1      24   -6.570310775   -4.820382583
       1      25   -6.264703066   -4.505090265
       1      26   -6.264700996   -4.515240621
       1      27   -3.034350023    0.174056362
       1      28   -3.034348394    0.195150039
       1      29   -2.930765589    0.175733548
       1      30   -2.930763651    0.179467379
  0.333333333  0.333333333  0.000000000      30
       1       1  -66.014993819  -76.685985979
       1       2  -66.014990985  -76.644597392
       1       3  -41.914529390  -45.706935301
       1       4  -41.891920149  -45.860365634
       1       5  -39.475755621  -45.855714708
       1       6  -39.427907425  -46.023765316
       1       7  -39.426906748  -45.829489273
       1       8  -39.411056963  -45.871493600
       1       9  -17.261984725  -18.333449192
       1      10  -17.217618552  -18.350907925
       1      11  -17.213907917  -18.348580257
       1      12  -17.201962726  -18.328399277
       1      13  -10.726245865   -9.624856077
       1      14  -10.718456938   -9.619488284
       1      15   -9.976669775   -8.546320104
       1      16   -9.941233028   -8.538600559
       1      17   -9.426638359   -7.873091602
       1      18   -9.372141493   -7.850974534
       1      19   -8.847986298   -6.740213652
       1      20   -8.827111483   -6.715528607
       1      21   -8.308532881   -6.743418750
       1      22   -8.258880877   -6.780234335
       1      23   -7.566233542   -5.926320020
       1      24   -7.543019619   -5.932631558
       1      25   -5.307443486   -3.255859082
       1      26   -5.163122574   -3.315828024
       1      27   -3.501037732   -0.266485052
       1      28   -3.498772375   -0.259921029
       1      29   -2.360124125    1.390722318
       1      30   -2.326972709    1.380630952
  0.333333333  0.666666667  0.000000000      30
       1       1  -66.029997850  -76.496928577
       1       2  -66.029997850  -76.505291173
       1       3  -41.863236865  -45.296595827
       1       4  -41.863236823  -45.282699207
       1       5  -39.456867152  -44.648077087
       1       6  -39.456867144  -44.645685691
       1       7  -39.301754458  -46.003128598
       1       8  -39.301754408  -46.005898423
       1       9  -18.095629376  -19.745720486
       1      10  -18.095629325  -19.746628177
       1      11  -17.625290715  -18.918159650
       1      12  -17.625290711  -18.915116325
       1      13  -10.514493407   -9.281286999
       1      14  -10.514493370   -9.281446685
       1      15   -9.542165394   -7.780570480
       1      16   -9.542165387   -7.782034568
       1      17   -9.205319448   -7.265523189
       1      18   -9.205319413   -7.266336507
       1      19   -8.082859348   -6.390192807
       1      20   -8.082859340   -6.388134481
       1      21   -7.032534607   -5.478309927
       1      22   -7.032534584   -5.477194637
       1      23   -6.570325057   -4.834824949
       1      24   -6.570323881   -4.820836937
       1      25   -6.264686878   -4.518226407
       1      26   -6.264685574   -4.506509733
       1      27   -3.034355808    0.398854162
       1      28   -3.034354731    0.387123940
       1      29   -2.930767335    0.343523739
       1      30   -2.930766196    0.330507880
  0.666666667 -0.000000000  0.000000000      30
       1       1  -66.029998072  -76.646059061
       1       2  -66.029998072  -76.673599826
       1       3  -41.863236502  -45.734209416
       1       4  -41.863236496  -45.695160319
       1       5  -39.456867858  -45.480466966
       1       6  -39.456867858  -45.491153512
       1       7  -39.301752508  -46.095755104
       1       8  -39.301752505  -46.076514446
       1       9  -18.095631198  -19.584425334
       1      10  -18.095631138  -19.583573476
       1      11  -17.625298767  -18.928689884
       1      12  -17.625298760  -18.928975802
       1      13  -10.514494445   -9.101446205
       1      14  -10.514494348   -9.102467890
       1      15   -9.542167198   -7.775456751
       1      16   -9.542167137   -7.774684631
       1      17   -9.205321385   -7.262692209
       1      18   -9.205321355   -7.267092154
       1      19   -8.082833170   -6.505749924
       1      20   -8.082833051   -6.504698939
       1      21   -7.032541572   -5.560539050
       1      22   -7.032541569   -5.562347096
       1      23   -6.570312654   -4.809482796
       1      24   -6.570310775   -4.820382583
       1      25   -6.264703066   -4.505090265
       1      26   -6.264700996   -4.515240621
       1      27   -3.034350023    0.174056362
       1      28   -3.034348394    0.195150039
       1      29   -2.930765589    0.175733548
       1      30   -2.930763651    0.179467379
  0.666666667  0.333333333  0.000000000      30
       1       1  -66.029997850  -76.496928577
       1       2  -66.029997850  -76.505291173
       1       3  -41.863236865  -45.296595827
       1       4  -41.863236823  -45.282699207
       1       5  -39.456867152  -44.648077087
       1       6  -39.456867144  -44.645685691
       1       7  -39.301754458  -46.003128598
       1       8  -39.301754408  -46.005898423
       1       9  -18.095629376  -19.745720486
       1      10  -18.095629325  -19.746628177
       1      11  -17.625290715  -18.918159650
       1      12  -17.625290711  -18.915116325
       1      13  -10.514493407   -9.281286999
       1      14  -10.514493370   -9.281446685
       1      15   -9.542165394   -7.780570480
       1      16   -9.542165387   -7.782034568
       1      17   -9.205319448   -7.265523189
       1      18   -9.205319413   -7.266336507
       1      19   -8.082859348   -6.390192807
       1      20   -8.082859340   -6.388134481
       1      21   -7.032534607   -5.478309927
       1      22   -7.032534584   -5.477194637
       1      23   -6.570325057   -4.834824949
       1      24   -6.570323881   -4.820836937
       1      25   -6.264686878   -4.518226407
       1      26   -6.264685574   -4.506509733
       1      27   -3.034355808    0.398854162
       1      28   -3.034354731    0.387123940
       1      29   -2.930767335    0.343523739
       1      30   -2.930766196    0.330507880
  0.666666667  0.666666667  0.000000000      30
       1       1  -66.014993819  -76.685985979
       1       2  -66.014990985  -76.644597392
       1       3  -41.914529390  -45.706935301
       1       4  -41.891920149  -45.860365634
       1       5  -39.475755621  -45.855714708
       1       6  -39.427907425  -46.023765316
       1       7  -39.426906748  -45.829489273
       1       8  -39.411056963  -45.871493600
       1       9  -17.261984725  -18.333449192
       1      10  -17.217618552  -18.350907925
       1      11  -17.213907917  -18.348580257
       1      12  -17.201962726  -18.328399277
       1      13  -10.726245865   -9.624856077
       1      14  -10.718456938   -9.619488284
       1      15   -9.976669775   -8.546320104
       1      16   -9.941233028   -8.538600559
       1      17   -9.426638359   -7.873091602
       1      18   -9.372141493   -7.850974534
       1      19   -8.847986298   -6.740213652
       1      20   -8.827111483   -6.715528607
       1      21   -8.308532881   -6.743418750
       1      22   -8.258880877   -6.780234335
       1      23   -7.566233542   -5.926320020
       1      24   -7.543019619   -5.932631558
       1      25   -5.307443486   -3.255859082
       1      26   -5.163122574   -3.315828024
       1      27   -3.501037732   -0.266485052
       1      28   -3.498772375   -0.259921029
       1      29   -2.360124125    1.390722318
       1      30   -2.326972709    1.380630952
