  0.000000000  0.000000000  0.000000000     102       0
       1       1  -10.468871218   -0.000000000
       1       2  -10.468871218    0.000000000
       1       3  -11.319806161    0.000000000
       1       4  -11.319806161   -0.000000000
       1       5  -11.319806161   -0.000000000
       1       6  -11.319806161   -0.000000000
       1       7  -11.319806161    0.000000000
       1       8  -11.319806161    0.000000000
       1       9  -10.032764270    0.000000000
       1      10  -10.032764270   -0.000000000
       1      11  -10.032764270   -0.000000000
       1      12  -10.032764270    0.000000000
       1      13  -10.032764270    0.000000000
       1      14  -10.032764270   -0.000000000
       1      15  -10.916349129   -0.000000000
       1      16  -10.916349129   -0.000000000
       1      17  -10.062287144    0.000000000
       1      18  -10.062287144    0.000000000
       1      19  -10.062287144   -0.000000000
       1      20  -10.062287144    0.000000000
       1      21   -7.713334380    0.000000000
       1      22   -7.713334380    0.000000000
       1      23   -8.329887224    0.000000000
       1      24   -8.329887225    0.000000000
       1      25   -8.329887224    0.000000000
       1      26   -8.329887225   -0.000000000
       1      27   -8.329887225    0.000000000
       1      28   -8.329887224    0.000000000
       1      29   -6.562009518   -0.000000000
       1      30   -6.562009518   -0.000000000
       1      31  -10.068324518   -0.000000000
       1      32  -10.068324518    0.000000000
       1      33  -10.068324518    0.000000000
       1      34  -10.068324518    0.000000000
       1      35  -10.068324518   -0.000000000
       1      36  -10.068324518    0.000000000
       1      37  -10.775468274    0.000000000
       1      38  -10.775468274    0.000000000
       1      39  -10.775468274    0.000000000
       1      40  -10.775468274   -0.000000000
       1      41  -10.438287612    0.000000000
       1      42  -10.438287612   -0.000000000
       1      43  -10.438287612    0.000000000
       1      44  -10.438287612    0.000000000
       1      45  -10.438287612   -0.000000000
       1      46  -10.438287612    0.000000000
       1      47  -10.088653704    0.000000000
       1      48  -10.088653704    0.000000000
       1      49  -10.088653704    0.000000000
       1      50  -10.088653703   -0.000000000
       1      51  -10.088653704    0.000000000
       1      52  -10.088653704    0.000000000
       1      53   -9.590854134    0.000000000
       1      54   -9.590854134    0.000000000
       1      55   -9.590854134    0.000000000
       1      56   -9.590854134    0.000000000
       1      57   -9.590854134    0.000000000
       1      58   -9.590854134    0.000000000
       1      59   -7.731376163    0.000000000
       1      60   -7.731376163    0.000000000
       1      61   -9.178030245    0.000000000
       1      62   -9.178030244    0.000000000
       1      63   -9.178030244    0.000000000
       1      64   -9.178030245    0.000000000
       1      65   -8.932631948    0.000000000
       1      66   -8.932631948    0.000000000
       1      67   -8.932631947    0.000000000
       1      68   -8.932631948   -0.000000000
       1      69   -8.956222966    0.000000000
       1      70   -8.956222965    0.000000000
       1      71   -8.956222965    0.000000000
       1      72   -8.956222965    0.000000000
       1      73   -8.956222965    0.000000000
       1      74   -8.956222966    0.000000000
       1      75   -9.536966248    0.000000000
       1      76   -9.536966248    0.000000000
       1      77   -9.536966248    0.000000000
       1      78   -9.536966247    0.000000000
       1      79   -9.536966246   -0.000000000
       1      80   -9.536966247    0.000000000
       1      81  -11.069817157    0.000000000
       1      82  -11.069817156    0.000000000
       1      83   -9.606224866    0.000000000
       1      84   -9.606224868    0.000000000
       1      85   -9.606224866    0.000000000
       1      86   -9.606224868    0.000000000
       1      87   -9.606224867    0.000000000
       1      88   -9.606224867    0.000000000
       1      89   -8.866570004    0.000000000
       1      90   -8.866570003    0.000000000
       1      91   -8.866570001   -0.000000000
       1      92   -8.866570003    0.000000000
       1      93   -8.866570002   -0.000000000
       1      94   -8.866570004   -0.000000000
       1      95   -8.883984814    0.000000000
       1      96   -8.883984813    0.000000000
       1      97   -8.883984812    0.000000000
       1      98   -8.883984813    0.000000000
       1      99   -8.883984816    0.000000000
       1     100   -8.883984814    0.000000000
       1     101   -8.123317866    0.000000000
       1     102   -8.123317866    0.000000000
 -0.000000000 -0.000000000  0.166666667     102       0
       1       1  -10.500219944    0.000000000
       1       2  -10.500219944   -0.000000000
       1       3  -10.844761809    0.000000000
       1       4  -10.844761809    0.000000000
       1       5  -11.143307823   -0.000000000
       1       6  -11.143307823    0.000000000
       1       7  -11.143307823    0.000000000
       1       8  -11.143307823   -0.000000000
       1       9  -10.136242962    0.000000000
       1      10  -10.136242962    0.000000000
       1      11  -10.179642969   -0.000000000
       1      12  -10.179642969   -0.000000000
       1      13  -10.179642969   -0.000000000
       1      14  -10.179642969   -0.000000000
       1      15  -10.770465713   -0.000000000
       1      16  -10.770465713    0.000000000
       1      17   -9.628130463   -0.000000000
       1      18   -9.628130463   -0.000000000
       1      19   -9.628130463    0.000000000
       1      20   -9.628130463    0.000000000
       1      21   -8.007342988   -0.000000000
       1      22   -8.007342988    0.000000000
       1      23   -8.122708380    0.000000000
       1      24   -8.122708380   -0.000000000
       1      25   -8.933926928   -0.000000000
       1      26   -8.933926928   -0.000000000
       1      27   -8.933926927   -0.000000000
       1      28   -8.933926927   -0.000000000
       1      29   -7.314696028    0.000000000
       1      30   -7.314696028   -0.000000000
       1      31  -10.053887515    0.000000000
       1      32  -10.053887515    0.000000000
       1      33  -10.053887515    0.000000000
       1      34  -10.053887515    0.000000000
       1      35   -9.792925098    0.000000000
       1      36   -9.792925098    0.000000000
       1      37  -10.522099099   -0.000000000
       1      38  -10.522099100    0.000000000
       1      39  -10.522099100    0.000000000
       1      40  -10.522099099    0.000000000
       1      41  -10.527757439    0.000000000
       1      42  -10.527757439    0.000000000
       1      43  -10.527757439    0.000000000
       1      44  -10.527757439    0.000000000
       1      45  -10.485796202    0.000000000
       1      46  -10.485796202    0.000000000
       1      47  -10.145911601    0.000000000
       1      48  -10.145911602    0.000000000
       1      49   -9.226154415    0.000000000
       1      50   -9.226154416    0.000000000
       1      51  -10.153411906    0.000000000
       1      52  -10.153411906    0.000000000
       1      53  -10.153411906   -0.000000000
       1      54  -10.153411907   -0.000000000
       1      55   -9.368164834    0.000000000
       1      56   -9.368164833    0.000000000
       1      57   -9.368164834    0.000000000
       1      58   -9.368164834    0.000000000
       1      59   -9.160717402    0.000000000
       1      60   -9.160717401    0.000000000
       1      61   -9.160717402   -0.000000000
       1      62   -9.160717402    0.000000000
       1      63   -9.198986987   -0.000000000
       1      64   -9.198986987    0.000000000
       1      65   -9.198986988    0.000000000
       1      66   -9.198986988    0.000000000
       1      67   -8.145408315    0.000000000
       1      68   -8.145408315    0.000000000
       1      69   -8.450578409    0.000000000
       1      70   -8.450578410    0.000000000
       1      71   -9.173461745    0.000000000
       1      72   -9.173461746    0.000000000
       1      73   -8.786610661    0.000000000
       1      74   -8.786610663   -0.000000000
       1      75   -8.786610661    0.000000000
       1      76   -8.786610661    0.000000000
       1      77   -9.874157818    0.000000000
       1      78   -9.874157819   -0.000000000
       1      79   -9.351879233    0.000000000
       1      80   -9.351879233    0.000000000
       1      81   -9.351879233    0.000000000
       1      82   -9.351879232    0.000000000
       1      83   -8.965419275   -0.000000000
       1      84   -8.965419273    0.000000000
       1      85   -8.821511521    0.000000000
       1      86   -8.821511521   -0.000000000
       1      87   -9.120978983    0.000000000
       1      88   -9.120978984   -0.000000000
       1      89   -9.120978984    0.000000000
       1      90   -9.120978985    0.000000000
       1      91   -9.192988499   -0.000000000
       1      92   -9.192988500   -0.000000000
       1      93   -9.192988498    0.000000000
       1      94   -9.192988499    0.000000000
       1      95   -9.453398412   -0.000000000
       1      96   -9.453398412    0.000000000
       1      97   -8.121740919    0.000000000
       1      98   -8.121740922   -0.000000000
       1      99   -8.121740922    0.000000000
       1     100   -8.121740919   -0.000000000
       1     101   -9.264301243   -0.000000000
       1     102   -9.264301230   -0.000000000
 -0.000000000 -0.000000000  0.333333333     102       0
       1       1  -10.620158584   -0.000000000
       1       2  -10.620158584    0.000000000
       1       3  -10.504283629    0.000000000
       1       4  -10.504283629    0.000000000
       1       5  -11.063518316    0.000000000
       1       6  -11.063518316    0.000000000
       1       7  -11.063518316    0.000000000
       1       8  -11.063518316    0.000000000
       1       9  -10.084570414   -0.000000000
       1      10  -10.084570414    0.000000000
       1      11   -9.859030704    0.000000000
       1      12   -9.859030704    0.000000000
       1      13   -9.859030704    0.000000000
       1      14   -9.859030704   -0.000000000
       1      15   -8.845242341    0.000000000
       1      16   -8.845242341   -0.000000000
       1      17   -9.837289251    0.000000000
       1      18   -9.837289252   -0.000000000
       1      19   -9.837289251    0.000000000
       1      20   -9.837289251   -0.000000000
       1      21   -9.150538395   -0.000000000
       1      22   -9.150538395   -0.000000000
       1      23   -9.128085426   -0.000000000
       1      24   -9.128085425   -0.000000000
       1      25  -10.335808449   -0.000000000
       1      26  -10.335808449    0.000000000
       1      27  -10.335808449    0.000000000
       1      28  -10.335808449    0.000000000
       1      29  -10.080250152    0.000000000
       1      30  -10.080250152    0.000000000
       1      31   -8.921828839   -0.000000000
       1      32   -8.921828839    0.000000000
       1      33   -8.921828839   -0.000000000
       1      34   -8.921828839   -0.000000000
       1      35   -7.243428572   -0.000000000
       1      36   -7.243428572   -0.000000000
       1      37  -10.511445940    0.000000000
       1      38  -10.511445939    0.000000000
       1      39  -10.511445940    0.000000000
       1      40  -10.511445939    0.000000000
       1      41   -9.902218753    0.000000000
       1      42   -9.902218753    0.000000000
       1      43  -10.663478563    0.000000000
       1      44  -10.663478563    0.000000000
       1      45  -10.663478563    0.000000000
       1      46  -10.663478563    0.000000000
       1      47   -9.167815562    0.000000000
       1      48   -9.167815563    0.000000000
       1      49   -9.167815564    0.000000000
       1      50   -9.167815563    0.000000000
       1      51   -9.283729219    0.000000000
       1      52   -9.283729219    0.000000000
       1      53  -10.355905785    0.000000000
       1      54  -10.355905784    0.000000000
       1      55   -8.997227657    0.000000000
       1      56   -8.997227659    0.000000000
       1      57   -8.997227659    0.000000000
       1      58   -8.997227658    0.000000000
       1      59   -9.192527672    0.000000000
       1      60   -9.192527671    0.000000000
       1      61   -9.192527672    0.000000000
       1      62   -9.192527672    0.000000000
       1      63   -7.887855600    0.000000000
       1      64   -7.887855599   -0.000000000
       1      65   -8.910579971    0.000000000
       1      66   -8.910579971   -0.000000000
       1      67   -8.562178796    0.000000000
       1      68   -8.562178795    0.000000000
       1      69   -9.781866784    0.000000000
       1      70   -9.781866783    0.000000000
       1      71   -9.781866783   -0.000000000
       1      72   -9.781866783   -0.000000000
       1      73   -9.123987424    0.000000000
       1      74   -9.123987424   -0.000000000
       1      75   -9.123987422    0.000000000
       1      76   -9.123987423    0.000000000
       1      77   -9.022062188    0.000000000
       1      78   -9.022062187    0.000000000
       1      79   -9.274369800   -0.000000000
       1      80   -9.274369801    0.000000000
       1      81   -9.274369798   -0.000000000
       1      82   -9.274369799   -0.000000000
       1      83   -9.703506568    0.000000000
       1      84   -9.703506569   -0.000000000
       1      85   -9.420072520    0.000000000
       1      86   -9.420072518    0.000000000
       1      87   -8.873141618    0.000000000
       1      88   -8.873141617   -0.000000000
       1      89   -8.873141615   -0.000000000
       1      90   -8.873141617   -0.000000000
       1      91   -8.538879548   -0.000000000
       1      92   -8.538879545   -0.000000000
       1      93   -8.538879546   -0.000000000
       1      94   -8.538879543   -0.000000000
       1      95   -8.062941775   -0.000000000
       1      96   -8.062941772   -0.000000000
       1      97   -9.311744666    0.000000000
       1      98   -9.311744668   -0.000000000
       1      99   -9.311744661   -0.000000000
       1     100   -9.311744659   -0.000000000
       1     101   -9.624653141    0.000000000
       1     102   -9.624653126   -0.000000000
  0.000000000  0.000000000 -0.500000000     102       0
       1       1  -10.852905989   -0.000000000
       1       2  -10.852905989   -0.000000000
       1       3  -10.207067422   -0.000000000
       1       4  -10.207067422    0.000000000
       1       5  -11.058406143   -0.000000000
       1       6  -11.058406143   -0.000000000
       1       7  -11.058406143   -0.000000000
       1       8  -11.058406143   -0.000000000
       1       9  -10.085604287   -0.000000000
       1      10  -10.085604287   -0.000000000
       1      11   -9.660288230   -0.000000000
       1      12   -9.660288230   -0.000000000
       1      13   -9.660288230   -0.000000000
       1      14   -9.660288230   -0.000000000
       1      15   -7.749819453   -0.000000000
       1      16   -7.749819453    0.000000000
       1      17  -10.230842042   -0.000000000
       1      18  -10.230842042   -0.000000000
       1      19  -10.230842042   -0.000000000
       1      20  -10.230842042   -0.000000000
       1      21  -10.001570643   -0.000000000
       1      22  -10.001570643   -0.000000000
       1      23  -10.001570643   -0.000000000
       1      24  -10.001570643   -0.000000000
       1      25   -9.744851670    0.000000000
       1      26   -9.744851670    0.000000000
       1      27  -10.293295820    0.000000000
       1      28  -10.293295820    0.000000000
       1      29   -9.888086576   -0.000000000
       1      30   -9.888086577    0.000000000
       1      31   -9.232002854    0.000000000
       1      32   -9.232002854    0.000000000
       1      33   -8.934171203    0.000000000
       1      34   -8.934171203    0.000000000
       1      35   -8.934171203    0.000000000
       1      36   -8.934171203    0.000000000
       1      37  -10.183168438    0.000000000
       1      38  -10.183168437    0.000000000
       1      39  -10.183168438    0.000000000
       1      40  -10.183168438    0.000000000
       1      41   -8.111512164    0.000000000
       1      42   -8.111512164    0.000000000
       1      43   -9.770314459    0.000000000
       1      44   -9.770314459    0.000000000
       1      45   -9.770314460    0.000000000
       1      46   -9.770314459    0.000000000
       1      47  -10.749255409    0.000000000
       1      48  -10.749255409   -0.000000000
       1      49  -10.749255408    0.000000000
       1      50  -10.749255408   -0.000000000
       1      51   -7.287490332    0.000000000
       1      52   -7.287490332   -0.000000000
       1      53  -10.612227604    0.000000000
       1      54  -10.612227604    0.000000000
       1      55   -8.642848899    0.000000000
       1      56   -8.642848899   -0.000000000
       1      57   -8.642848899   -0.000000000
       1      58   -8.642848901   -0.000000000
       1      59   -9.119763135    0.000000000
       1      60   -9.119763132    0.000000000
       1      61   -9.119763135    0.000000000
       1      62   -9.119763135   -0.000000000
       1      63   -9.292497325    0.000000000
       1      64   -9.292497325    0.000000000
       1      65   -8.640701364    0.000000000
       1      66   -8.640701363   -0.000000000
       1      67   -8.493576938    0.000000000
       1      68   -8.493576938    0.000000000
       1      69   -8.601778264    0.000000000
       1      70   -8.601778265   -0.000000000
       1      71   -8.601778265   -0.000000000
       1      72   -8.601778266    0.000000000
       1      73   -9.518951994   -0.000000000
       1      74   -9.518951991   -0.000000000
       1      75   -9.518951992   -0.000000000
       1      76   -9.518951993    0.000000000
       1      77   -9.110029918   -0.000000000
       1      78   -9.110029917    0.000000000
       1      79   -9.603282032   -0.000000000
       1      80   -9.603282032   -0.000000000
       1      81  -10.442822150    0.000000000
       1      82  -10.442822149    0.000000000
       1      83  -10.442822149    0.000000000
       1      84  -10.442822151    0.000000000
       1      85   -9.140376372    0.000000000
       1      86   -9.140376369    0.000000000
       1      87   -9.140376370   -0.000000000
       1      88   -9.140376369    0.000000000
       1      89   -9.604451332    0.000000000
       1      90   -9.604451331    0.000000000
       1      91   -8.738447231    0.000000000
       1      92   -8.738447231    0.000000000
       1      93   -8.738447235    0.000000000
       1      94   -8.738447233    0.000000000
       1      95   -9.274757388    0.000000000
       1      96   -9.274757389    0.000000000
       1      97   -8.818482113    0.000000000
       1      98   -8.818482108    0.000000000
       1      99   -8.818482114    0.000000000
       1     100   -8.818482110    0.000000000
       1     101   -8.000672541    0.000000000
       1     102   -8.000672530    0.000000000
  0.000000000  0.166666667  0.166666667     102       0
       1       1  -10.509094088    0.000000000
       1       2  -10.509094088   -0.000000000
       1       3  -11.237047867    0.000000000
       1       4  -11.237047867   -0.000000000
       1       5  -10.855797209    0.000000000
       1       6  -10.855797208    0.000000000
       1       7  -10.855797209    0.000000000
       1       8  -10.855797209   -0.000000000
       1       9   -9.591597215   -0.000000000
       1      10   -9.591597215   -0.000000000
       1      11   -9.933839601    0.000000000
       1      12   -9.933839601    0.000000000
       1      13  -10.490639831    0.000000000
       1      14  -10.490639831    0.000000000
       1      15  -10.490639831   -0.000000000
       1      16  -10.490639831    0.000000000
       1      17  -10.173502924    0.000000000
       1      18  -10.173502924    0.000000000
       1      19  -10.072651014    0.000000000
       1      20  -10.072651014    0.000000000
       1      21   -8.167452549    0.000000000
       1      22   -8.167452549   -0.000000000
       1      23   -8.489298341   -0.000000000
       1      24   -8.489298341   -0.000000000
       1      25   -8.489298341    0.000000000
       1      26   -8.489298341    0.000000000
       1      27   -8.414529643   -0.000000000
       1      28   -8.414529643    0.000000000
       1      29   -7.743458445   -0.000000000
       1      30   -7.743458445   -0.000000000
       1      31   -9.942567381    0.000000000
       1      32   -9.942567381    0.000000000
       1      33   -9.942567381    0.000000000
       1      34   -9.942567381    0.000000000
       1      35  -10.440994930    0.000000000
       1      36  -10.440994930    0.000000000
       1      37  -10.469933172    0.000000000
       1      38  -10.469933172    0.000000000
       1      39   -9.796981402   -0.000000000
       1      40   -9.796981402    0.000000000
       1      41  -10.631142636   -0.000000000
       1      42  -10.631142636    0.000000000
       1      43  -10.532418341   -0.000000000
       1      44  -10.532418342    0.000000000
       1      45  -10.532418341    0.000000000
       1      46  -10.532418341   -0.000000000
       1      47   -9.442221715    0.000000000
       1      48   -9.442221715    0.000000000
       1      49   -9.442221715    0.000000000
       1      50   -9.442221715    0.000000000
       1      51   -9.401643420    0.000000000
       1      52   -9.401643421    0.000000000
       1      53   -9.966546928    0.000000000
       1      54   -9.966546927    0.000000000
       1      55   -9.966546927    0.000000000
       1      56   -9.966546927    0.000000000
       1      57  -10.300203350    0.000000000
       1      58  -10.300203350    0.000000000
       1      59   -8.991944565    0.000000000
       1      60   -8.991944566    0.000000000
       1      61   -9.068422895    0.000000000
       1      62   -9.068422895    0.000000000
       1      63   -9.238861649    0.000000000
       1      64   -9.238861648    0.000000000
       1      65   -9.200408695    0.000000000
       1      66   -9.200408694    0.000000000
       1      67   -9.200408695   -0.000000000
       1      68   -9.200408694    0.000000000
       1      69   -9.157760154    0.000000000
       1      70   -9.157760153    0.000000000
       1      71   -8.105751776   -0.000000000
       1      72   -8.105751776    0.000000000
       1      73   -9.046068210    0.000000000
       1      74   -9.046068209   -0.000000000
       1      75   -9.236393751    0.000000000
       1      76   -9.236393751    0.000000000
       1      77   -9.236393751   -0.000000000
       1      78   -9.236393752   -0.000000000
       1      79   -8.729028932    0.000000000
       1      80   -8.729028932    0.000000000
       1      81   -8.729028933   -0.000000000
       1      82   -8.729028933    0.000000000
       1      83  -10.034364235   -0.000000000
       1      84  -10.034364234    0.000000000
       1      85   -8.397472732    0.000000000
       1      86   -8.397472732   -0.000000000
       1      87   -9.553046761    0.000000000
       1      88   -9.553046760    0.000000000
       1      89   -8.119815436   -0.000000000
       1      90   -8.119815437    0.000000000
       1      91   -8.119815437    0.000000000
       1      92   -8.119815437    0.000000000
       1      93   -8.797270290    0.000000000
       1      94   -8.797270292    0.000000000
       1      95   -9.185608200    0.000000000
       1      96   -9.185608205    0.000000000
       1      97   -9.185608203    0.000000000
       1      98   -9.185608199    0.000000000
       1      99   -8.656145649    0.000000000
       1     100   -8.656145645    0.000000000
       1     101   -7.947986806    0.000000000
       1     102   -7.947986816    0.000000000
 -0.000000000  0.166666667  0.333333333     102       0
       1       1  -10.591079940    0.000000000
       1       2  -10.591079940    0.000000000
       1       3  -10.839378589    0.000000000
       1       4  -10.839378589    0.000000000
       1       5  -10.678127189    0.000000000
       1       6  -10.678127189    0.000000000
       1       7  -10.777872144   -0.000000000
       1       8  -10.777872144    0.000000000
       1       9   -9.611961951   -0.000000000
       1      10   -9.611961951    0.000000000
       1      11   -9.839454415   -0.000000000
       1      12   -9.839454415    0.000000000
       1      13   -9.938924578    0.000000000
       1      14   -9.938924578    0.000000000
       1      15  -10.301724607    0.000000000
       1      16  -10.301724607    0.000000000
       1      17  -10.041838074    0.000000000
       1      18  -10.041838074    0.000000000
       1      19  -10.640941244    0.000000000
       1      20  -10.640941244    0.000000000
       1      21   -8.305327980    0.000000000
       1      22   -8.305327980    0.000000000
       1      23   -8.612840019    0.000000000
       1      24   -8.612840019   -0.000000000
       1      25   -9.882533176    0.000000000
       1      26   -9.882533176   -0.000000000
       1      27   -9.871472420    0.000000000
       1      28   -9.871472420    0.000000000
       1      29   -8.982704121    0.000000000
       1      30   -8.982704121    0.000000000
       1      31   -8.920578104    0.000000000
       1      32   -8.920578104    0.000000000
       1      33  -10.101443505    0.000000000
       1      34  -10.101443505    0.000000000
       1      35  -10.367011854    0.000000000
       1      36  -10.367011854    0.000000000
       1      37   -9.602742832    0.000000000
       1      38   -9.602742832   -0.000000000
       1      39   -8.717728853    0.000000000
       1      40   -8.717728853   -0.000000000
       1      41   -9.634455824    0.000000000
       1      42   -9.634455823   -0.000000000
       1      43  -10.319726073   -0.000000000
       1      44  -10.319726073    0.000000000
       1      45  -10.656894318    0.000000000
       1      46  -10.656894318   -0.000000000
       1      47   -8.951029375    0.000000000
       1      48   -8.951029375    0.000000000
       1      49   -8.958467612    0.000000000
       1      50   -8.958467612    0.000000000
       1      51   -9.783050886   -0.000000000
       1      52   -9.783050886   -0.000000000
       1      53   -9.323095070    0.000000000
       1      54   -9.323095070    0.000000000
       1      55   -9.653939394    0.000000000
       1      56   -9.653939394    0.000000000
       1      57   -9.302180437    0.000000000
       1      58   -9.302180437    0.000000000
       1      59   -9.842725442    0.000000000
       1      60   -9.842725442    0.000000000
       1      61   -9.363129781    0.000000000
       1      62   -9.363129780   -0.000000000
       1      63   -9.855405663   -0.000000000
       1      64   -9.855405663    0.000000000
       1      65   -9.328649440    0.000000000
       1      66   -9.328649440    0.000000000
       1      67   -8.827933290   -0.000000000
       1      68   -8.827933290    0.000000000
       1      69   -8.172173705    0.000000000
       1      70   -8.172173705    0.000000000
       1      71   -8.811813898   -0.000000000
       1      72   -8.811813898   -0.000000000
       1      73   -9.869624194    0.000000000
       1      74   -9.869624194    0.000000000
       1      75   -8.967728769    0.000000000
       1      76   -8.967728768    0.000000000
       1      77   -9.308245372    0.000000000
       1      78   -9.308245373    0.000000000
       1      79   -9.395798601    0.000000000
       1      80   -9.395798601    0.000000000
       1      81   -8.327187368    0.000000000
       1      82   -8.327187368    0.000000000
       1      83   -8.957664530    0.000000000
       1      84   -8.957664530    0.000000000
       1      85   -8.859335296   -0.000000000
       1      86   -8.859335296   -0.000000000
       1      87   -9.168893163    0.000000000
       1      88   -9.168893163   -0.000000000
       1      89   -8.711218584    0.000000000
       1      90   -8.711218584   -0.000000000
       1      91   -8.763080087    0.000000000
       1      92   -8.763080087    0.000000000
       1      93   -8.490764555    0.000000000
       1      94   -8.490764556   -0.000000000
       1      95   -9.454992990   -0.000000000
       1      96   -9.454992990   -0.000000000
       1      97   -8.662375189   -0.000000000
       1      98   -8.662375190   -0.000000000
       1      99   -8.804384088    0.000000000
       1     100   -8.804384081    0.000000000
       1     101   -9.214715624   -0.000000000
       1     102   -9.214717341    0.000000000
 -0.000000000  0.166666667 -0.500000000     102       0
       1       1  -10.813510212   -0.000000000
       1       2  -10.813510212   -0.000000000
       1       3  -10.448449092    0.000000000
       1       4  -10.448449092   -0.000000000
       1       5  -10.526136732   -0.000000000
       1       6  -10.526136732   -0.000000000
       1       7  -10.831770564   -0.000000000
       1       8  -10.831770564   -0.000000000
       1       9   -9.502867199   -0.000000000
       1      10   -9.502867199   -0.000000000
       1      11  -10.137789884   -0.000000000
       1      12  -10.137789884   -0.000000000
       1      13   -9.928473119   -0.000000000
       1      14   -9.928473119    0.000000000
       1      15   -9.803938621   -0.000000000
       1      16   -9.803938621   -0.000000000
       1      17   -8.880129284   -0.000000000
       1      18   -8.880129284   -0.000000000
       1      19  -10.162562614   -0.000000000
       1      20  -10.162562614   -0.000000000
       1      21   -9.407277320   -0.000000000
       1      22   -9.407277320   -0.000000000
       1      23  -10.213381469   -0.000000000
       1      24  -10.213381469   -0.000000000
       1      25  -10.231952684   -0.000000000
       1      26  -10.231952684   -0.000000000
       1      27  -10.173124140    0.000000000
       1      28  -10.173124140    0.000000000
       1      29   -9.674513003    0.000000000
       1      30   -9.674513003    0.000000000
       1      31   -9.297646827   -0.000000000
       1      32   -9.297646827   -0.000000000
       1      33   -8.938621272    0.000000000
       1      34   -8.938621272    0.000000000
       1      35   -9.996553118    0.000000000
       1      36   -9.996553118    0.000000000
       1      37  -10.205959891   -0.000000000
       1      38  -10.205959891   -0.000000000
       1      39   -9.935205872    0.000000000
       1      40   -9.935205872    0.000000000
       1      41   -9.387288832   -0.000000000
       1      42   -9.387288832    0.000000000
       1      43   -8.427336657   -0.000000000
       1      44   -8.427336657    0.000000000
       1      45   -9.715306656    0.000000000
       1      46   -9.715306656   -0.000000000
       1      47   -9.345812637    0.000000000
       1      48   -9.345812637    0.000000000
       1      49   -9.101665040    0.000000000
       1      50   -9.101665040    0.000000000
       1      51   -9.601882378    0.000000000
       1      52   -9.601882378    0.000000000
       1      53   -9.218083941    0.000000000
       1      54   -9.218083941    0.000000000
       1      55   -8.277039995    0.000000000
       1      56   -8.277039995   -0.000000000
       1      57   -8.749703190    0.000000000
       1      58   -8.749703190   -0.000000000
       1      59   -9.089461712    0.000000000
       1      60   -9.089461712   -0.000000000
       1      61  -10.306561550   -0.000000000
       1      62  -10.306561550   -0.000000000
       1      63   -9.447447400   -0.000000000
       1      64   -9.447447400    0.000000000
       1      65   -8.979987137   -0.000000000
       1      66   -8.979987137    0.000000000
       1      67   -8.871171925    0.000000000
       1      68   -8.871171925   -0.000000000
       1      69   -8.869868134    0.000000000
       1      70   -8.869868134   -0.000000000
       1      71   -9.382916835   -0.000000000
       1      72   -9.382916835    0.000000000
       1      73   -8.968250377   -0.000000000
       1      74   -8.968250377   -0.000000000
       1      75   -9.693702733   -0.000000000
       1      76   -9.693702733   -0.000000000
       1      77   -9.390818211    0.000000000
       1      78   -9.390818211   -0.000000000
       1      79   -8.928408362    0.000000000
       1      80   -8.928408362    0.000000000
       1      81  -10.124358768    0.000000000
       1      82  -10.124358768   -0.000000000
       1      83   -8.962527793    0.000000000
       1      84   -8.962527793    0.000000000
       1      85   -9.421645207   -0.000000000
       1      86   -9.421645207   -0.000000000
       1      87   -9.023891184    0.000000000
       1      88   -9.023891184    0.000000000
       1      89   -8.276894364    0.000000000
       1      90   -8.276894364   -0.000000000
       1      91   -9.120190085   -0.000000000
       1      92   -9.120190085   -0.000000000
       1      93   -9.703822106    0.000000000
       1      94   -9.703822106   -0.000000000
       1      95   -9.128187822    0.000000000
       1      96   -9.128187825   -0.000000000
       1      97   -9.454256915   -0.000000000
       1      98   -9.454256902   -0.000000000
       1      99   -9.459129069   -0.000000000
       1     100   -9.459129075    0.000000000
       1     101   -9.595448443    0.000000000
       1     102   -9.595448317    0.000000000
 -0.000000000  0.166666667 -0.333333333     102       0
       1       1  -10.723165278   -0.000000000
       1       2  -10.723165278   -0.000000000
       1       3  -10.575225019   -0.000000000
       1       4  -10.575225019   -0.000000000
       1       5  -10.404172388   -0.000000000
       1       6  -10.404172388    0.000000000
       1       7  -10.982919986   -0.000000000
       1       8  -10.982919986    0.000000000
       1       9   -9.740169292   -0.000000000
       1      10   -9.740169292    0.000000000
       1      11  -10.004559221    0.000000000
       1      12  -10.004559221   -0.000000000
       1      13   -9.887001577   -0.000000000
       1      14   -9.887001578   -0.000000000
       1      15   -9.885346937   -0.000000000
       1      16   -9.885346937   -0.000000000
       1      17   -9.786727766    0.000000000
       1      18   -9.786727766    0.000000000
       1      19   -9.416604168   -0.000000000
       1      20   -9.416604168   -0.000000000
       1      21   -8.930548561   -0.000000000
       1      22   -8.930548561   -0.000000000
       1      23  -10.539774919   -0.000000000
       1      24  -10.539774919    0.000000000
       1      25   -9.107136423    0.000000000
       1      26   -9.107136423    0.000000000
       1      27  -10.446051564   -0.000000000
       1      28  -10.446051563   -0.000000000
       1      29   -9.770688110    0.000000000
       1      30   -9.770688110   -0.000000000
       1      31   -9.283372596    0.000000000
       1      32   -9.283372596    0.000000000
       1      33  -10.363930789    0.000000000
       1      34  -10.363930789    0.000000000
       1      35  -10.751332050    0.000000000
       1      36  -10.751332051    0.000000000
       1      37   -9.076318518    0.000000000
       1      38   -9.076318520    0.000000000
       1      39   -9.399022701    0.000000000
       1      40   -9.399022701    0.000000000
       1      41   -9.634858723    0.000000000
       1      42   -9.634858721   -0.000000000
       1      43   -7.713880432    0.000000000
       1      44   -7.713880431    0.000000000
       1      45  -10.044631155    0.000000000
       1      46  -10.044631153    0.000000000
       1      47   -9.600172195    0.000000000
       1      48   -9.600172196   -0.000000000
       1      49   -8.916149955    0.000000000
       1      50   -8.916149955    0.000000000
       1      51   -9.100968585   -0.000000000
       1      52   -9.100968585   -0.000000000
       1      53   -9.572085048   -0.000000000
       1      54   -9.572085047   -0.000000000
       1      55   -9.264845352    0.000000000
       1      56   -9.264845353    0.000000000
       1      57   -8.888022400   -0.000000000
       1      58   -8.888022400    0.000000000
       1      59   -8.957740902   -0.000000000
       1      60   -8.957740902   -0.000000000
       1      61  -10.319435979   -0.000000000
       1      62  -10.319435979   -0.000000000
       1      63   -8.628607471    0.000000000
       1      64   -8.628607472    0.000000000
       1      65   -9.014164664    0.000000000
       1      66   -9.014164663   -0.000000000
       1      67   -8.768318768   -0.000000000
       1      68   -8.768318768    0.000000000
       1      69   -9.141999182    0.000000000
       1      70   -9.141999183    0.000000000
       1      71  -10.367148467   -0.000000000
       1      72  -10.367148467    0.000000000
       1      73   -8.843563486    0.000000000
       1      74   -8.843563486    0.000000000
       1      75   -8.919590839    0.000000000
       1      76   -8.919590839    0.000000000
       1      77   -9.115319065    0.000000000
       1      78   -9.115319064    0.000000000
       1      79   -9.335946546    0.000000000
       1      80   -9.335946546    0.000000000
       1      81   -9.261594815    0.000000000
       1      82   -9.261594814    0.000000000
       1      83   -8.907284397    0.000000000
       1      84   -8.907284399   -0.000000000
       1      85   -9.491549152    0.000000000
       1      86   -9.491549151    0.000000000
       1      87   -9.574026981   -0.000000000
       1      88   -9.574026982    0.000000000
       1      89   -9.060694553   -0.000000000
       1      90   -9.060694553   -0.000000000
       1      91   -9.768629708    0.000000000
       1      92   -9.768629709    0.000000000
       1      93   -8.252765171   -0.000000000
       1      94   -8.252765172    0.000000000
       1      95   -9.172486567    0.000000000
       1      96   -9.172486507   -0.000000000
       1      97   -9.133464819    0.000000000
       1      98   -9.133464883    0.000000000
       1      99   -9.250041034    0.000000000
       1     100   -9.250041012    0.000000000
       1     101   -8.844966038    0.000000000
       1     102   -8.844964558    0.000000000
  0.000000000  0.166666667 -0.166666667     102       0
       1       1  -10.557167635    0.000000000
       1       2  -10.557167635    0.000000000
       1       3  -10.944024226   -0.000000000
       1       4  -10.944024226   -0.000000000
       1       5  -10.371933835   -0.000000000
       1       6  -10.371933835   -0.000000000
       1       7  -11.204423157   -0.000000000
       1       8  -11.204423157   -0.000000000
       1       9  -10.172811106   -0.000000000
       1      10  -10.172811106   -0.000000000
       1      11  -10.065372413   -0.000000000
       1      12  -10.065372413   -0.000000000
       1      13  -10.226364061    0.000000000
       1      14  -10.226364061   -0.000000000
       1      15   -9.793714157    0.000000000
       1      16   -9.793714157   -0.000000000
       1      17   -9.396451964    0.000000000
       1      18   -9.396451964   -0.000000000
       1      19  -10.490561526    0.000000000
       1      20  -10.490561526    0.000000000
       1      21   -8.511762778    0.000000000
       1      22   -8.511762778   -0.000000000
       1      23   -8.562359453    0.000000000
       1      24   -8.562359453   -0.000000000
       1      25   -8.887439069   -0.000000000
       1      26   -8.887439069    0.000000000
       1      27   -9.444531356   -0.000000000
       1      28   -9.444531356    0.000000000
       1      29   -9.648347359    0.000000000
       1      30   -9.648347359    0.000000000
       1      31   -9.576379725    0.000000000
       1      32   -9.576379725    0.000000000
       1      33   -9.564965046    0.000000000
       1      34   -9.564965046    0.000000000
       1      35  -10.512632183    0.000000000
       1      36  -10.512632184    0.000000000
       1      37   -7.946590529    0.000000000
       1      38   -7.946590529    0.000000000
       1      39  -10.551220977   -0.000000000
       1      40  -10.551220978    0.000000000
       1      41  -10.708795851   -0.000000000
       1      42  -10.708795851    0.000000000
       1      43  -10.662891190    0.000000000
       1      44  -10.662891190    0.000000000
       1      45   -8.859536104    0.000000000
       1      46   -8.859536104    0.000000000
       1      47  -10.572764166    0.000000000
       1      48  -10.572764166   -0.000000000
       1      49   -9.711598536    0.000000000
       1      50   -9.711598537    0.000000000
       1      51   -9.113542446    0.000000000
       1      52   -9.113542446   -0.000000000
       1      53   -8.940782684   -0.000000000
       1      54   -8.940782683   -0.000000000
       1      55   -9.414405733    0.000000000
       1      56   -9.414405733    0.000000000
       1      57  -10.083455974    0.000000000
       1      58  -10.083455974    0.000000000
       1      59   -9.433228514    0.000000000
       1      60   -9.433228514   -0.000000000
       1      61   -9.186072281    0.000000000
       1      62   -9.186072281    0.000000000
       1      63   -9.754845014   -0.000000000
       1      64   -9.754845014    0.000000000
       1      65   -8.988246552   -0.000000000
       1      66   -8.988246553   -0.000000000
       1      67   -8.578128791    0.000000000
       1      68   -8.578128791    0.000000000
       1      69   -9.893655370    0.000000000
       1      70   -9.893655369    0.000000000
       1      71   -9.480685846    0.000000000
       1      72   -9.480685846    0.000000000
       1      73   -8.017849456    0.000000000
       1      74   -8.017849457    0.000000000
       1      75   -7.969679065    0.000000000
       1      76   -7.969679064    0.000000000
       1      77   -8.998305170    0.000000000
       1      78   -8.998305170    0.000000000
       1      79   -8.600611023    0.000000000
       1      80   -8.600611024    0.000000000
       1      81   -9.275352471    0.000000000
       1      82   -9.275352471    0.000000000
       1      83   -9.018860227    0.000000000
       1      84   -9.018860226    0.000000000
       1      85   -9.427292170    0.000000000
       1      86   -9.427292171   -0.000000000
       1      87   -9.673930408    0.000000000
       1      88   -9.673930408    0.000000000
       1      89   -9.003844654   -0.000000000
       1      90   -9.003844655   -0.000000000
       1      91   -9.279917169    0.000000000
       1      92   -9.279917168    0.000000000
       1      93   -9.274486951   -0.000000000
       1      94   -9.274486945    0.000000000
       1      95   -9.380283343   -0.000000000
       1      96   -9.380283332   -0.000000000
       1      97   -9.108088722   -0.000000000
       1      98   -9.108088726    0.000000000
       1      99   -7.446711662    0.000000000
       1     100   -7.446711643    0.000000000
       1     101   -8.385838450   -0.000000000
       1     102   -8.385838444   -0.000000000
 -0.000000000  0.333333333  0.333333333     102       0
       1       1  -10.635038802   -0.000000000
       1       2  -10.635038802   -0.000000000
       1       3  -11.102953866    0.000000000
       1       4  -11.102953866    0.000000000
       1       5  -10.645899764    0.000000000
       1       6  -10.645899764    0.000000000
       1       7  -10.645899764    0.000000000
       1       8  -10.645899764    0.000000000
       1       9   -9.208222622   -0.000000000
       1      10   -9.208222622   -0.000000000
       1      11   -8.952786601    0.000000000
       1      12   -8.952786601    0.000000000
       1      13  -10.616229999    0.000000000
       1      14  -10.616229999   -0.000000000
       1      15  -10.616229999   -0.000000000
       1      16  -10.616229999   -0.000000000
       1      17  -10.764985008    0.000000000
       1      18  -10.764985008    0.000000000
       1      19  -10.104754475    0.000000000
       1      20  -10.104754475    0.000000000
       1      21   -8.803721813   -0.000000000
       1      22   -8.803721813    0.000000000
       1      23  -10.096648591    0.000000000
       1      24  -10.096648591   -0.000000000
       1      25  -10.096648591    0.000000000
       1      26  -10.096648591   -0.000000000
       1      27   -8.313472515   -0.000000000
       1      28   -8.313472516   -0.000000000
       1      29  -10.262731801    0.000000000
       1      30  -10.262731801   -0.000000000
       1      31   -8.564287705    0.000000000
       1      32   -8.564287705   -0.000000000
       1      33   -8.564287705   -0.000000000
       1      34   -8.564287705    0.000000000
       1      35  -10.197648595    0.000000000
       1      36  -10.197648595    0.000000000
       1      37  -10.051694358    0.000000000
       1      38  -10.051694358    0.000000000
       1      39   -9.236969057    0.000000000
       1      40   -9.236969057    0.000000000
       1      41   -9.489653938    0.000000000
       1      42   -9.489653938    0.000000000
       1      43   -9.489653938    0.000000000
       1      44   -9.489653938   -0.000000000
       1      45   -8.375579031    0.000000000
       1      46   -8.375579031    0.000000000
       1      47   -8.723020443    0.000000000
       1      48   -8.723020444   -0.000000000
       1      49  -10.587071930   -0.000000000
       1      50  -10.587071930    0.000000000
       1      51  -10.011718938   -0.000000000
       1      52  -10.011718937    0.000000000
       1      53  -10.011718937   -0.000000000
       1      54  -10.011718938    0.000000000
       1      55   -8.976944509   -0.000000000
       1      56   -8.976944510   -0.000000000
       1      57   -9.667317244    0.000000000
       1      58   -9.667317244    0.000000000
       1      59   -9.086457810    0.000000000
       1      60   -9.086457809   -0.000000000
       1      61   -9.086457810    0.000000000
       1      62   -9.086457810    0.000000000
       1      63   -9.299876559   -0.000000000
       1      64   -9.299876559    0.000000000
       1      65  -10.180759869    0.000000000
       1      66  -10.180759869   -0.000000000
       1      67  -10.180759869    0.000000000
       1      68  -10.180759868   -0.000000000
       1      69   -9.522397932   -0.000000000
       1      70   -9.522397932   -0.000000000
       1      71   -9.275922505    0.000000000
       1      72   -9.275922505    0.000000000
       1      73   -9.275922505    0.000000000
       1      74   -9.275922505   -0.000000000
       1      75   -7.835308765    0.000000000
       1      76   -7.835308765    0.000000000
       1      77   -7.839076987    0.000000000
       1      78   -7.839076986   -0.000000000
       1      79   -7.886830032    0.000000000
       1      80   -7.886830033    0.000000000
       1      81   -7.886830032    0.000000000
       1      82   -7.886830033    0.000000000
       1      83  -10.156672798   -0.000000000
       1      84  -10.156672800   -0.000000000
       1      85   -8.834844107    0.000000000
       1      86   -8.834844108    0.000000000
       1      87   -8.428515565    0.000000000
       1      88   -8.428515566    0.000000000
       1      89   -9.313898036    0.000000000
       1      90   -9.313898037   -0.000000000
       1      91   -9.313898038    0.000000000
       1      92   -9.313898038   -0.000000000
       1      93   -9.556642223    0.000000000
       1      94   -9.556642222    0.000000000
       1      95  -10.042377554    0.000000000
       1      96  -10.042377592    0.000000000
       1      97   -8.668034865    0.000000000
       1      98   -8.668034876   -0.000000000
       1      99   -8.788273973   -0.000000000
       1     100   -8.788273952    0.000000000
       1     101   -9.086844391    0.000000000
       1     102   -9.086844400    0.000000000
 -0.000000000  0.333333333 -0.500000000     102       0
       1       1  -10.784652727   -0.000000000
       1       2  -10.784652727   -0.000000000
       1       3  -10.970167853    0.000000000
       1       4  -10.970167853    0.000000000
       1       5  -10.108183110   -0.000000000
       1       6  -10.108183110   -0.000000000
       1       7  -10.644058889    0.000000000
       1       8  -10.644058889   -0.000000000
       1       9   -9.096121937   -0.000000000
       1      10   -9.096121937    0.000000000
       1      11   -9.451968306   -0.000000000
       1      12   -9.451968306   -0.000000000
       1      13  -10.257118203    0.000000000
       1      14  -10.257118203   -0.000000000
       1      15  -10.457020931    0.000000000
       1      16  -10.457020931   -0.000000000
       1      17  -10.234717815    0.000000000
       1      18  -10.234717815   -0.000000000
       1      19  -10.237325565    0.000000000
       1      20  -10.237325565    0.000000000
       1      21  -10.409558764    0.000000000
       1      22  -10.409558764    0.000000000
       1      23  -10.615127115    0.000000000
       1      24  -10.615127115   -0.000000000
       1      25   -8.461173503    0.000000000
       1      26   -8.461173503   -0.000000000
       1      27   -9.794337321    0.000000000
       1      28   -9.794337321    0.000000000
       1      29  -10.420345232   -0.000000000
       1      30  -10.420345232   -0.000000000
       1      31   -8.536787621   -0.000000000
       1      32   -8.536787621   -0.000000000
       1      33   -9.562214244    0.000000000
       1      34   -9.562214243    0.000000000
       1      35   -8.612960067   -0.000000000
       1      36   -8.612960067    0.000000000
       1      37   -9.822275664   -0.000000000
       1      38   -9.822275664    0.000000000
       1      39   -9.663244887    0.000000000
       1      40   -9.663244887    0.000000000
       1      41   -8.977215544    0.000000000
       1      42   -8.977215544    0.000000000
       1      43   -8.650478977    0.000000000
       1      44   -8.650478977    0.000000000
       1      45  -10.259192204   -0.000000000
       1      46  -10.259192204    0.000000000
       1      47   -9.276339439    0.000000000
       1      48   -9.276339439    0.000000000
       1      49  -10.488943136   -0.000000000
       1      50  -10.488943136    0.000000000
       1      51   -8.695475032   -0.000000000
       1      52   -8.695475032   -0.000000000
       1      53   -9.278529696    0.000000000
       1      54   -9.278529696    0.000000000
       1      55   -9.817717151    0.000000000
       1      56   -9.817717151    0.000000000
       1      57   -8.651378213    0.000000000
       1      58   -8.651378213    0.000000000
       1      59   -8.881144487    0.000000000
       1      60   -8.881144487    0.000000000
       1      61   -9.096920823    0.000000000
       1      62   -9.096920823    0.000000000
       1      63   -8.247930863    0.000000000
       1      64   -8.247930863    0.000000000
       1      65   -9.004580058    0.000000000
       1      66   -9.004580058   -0.000000000
       1      67   -8.736263241   -0.000000000
       1      68   -8.736263241    0.000000000
       1      69  -10.224905562    0.000000000
       1      70  -10.224905562    0.000000000
       1      71   -9.006125485    0.000000000
       1      72   -9.006125485    0.000000000
       1      73   -9.439566044   -0.000000000
       1      74   -9.439566044   -0.000000000
       1      75   -9.472796535    0.000000000
       1      76   -9.472796535    0.000000000
       1      77   -9.530418206   -0.000000000
       1      78   -9.530418207   -0.000000000
       1      79   -8.750710656    0.000000000
       1      80   -8.750710656    0.000000000
       1      81   -8.478736007    0.000000000
       1      82   -8.478736007    0.000000000
       1      83   -9.719555744   -0.000000000
       1      84   -9.719555744    0.000000000
       1      85   -8.841862501    0.000000000
       1      86   -8.841862501   -0.000000000
       1      87   -8.615650815   -0.000000000
       1      88   -8.615650815   -0.000000000
       1      89  -10.096697810    0.000000000
       1      90  -10.096697810   -0.000000000
       1      91   -9.044665907    0.000000000
       1      92   -9.044665908    0.000000000
       1      93   -9.587458420   -0.000000000
       1      94   -9.587458421    0.000000000
       1      95   -9.089450097   -0.000000000
       1      96   -9.089450097    0.000000000
       1      97   -8.894403038    0.000000000
       1      98   -8.894403010   -0.000000000
       1      99   -9.536932545    0.000000000
       1     100   -9.536932602    0.000000000
       1     101   -9.534947066    0.000000000
       1     102   -9.534946904    0.000000000
 -0.000000000  0.333333333 -0.333333333     102       0
       1       1  -10.899939245   -0.000000000
       1       2  -10.899939245   -0.000000000
       1       3  -10.869065042   -0.000000000
       1       4  -10.869065042   -0.000000000
       1       5   -9.847067369   -0.000000000
       1       6   -9.847067369   -0.000000000
       1       7  -10.749638483   -0.000000000
       1       8  -10.749638483   -0.000000000
       1       9   -9.195524150   -0.000000000
       1      10   -9.195524150   -0.000000000
       1      11   -9.727681264   -0.000000000
       1      12   -9.727681265   -0.000000000
       1      13  -10.187541737   -0.000000000
       1      14  -10.187541737    0.000000000
       1      15  -10.426404036   -0.000000000
       1      16  -10.426404037    0.000000000
       1      17  -10.150173426    0.000000000
       1      18  -10.150173426   -0.000000000
       1      19   -9.821786747   -0.000000000
       1      20   -9.821786747    0.000000000
       1      21   -8.731994429   -0.000000000
       1      22   -8.731994429    0.000000000
       1      23   -8.229082232    0.000000000
       1      24   -8.229082232    0.000000000
       1      25  -10.590699657    0.000000000
       1      26  -10.590699656    0.000000000
       1      27  -10.630133151   -0.000000000
       1      28  -10.630133151    0.000000000
       1      29  -10.561058843    0.000000000
       1      30  -10.561058843   -0.000000000
       1      31  -10.892723867    0.000000000
       1      32  -10.892723867    0.000000000
       1      33  -10.753962020   -0.000000000
       1      34  -10.753962021   -0.000000000
       1      35   -8.774254600    0.000000000
       1      36   -8.774254601    0.000000000
       1      37   -9.792467742    0.000000000
       1      38   -9.792467742    0.000000000
       1      39   -9.365169533    0.000000000
       1      40   -9.365169534   -0.000000000
       1      41   -8.287375649   -0.000000000
       1      42   -8.287375650   -0.000000000
       1      43   -8.776871361    0.000000000
       1      44   -8.776871361    0.000000000
       1      45   -9.176007704    0.000000000
       1      46   -9.176007703    0.000000000
       1      47   -9.190081902    0.000000000
       1      48   -9.190081903    0.000000000
       1      49   -8.722789518    0.000000000
       1      50   -8.722789517   -0.000000000
       1      51   -9.371384280    0.000000000
       1      52   -9.371384282    0.000000000
       1      53   -7.977804382    0.000000000
       1      54   -7.977804381    0.000000000
       1      55  -10.525583212   -0.000000000
       1      56  -10.525583212   -0.000000000
       1      57   -8.917092548    0.000000000
       1      58   -8.917092548    0.000000000
       1      59   -9.181255376   -0.000000000
       1      60   -9.181255374    0.000000000
       1      61   -8.719823602   -0.000000000
       1      62   -8.719823602    0.000000000
       1      63   -8.883673833    0.000000000
       1      64   -8.883673833   -0.000000000
       1      65   -8.387187980    0.000000000
       1      66   -8.387187980    0.000000000
       1      67   -8.428054652   -0.000000000
       1      68   -8.428054652   -0.000000000
       1      69   -9.579153252    0.000000000
       1      70   -9.579153252    0.000000000
       1      71  -10.582148223    0.000000000
       1      72  -10.582148223    0.000000000
       1      73  -10.547802453    0.000000000
       1      74  -10.547802453    0.000000000
       1      75   -9.528859545    0.000000000
       1      76   -9.528859545    0.000000000
       1      77   -9.915357633   -0.000000000
       1      78   -9.915357634   -0.000000000
       1      79   -8.598873338    0.000000000
       1      80   -8.598873338    0.000000000
       1      81   -8.969787126   -0.000000000
       1      82   -8.969787127    0.000000000
       1      83   -9.647941293    0.000000000
       1      84   -9.647941292   -0.000000000
       1      85   -8.805722934   -0.000000000
       1      86   -8.805722934    0.000000000
       1      87   -9.108652619   -0.000000000
       1      88   -9.108652619    0.000000000
       1      89   -8.720073766   -0.000000000
       1      90   -8.720073769    0.000000000
       1      91   -9.473681215    0.000000000
       1      92   -9.473681222    0.000000000
       1      93   -8.986964599   -0.000000000
       1      94   -8.986964594    0.000000000
       1      95   -8.735158638    0.000000000
       1      96   -8.735158616    0.000000000
       1      97   -9.496888133    0.000000000
       1      98   -9.496888152   -0.000000000
       1      99   -9.155662674    0.000000000
       1     100   -9.155662503   -0.000000000
       1     101   -9.222602223    0.000000000
       1     102   -9.222602339   -0.000000000
 -0.000000000 -0.500000000 -0.500000000     102       0
       1       1  -10.851531532   -0.000000000
       1       2  -10.851531532   -0.000000000
       1       3  -10.851531532   -0.000000000
       1       4  -10.851531532    0.000000000
       1       5  -10.591320093   -0.000000000
       1       6  -10.591320093   -0.000000000
       1       7  -10.591320093    0.000000000
       1       8  -10.591320093   -0.000000000
       1       9   -8.983230569   -0.000000000
       1      10   -8.983230569   -0.000000000
       1      11   -8.983230569   -0.000000000
       1      12   -8.983230569    0.000000000
       1      13  -10.558171241    0.000000000
       1      14  -10.558171241    0.000000000
       1      15  -10.558171241    0.000000000
       1      16  -10.558171241   -0.000000000
       1      17  -10.564508104    0.000000000
       1      18  -10.564508104    0.000000000
       1      19  -10.564508104   -0.000000000
       1      20  -10.564508104    0.000000000
       1      21  -10.163944728    0.000000000
       1      22  -10.163944728   -0.000000000
       1      23  -10.163944728    0.000000000
       1      24  -10.163944728    0.000000000
       1      25  -10.275670237    0.000000000
       1      26  -10.275670237    0.000000000
       1      27  -10.275670237    0.000000000
       1      28  -10.275670237    0.000000000
       1      29   -9.055516585    0.000000000
       1      30   -9.055516585    0.000000000
       1      31   -9.055516585    0.000000000
       1      32   -9.055516585   -0.000000000
       1      33   -8.091956040    0.000000000
       1      34   -8.091956040    0.000000000
       1      35   -8.091956040   -0.000000000
       1      36   -8.091956040    0.000000000
       1      37   -9.191929682    0.000000000
       1      38   -9.191929682   -0.000000000
       1      39   -9.191929682    0.000000000
       1      40   -9.191929682   -0.000000000
       1      41   -8.525396667   -0.000000000
       1      42   -8.525396667    0.000000000
       1      43   -8.525396667   -0.000000000
       1      44   -8.525396667    0.000000000
       1      45  -10.743154964   -0.000000000
       1      46  -10.743154964    0.000000000
       1      47  -10.743154964   -0.000000000
       1      48  -10.743154964    0.000000000
       1      49  -10.654030803    0.000000000
       1      50  -10.654030803    0.000000000
       1      51  -10.654030803   -0.000000000
       1      52  -10.654030803    0.000000000
       1      53   -8.756146829   -0.000000000
       1      54   -8.756146829   -0.000000000
       1      55   -8.756146829   -0.000000000
       1      56   -8.756146829    0.000000000
       1      57   -8.099407958    0.000000000
       1      58   -8.099407958   -0.000000000
       1      59   -8.099407958    0.000000000
       1      60   -8.099407958   -0.000000000
       1      61   -9.379735773   -0.000000000
       1      62   -9.379735773    0.000000000
       1      63   -9.379735773   -0.000000000
       1      64   -9.379735773    0.000000000
       1      65   -9.246330827    0.000000000
       1      66   -9.246330827    0.000000000
       1      67   -9.246330827    0.000000000
       1      68   -9.246330827    0.000000000
       1      69   -9.273576010    0.000000000
       1      70   -9.273576010    0.000000000
       1      71   -9.273576010    0.000000000
       1      72   -9.273576010   -0.000000000
       1      73   -9.112746879    0.000000000
       1      74   -9.112746879    0.000000000
       1      75   -9.112746879   -0.000000000
       1      76   -9.112746879    0.000000000
       1      77   -8.024663042    0.000000000
       1      78   -8.024663042    0.000000000
       1      79   -8.024663042    0.000000000
       1      80   -8.024663042    0.000000000
       1      81   -8.886333607    0.000000000
       1      82   -8.886333607    0.000000000
       1      83   -8.886333607    0.000000000
       1      84   -8.886333607    0.000000000
       1      85  -10.107814804    0.000000000
       1      86  -10.107814804    0.000000000
       1      87  -10.107814804   -0.000000000
       1      88  -10.107814804    0.000000000
       1      89  -10.604935075    0.000000000
       1      90  -10.604935075    0.000000000
       1      91  -10.604935075    0.000000000
       1      92  -10.604935075    0.000000000
       1      93   -8.612676269    0.000000000
       1      94   -8.612676270   -0.000000000
       1      95   -8.612676270    0.000000000
       1      96   -8.612676270    0.000000000
       1      97  -10.280043026   -0.000000000
       1      98  -10.280043034    0.000000000
       1      99  -10.280043016    0.000000000
       1     100  -10.280043072   -0.000000000
       1     101   -9.471538653    0.000000000
       1     102   -9.471538540   -0.000000000
  0.166666667  0.333333333 -0.500000000     102       0
       1       1  -10.708684583    0.000000000
       1       2  -10.708684583    0.000000000
       1       3  -10.993609371   -0.000000000
       1       4  -10.993609371   -0.000000000
       1       5  -10.123585035    0.000000000
       1       6  -10.123585035    0.000000000
       1       7  -10.518904055    0.000000000
       1       8  -10.518904055   -0.000000000
       1       9   -9.767506580   -0.000000000
       1      10   -9.767506580   -0.000000000
       1      11   -9.293989564   -0.000000000
       1      12   -9.293989564   -0.000000000
       1      13  -10.124507762    0.000000000
       1      14  -10.124507762   -0.000000000
       1      15  -10.501511152    0.000000000
       1      16  -10.501511152   -0.000000000
       1      17  -10.153751973   -0.000000000
       1      18  -10.153751973    0.000000000
       1      19   -9.992264046    0.000000000
       1      20   -9.992264046    0.000000000
       1      21  -10.396502409    0.000000000
       1      22  -10.396502409   -0.000000000
       1      23   -9.188363551   -0.000000000
       1      24   -9.188363551   -0.000000000
       1      25   -8.583866117   -0.000000000
       1      26   -8.583866117   -0.000000000
       1      27  -10.159486453    0.000000000
       1      28  -10.159486453    0.000000000
       1      29   -9.051147034    0.000000000
       1      30   -9.051147034    0.000000000
       1      31  -10.124241529    0.000000000
       1      32  -10.124241529    0.000000000
       1      33  -10.042170089    0.000000000
       1      34  -10.042170089    0.000000000
       1      35  -10.585478444    0.000000000
       1      36  -10.585478444   -0.000000000
       1      37   -8.933181315    0.000000000
       1      38   -8.933181315    0.000000000
       1      39   -9.173394699    0.000000000
       1      40   -9.173394699    0.000000000
       1      41  -10.604800014    0.000000000
       1      42  -10.604800014    0.000000000
       1      43   -8.877847680    0.000000000
       1      44   -8.877847680    0.000000000
       1      45   -7.894915951   -0.000000000
       1      46   -7.894915951    0.000000000
       1      47   -9.484882630    0.000000000
       1      48   -9.484882631    0.000000000
       1      49   -9.209054376    0.000000000
       1      50   -9.209054376   -0.000000000
       1      51   -8.841620560   -0.000000000
       1      52   -8.841620560   -0.000000000
       1      53   -8.933629537    0.000000000
       1      54   -8.933629537    0.000000000
       1      55   -9.679710681    0.000000000
       1      56   -9.679710681    0.000000000
       1      57   -9.400649689    0.000000000
       1      58   -9.400649688    0.000000000
       1      59   -9.802941972   -0.000000000
       1      60   -9.802941972   -0.000000000
       1      61   -9.129783272    0.000000000
       1      62   -9.129783272    0.000000000
       1      63  -10.168527635   -0.000000000
       1      64  -10.168527635    0.000000000
       1      65   -9.003173598    0.000000000
       1      66   -9.003173598    0.000000000
       1      67   -8.484670717   -0.000000000
       1      68   -8.484670717    0.000000000
       1      69   -9.231082312    0.000000000
       1      70   -9.231082312    0.000000000
       1      71   -8.758337747   -0.000000000
       1      72   -8.758337747   -0.000000000
       1      73   -9.478736103    0.000000000
       1      74   -9.478736103    0.000000000
       1      75   -9.667552712   -0.000000000
       1      76   -9.667552712    0.000000000
       1      77   -9.507046014   -0.000000000
       1      78   -9.507046013   -0.000000000
       1      79   -8.723865780   -0.000000000
       1      80   -8.723865780   -0.000000000
       1      81   -9.182886133   -0.000000000
       1      82   -9.182886133   -0.000000000
       1      83   -8.967195545    0.000000000
       1      84   -8.967195545   -0.000000000
       1      85   -8.995401934   -0.000000000
       1      86   -8.995401934   -0.000000000
       1      87   -9.280771581    0.000000000
       1      88   -9.280771581   -0.000000000
       1      89   -9.120040233   -0.000000000
       1      90   -9.120040233   -0.000000000
       1      91   -9.592347160   -0.000000000
       1      92   -9.592347161   -0.000000000
       1      93   -8.667779379   -0.000000000
       1      94   -8.667779381   -0.000000000
       1      95   -8.663122929    0.000000000
       1      96   -8.663122927    0.000000000
       1      97   -8.930700599   -0.000000000
       1      98   -8.930700595    0.000000000
       1      99   -9.410726572    0.000000000
       1     100   -9.410726609    0.000000000
       1     101   -9.362434362    0.000000000
       1     102   -9.362433036    0.000000000
  0.166666667  0.333333333 -0.333333333     102       0
       1       1  -10.911412840   -0.000000000
       1       2  -10.911412840   -0.000000000
       1       3  -10.775811009   -0.000000000
       1       4  -10.775811009    0.000000000
       1       5  -10.067787971   -0.000000000
       1       6  -10.067787971   -0.000000000
       1       7  -10.345433642    0.000000000
       1       8  -10.345433642   -0.000000000
       1       9   -9.469719946   -0.000000000
       1      10   -9.469719946   -0.000000000
       1      11   -9.931508365    0.000000000
       1      12   -9.931508365    0.000000000
       1      13   -9.816566807   -0.000000000
       1      14   -9.816566807   -0.000000000
       1      15  -10.013814682   -0.000000000
       1      16  -10.013814682   -0.000000000
       1      17  -10.413502745   -0.000000000
       1      18  -10.413502745   -0.000000000
       1      19  -10.321509804    0.000000000
       1      20  -10.321509804   -0.000000000
       1      21  -10.165624053   -0.000000000
       1      22  -10.165624053   -0.000000000
       1      23   -8.490580705    0.000000000
       1      24   -8.490580705   -0.000000000
       1      25  -10.538997138    0.000000000
       1      26  -10.538997138    0.000000000
       1      27  -10.278166929    0.000000000
       1      28  -10.278166929    0.000000000
       1      29  -10.024048028    0.000000000
       1      30  -10.024048028    0.000000000
       1      31   -9.687810881    0.000000000
       1      32   -9.687810881    0.000000000
       1      33   -8.877832449    0.000000000
       1      34   -8.877832449   -0.000000000
       1      35  -10.252809031    0.000000000
       1      36  -10.252809031    0.000000000
       1      37  -10.393310712    0.000000000
       1      38  -10.393310712    0.000000000
       1      39   -9.188068097    0.000000000
       1      40   -9.188068097    0.000000000
       1      41   -9.074351230    0.000000000
       1      42   -9.074351230    0.000000000
       1      43   -9.390580379    0.000000000
       1      44   -9.390580379    0.000000000
       1      45   -8.621569152    0.000000000
       1      46   -8.621569152    0.000000000
       1      47   -8.880743800    0.000000000
       1      48   -8.880743800   -0.000000000
       1      49   -9.027575762    0.000000000
       1      50   -9.027575762   -0.000000000
       1      51   -8.668390199    0.000000000
       1      52   -8.668390199   -0.000000000
       1      53   -8.854080640    0.000000000
       1      54   -8.854080640    0.000000000
       1      55   -8.451748202    0.000000000
       1      56   -8.451748202    0.000000000
       1      57   -9.242237315    0.000000000
       1      58   -9.242237315    0.000000000
       1      59   -9.439333947   -0.000000000
       1      60   -9.439333947    0.000000000
       1      61   -8.831710070    0.000000000
       1      62   -8.831710070    0.000000000
       1      63   -9.694795911   -0.000000000
       1      64   -9.694795911   -0.000000000
       1      65  -10.347008379    0.000000000
       1      66  -10.347008379   -0.000000000
       1      67   -9.497352658    0.000000000
       1      68   -9.497352658    0.000000000
       1      69   -8.759060026    0.000000000
       1      70   -8.759060026   -0.000000000
       1      71   -8.353859590    0.000000000
       1      72   -8.353859590    0.000000000
       1      73   -9.499327630    0.000000000
       1      74   -9.499327630    0.000000000
       1      75   -8.947735453    0.000000000
       1      76   -8.947735453    0.000000000
       1      77   -9.570923067    0.000000000
       1      78   -9.570923067    0.000000000
       1      79   -9.328715322    0.000000000
       1      80   -9.328715322   -0.000000000
       1      81  -10.028120733    0.000000000
       1      82  -10.028120733    0.000000000
       1      83   -9.142036215    0.000000000
       1      84   -9.142036215   -0.000000000
       1      85   -9.427548651    0.000000000
       1      86   -9.427548651    0.000000000
       1      87   -9.609009170   -0.000000000
       1      88   -9.609009170   -0.000000000
       1      89   -9.204294439   -0.000000000
       1      90   -9.204294438   -0.000000000
       1      91   -8.952080519    0.000000000
       1      92   -8.952080519   -0.000000000
       1      93   -8.831799095    0.000000000
       1      94   -8.831799095   -0.000000000
       1      95   -9.249304934    0.000000000
       1      96   -9.249304933   -0.000000000
       1      97   -9.105193263    0.000000000
       1      98   -9.105193227    0.000000000
       1      99   -9.065351825    0.000000000
       1     100   -9.065351885    0.000000000
       1     101   -9.624862744    0.000000000
       1     102   -9.624861988    0.000000000
  0.166666667 -0.500000000 -0.333333333     102       0
       1       1  -10.938531913   -0.000000000
       1       2  -10.938531913   -0.000000000
       1       3  -10.938531913   -0.000000000
       1       4  -10.938531913    0.000000000
       1       5  -10.084810742   -0.000000000
       1       6  -10.084810742   -0.000000000
       1       7  -10.084810742    0.000000000
       1       8  -10.084810742    0.000000000
       1       9   -9.515220574   -0.000000000
       1      10   -9.515220574   -0.000000000
       1      11   -9.515220574    0.000000000
       1      12   -9.515220574    0.000000000
       1      13  -10.075499612    0.000000000
       1      14  -10.075499612    0.000000000
       1      15  -10.075499612    0.000000000
       1      16  -10.075499612    0.000000000
       1      17  -10.593764243   -0.000000000
       1      18  -10.593764243   -0.000000000
       1      19  -10.593764243    0.000000000
       1      20  -10.593764243    0.000000000
       1      21  -10.290693170   -0.000000000
       1      22  -10.290693170    0.000000000
       1      23  -10.290693170    0.000000000
       1      24  -10.290693170   -0.000000000
       1      25   -9.552255602    0.000000000
       1      26   -9.552255602    0.000000000
       1      27   -9.552255602   -0.000000000
       1      28   -9.552255602   -0.000000000
       1      29   -9.813056122    0.000000000
       1      30   -9.813056122    0.000000000
       1      31   -9.813056122   -0.000000000
       1      32   -9.813056122    0.000000000
       1      33   -8.378569180   -0.000000000
       1      34   -8.378569180   -0.000000000
       1      35   -8.378569180    0.000000000
       1      36   -8.378569180    0.000000000
       1      37  -10.732743741    0.000000000
       1      38  -10.732743741    0.000000000
       1      39  -10.732743741    0.000000000
       1      40  -10.732743741    0.000000000
       1      41   -9.244347463   -0.000000000
       1      42   -9.244347462    0.000000000
       1      43   -9.244347462    0.000000000
       1      44   -9.244347462   -0.000000000
       1      45   -8.489716502    0.000000000
       1      46   -8.489716502    0.000000000
       1      47   -8.489716502   -0.000000000
       1      48   -8.489716502    0.000000000
       1      49   -9.236611493    0.000000000
       1      50   -9.236611493    0.000000000
       1      51   -9.236611493    0.000000000
       1      52   -9.236611493    0.000000000
       1      53   -8.735280727    0.000000000
       1      54   -8.735280727    0.000000000
       1      55   -8.735280727    0.000000000
       1      56   -8.735280727    0.000000000
       1      57   -9.732964769   -0.000000000
       1      58   -9.732964769    0.000000000
       1      59   -9.732964769    0.000000000
       1      60   -9.732964769   -0.000000000
       1      61   -8.633014239    0.000000000
       1      62   -8.633014239    0.000000000
       1      63   -8.633014239   -0.000000000
       1      64   -8.633014239    0.000000000
       1      65   -8.617147909    0.000000000
       1      66   -8.617147909   -0.000000000
       1      67   -8.617147910    0.000000000
       1      68   -8.617147909   -0.000000000
       1      69   -9.487252109    0.000000000
       1      70   -9.487252109    0.000000000
       1      71   -9.487252109   -0.000000000
       1      72   -9.487252109    0.000000000
       1      73   -9.547777049   -0.000000000
       1      74   -9.547777049   -0.000000000
       1      75   -9.547777049   -0.000000000
       1      76   -9.547777049   -0.000000000
       1      77   -9.539226593   -0.000000000
       1      78   -9.539226593   -0.000000000
       1      79   -9.539226593   -0.000000000
       1      80   -9.539226593   -0.000000000
       1      81  -10.120587386    0.000000000
       1      82  -10.120587386    0.000000000
       1      83  -10.120587386    0.000000000
       1      84  -10.120587386    0.000000000
       1      85   -8.743810181    0.000000000
       1      86   -8.743810181   -0.000000000
       1      87   -8.743810181    0.000000000
       1      88   -8.743810181    0.000000000
       1      89   -9.273112509    0.000000000
       1      90   -9.273112509   -0.000000000
       1      91   -9.273112508    0.000000000
       1      92   -9.273112509    0.000000000
       1      93   -8.790471155    0.000000000
       1      94   -8.790471154    0.000000000
       1      95   -8.790471153    0.000000000
       1      96   -8.790471151    0.000000000
       1      97   -9.829496518   -0.000000000
       1      98   -9.829496526    0.000000000
       1      99   -9.829496539    0.000000000
       1     100   -9.829496116    0.000000000
       1     101   -8.855788306    0.000000000
       1     102   -8.855788491    0.000000000
