# idx_k idx_b kx ky kz s energy
   0    0  0.00000000  0.00000000  0.00000000  0.00000000 -5.70201973
   0    1  0.00000000  0.00000000  0.00000000  0.00000000 -5.70201973
   0    2  0.00000000  0.00000000  0.00000000  0.00000000 -3.46848104
   0    3  0.00000000  0.00000000  0.00000000  0.00000000 -3.46848103
   0    4  0.00000000  0.00000000  0.00000000  0.00000000 -3.26375419
   0    5  0.00000000  0.00000000  0.00000000  0.00000000 -3.26375419
   0    6  0.00000000  0.00000000  0.00000000  0.00000000 -3.25246342
   0    7  0.00000000  0.00000000  0.00000000  0.00000000 -3.25246340
   0    8  0.00000000  0.00000000  0.00000000  0.00000000 -1.43152693
   0    9  0.00000000  0.00000000  0.00000000  0.00000000 -1.43152693
   0   10  0.00000000  0.00000000  0.00000000  0.00000000 -1.28045131
   0   11  0.00000000  0.00000000  0.00000000  0.00000000 -1.28045131
   0   12  0.00000000  0.00000000  0.00000000  0.00000000 -0.55238832
   0   13  0.00000000  0.00000000  0.00000000  0.00000000 -0.55238832
   0   14  0.00000000  0.00000000  0.00000000  0.00000000 -0.33296964
   0   15  0.00000000  0.00000000  0.00000000  0.00000000 -0.33296964
   0   16  0.00000000  0.00000000  0.00000000  0.00000000 -0.32789870
   0   17  0.00000000  0.00000000  0.00000000  0.00000000 -0.32789869
   0   18  0.00000000  0.00000000  0.00000000  0.00000000 -0.25612610
   0   19  0.00000000  0.00000000  0.00000000  0.00000000 -0.25612610
   0   20  0.00000000  0.00000000  0.00000000  0.00000000 -0.22913262
   0   21  0.00000000  0.00000000  0.00000000  0.00000000 -0.22913262
   0   22  0.00000000  0.00000000  0.00000000  0.00000000 -0.22244743
   0   23  0.00000000  0.00000000  0.00000000  0.00000000 -0.22244743
   0   24  0.00000000  0.00000000  0.00000000  0.00000000 -0.10196262
   0   25  0.00000000  0.00000000  0.00000000  0.00000000 -0.10196262
   0   26  0.00000000  0.00000000  0.00000000  0.00000000  0.29231270
   0   27  0.00000000  0.00000000  0.00000000  0.00000000  0.29231279
   0   28  0.00000000  0.00000000  0.00000000  0.00000000  0.29728704
   0   29  0.00000000  0.00000000  0.00000000  0.00000000  0.29728704
   1    0  0.00000000  0.05000000  0.00000000  0.38117440 -5.70047339
   1    1  0.00000000  0.05000000  0.00000000  0.38117440 -5.70047339
   1    2  0.00000000  0.05000000  0.00000000  0.38117440 -3.46650531
   1    3  0.00000000  0.05000000  0.00000000  0.38117440 -3.46650529
   1    4  0.00000000  0.05000000  0.00000000  0.38117440 -3.26069248
   1    5  0.00000000  0.05000000  0.00000000  0.38117440 -3.26069248
   1    6  0.00000000  0.05000000  0.00000000  0.38117440 -3.25067996
   1    7  0.00000000  0.05000000  0.00000000  0.38117440 -3.25067995
   1    8  0.00000000  0.05000000  0.00000000  0.38117440 -1.41958118
   1    9  0.00000000  0.05000000  0.00000000  0.38117440 -1.41958118
   1   10  0.00000000  0.05000000  0.00000000  0.38117440 -1.27020802
   1   11  0.00000000  0.05000000  0.00000000  0.38117440 -1.27020802
   1   12  0.00000000  0.05000000  0.00000000  0.38117440 -0.54486463
   1   13  0.00000000  0.05000000  0.00000000  0.38117440 -0.54486463
   1   14  0.00000000  0.05000000  0.00000000  0.38117440 -0.32864175
   1   15  0.00000000  0.05000000  0.00000000  0.38117440 -0.32864175
   1   16  0.00000000  0.05000000  0.00000000  0.38117440 -0.32138646
   1   17  0.00000000  0.05000000  0.00000000  0.38117440 -0.32138646
   1   18  0.00000000  0.05000000  0.00000000  0.38117440 -0.25170148
   1   19  0.00000000  0.05000000  0.00000000  0.38117440 -0.25170148
   1   20  0.00000000  0.05000000  0.00000000  0.38117440 -0.22911543
   1   21  0.00000000  0.05000000  0.00000000  0.38117440 -0.22911543
   1   22  0.00000000  0.05000000  0.00000000  0.38117440 -0.21723570
   1   23  0.00000000  0.05000000  0.00000000  0.38117440 -0.21723569
   1   24  0.00000000  0.05000000  0.00000000  0.38117440 -0.09923607
   1   25  0.00000000  0.05000000  0.00000000  0.38117440 -0.09923606
   1   26  0.00000000  0.05000000  0.00000000  0.38117440  0.24849637
   1   27  0.00000000  0.05000000  0.00000000  0.38117440  0.24849637
   1   28  0.00000000  0.05000000  0.00000000  0.38117440  0.25279496
   1   29  0.00000000  0.05000000  0.00000000  0.38117440  0.25279496
   2    0  0.00000000  0.10000000  0.00000000  0.76234881 -5.69641429
   2    1  0.00000000  0.10000000  0.00000000  0.76234881 -5.69641429
   2    2  0.00000000  0.10000000  0.00000000  0.76234881 -3.46156545
   2    3  0.00000000  0.10000000  0.00000000  0.76234881 -3.46156543
   2    4  0.00000000  0.10000000  0.00000000  0.76234881 -3.25508044
   2    5  0.00000000  0.10000000  0.00000000  0.76234881 -3.25508043
   2    6  0.00000000  0.10000000  0.00000000  0.76234881 -3.24355116
   2    7  0.00000000  0.10000000  0.00000000  0.76234881 -3.24355115
   2    8  0.00000000  0.10000000  0.00000000  0.76234881 -1.38627171
   2    9  0.00000000  0.10000000  0.00000000  0.76234881 -1.38627171
   2   10  0.00000000  0.10000000  0.00000000  0.76234881 -1.24209519
   2   11  0.00000000  0.10000000  0.00000000  0.76234881 -1.24209519
   2   12  0.00000000  0.10000000  0.00000000  0.76234881 -0.52410502
   2   13  0.00000000  0.10000000  0.00000000  0.76234881 -0.52410502
   2   14  0.00000000  0.10000000  0.00000000  0.76234881 -0.31972005
   2   15  0.00000000  0.10000000  0.00000000  0.76234881 -0.31972005
   2   16  0.00000000  0.10000000  0.00000000  0.76234881 -0.29939540
   2   17  0.00000000  0.10000000  0.00000000  0.76234881 -0.29939539
   2   18  0.00000000  0.10000000  0.00000000  0.76234881 -0.24303392
   2   19  0.00000000  0.10000000  0.00000000  0.76234881 -0.24303392
   2   20  0.00000000  0.10000000  0.00000000  0.76234881 -0.23526366
   2   21  0.00000000  0.10000000  0.00000000  0.76234881 -0.23526366
   2   22  0.00000000  0.10000000  0.00000000  0.76234881 -0.19212216
   2   23  0.00000000  0.10000000  0.00000000  0.76234881 -0.19212215
   2   24  0.00000000  0.10000000  0.00000000  0.76234881 -0.09285643
   2   25  0.00000000  0.10000000  0.00000000  0.76234881 -0.09285642
   2   26  0.00000000  0.10000000  0.00000000  0.76234881  0.18684507
   2   27  0.00000000  0.10000000  0.00000000  0.76234881  0.18684507
   2   28  0.00000000  0.10000000  0.00000000  0.76234881  0.20454411
   2   29  0.00000000  0.10000000  0.00000000  0.76234881  0.20454411
   3    0  0.00000000  0.15000000  0.00000000  1.14352321 -5.69133707
   3    1  0.00000000  0.15000000  0.00000000  1.14352321 -5.69133707
   3    2  0.00000000  0.15000000  0.00000000  1.14352321 -3.45598422
   3    3  0.00000000  0.15000000  0.00000000  1.14352321 -3.45598421
   3    4  0.00000000  0.15000000  0.00000000  1.14352321 -3.25132517
   3    5  0.00000000  0.15000000  0.00000000  1.14352321 -3.25132517
   3    6  0.00000000  0.15000000  0.00000000  1.14352321 -3.23175139
   3    7  0.00000000  0.15000000  0.00000000  1.14352321 -3.23175139
   3    8  0.00000000  0.15000000  0.00000000  1.14352321 -1.33878892
   3    9  0.00000000  0.15000000  0.00000000  1.14352321 -1.33878892
   3   10  0.00000000  0.15000000  0.00000000  1.14352321 -1.20352261
   3   11  0.00000000  0.15000000  0.00000000  1.14352321 -1.20352261
   3   12  0.00000000  0.15000000  0.00000000  1.14352321 -0.49543179
   3   13  0.00000000  0.15000000  0.00000000  1.14352321 -0.49543179
   3   14  0.00000000  0.15000000  0.00000000  1.14352321 -0.30755374
   3   15  0.00000000  0.15000000  0.00000000  1.14352321 -0.30755374
   3   16  0.00000000  0.15000000  0.00000000  1.14352321 -0.26656201
   3   17  0.00000000  0.15000000  0.00000000  1.14352321 -0.26656200
   3   18  0.00000000  0.15000000  0.00000000  1.14352321 -0.24731763
   3   19  0.00000000  0.15000000  0.00000000  1.14352321 -0.24731763
   3   20  0.00000000  0.15000000  0.00000000  1.14352321 -0.23469803
   3   21  0.00000000  0.15000000  0.00000000  1.14352321 -0.23469803
   3   22  0.00000000  0.15000000  0.00000000  1.14352321 -0.14682055
   3   23  0.00000000  0.15000000  0.00000000  1.14352321 -0.14682055
   3   24  0.00000000  0.15000000  0.00000000  1.14352321 -0.08947984
   3   25  0.00000000  0.15000000  0.00000000  1.14352321 -0.08947984
   3   26  0.00000000  0.15000000  0.00000000  1.14352321  0.09324876
   3   27  0.00000000  0.15000000  0.00000000  1.14352321  0.09324876
   3   28  0.00000000  0.15000000  0.00000000  1.14352321  0.14054314
   3   29  0.00000000  0.15000000  0.00000000  1.14352321  0.14054314
   4    0  0.00000000  0.20000000  0.00000000  1.52469762 -5.68704486
   4    1  0.00000000  0.20000000  0.00000000  1.52469762 -5.68704486
   4    2  0.00000000  0.20000000  0.00000000  1.52469762 -3.45216609
   4    3  0.00000000  0.20000000  0.00000000  1.52469762 -3.45216609
   4    4  0.00000000  0.20000000  0.00000000  1.52469762 -3.24918355
   4    5  0.00000000  0.20000000  0.00000000  1.52469762 -3.24918354
   4    6  0.00000000  0.20000000  0.00000000  1.52469762 -3.22246603
   4    7  0.00000000  0.20000000  0.00000000  1.52469762 -3.22246603
   4    8  0.00000000  0.20000000  0.00000000  1.52469762 -1.28760075
   4    9  0.00000000  0.20000000  0.00000000  1.52469762 -1.28760075
   4   10  0.00000000  0.20000000  0.00000000  1.52469762 -1.16516337
   4   11  0.00000000  0.20000000  0.00000000  1.52469762 -1.16516337
   4   12  0.00000000  0.20000000  0.00000000  1.52469762 -0.46676786
   4   13  0.00000000  0.20000000  0.00000000  1.52469762 -0.46676786
   4   14  0.00000000  0.20000000  0.00000000  1.52469762 -0.29949348
   4   15  0.00000000  0.20000000  0.00000000  1.52469762 -0.29949348
   4   16  0.00000000  0.20000000  0.00000000  1.52469762 -0.26399594
   4   17  0.00000000  0.20000000  0.00000000  1.52469762 -0.26399593
   4   18  0.00000000  0.20000000  0.00000000  1.52469762 -0.23478163
   4   19  0.00000000  0.20000000  0.00000000  1.52469762 -0.23478163
   4   20  0.00000000  0.20000000  0.00000000  1.52469762 -0.22646487
   4   21  0.00000000  0.20000000  0.00000000  1.52469762 -0.22646487
   4   22  0.00000000  0.20000000  0.00000000  1.52469762 -0.10315531
   4   23  0.00000000  0.20000000  0.00000000  1.52469762 -0.10315531
   4   24  0.00000000  0.20000000  0.00000000  1.52469762 -0.08767536
   4   25  0.00000000  0.20000000  0.00000000  1.52469762 -0.08767536
   4   26  0.00000000  0.20000000  0.00000000  1.52469762 -0.01623109
   4   27  0.00000000  0.20000000  0.00000000  1.52469762 -0.01623108
   4   28  0.00000000  0.20000000  0.00000000  1.52469762  0.09029327
   4   29  0.00000000  0.20000000  0.00000000  1.52469762  0.09029327
   5    0  0.00000000  0.25000000  0.00000000  1.90587202 -5.68497074
   5    1  0.00000000  0.25000000  0.00000000  1.90587202 -5.68497074
   5    2  0.00000000  0.25000000  0.00000000  1.90587202 -3.45175144
   5    3  0.00000000  0.25000000  0.00000000  1.90587202 -3.45175144
   5    4  0.00000000  0.25000000  0.00000000  1.90587202 -3.24877635
   5    5  0.00000000  0.25000000  0.00000000  1.90587202 -3.24877635
   5    6  0.00000000  0.25000000  0.00000000  1.90587202 -3.22147701
   5    7  0.00000000  0.25000000  0.00000000  1.90587202 -3.22147701
   5    8  0.00000000  0.25000000  0.00000000  1.90587202 -1.24374310
   5    9  0.00000000  0.25000000  0.00000000  1.90587202 -1.24374310
   5   10  0.00000000  0.25000000  0.00000000  1.90587202 -1.13802344
   5   11  0.00000000  0.25000000  0.00000000  1.90587202 -1.13802344
   5   12  0.00000000  0.25000000  0.00000000  1.90587202 -0.44595504
   5   13  0.00000000  0.25000000  0.00000000  1.90587202 -0.44595504
   5   14  0.00000000  0.25000000  0.00000000  1.90587202 -0.31787832
   5   15  0.00000000  0.25000000  0.00000000  1.90587202 -0.31787832
   5   16  0.00000000  0.25000000  0.00000000  1.90587202 -0.28414754
   5   17  0.00000000  0.25000000  0.00000000  1.90587202 -0.28414754
   5   18  0.00000000  0.25000000  0.00000000  1.90587202 -0.24340507
   5   19  0.00000000  0.25000000  0.00000000  1.90587202 -0.24340507
   5   20  0.00000000  0.25000000  0.00000000  1.90587202 -0.19783260
   5   21  0.00000000  0.25000000  0.00000000  1.90587202 -0.19783260
   5   22  0.00000000  0.25000000  0.00000000  1.90587202 -0.13721561
   5   23  0.00000000  0.25000000  0.00000000  1.90587202 -0.13721561
   5   24  0.00000000  0.25000000  0.00000000  1.90587202 -0.12923458
   5   25  0.00000000  0.25000000  0.00000000  1.90587202 -0.12923457
   5   26  0.00000000  0.25000000  0.00000000  1.90587202 -0.00509134
   5   27  0.00000000  0.25000000  0.00000000  1.90587202 -0.00509134
   5   28  0.00000000  0.25000000  0.00000000  1.90587202  0.08260085
   5   29  0.00000000  0.25000000  0.00000000  1.90587202  0.08260085
   6    0  0.00000000  0.30000000  0.00000000  2.28704642 -5.68568716
   6    1  0.00000000  0.30000000  0.00000000  2.28704642 -5.68568716
   6    2  0.00000000  0.30000000  0.00000000  2.28704642 -3.45534352
   6    3  0.00000000  0.30000000  0.00000000  2.28704642 -3.45534352
   6    4  0.00000000  0.30000000  0.00000000  2.28704642 -3.25019500
   6    5  0.00000000  0.30000000  0.00000000  2.28704642 -3.25019500
   6    6  0.00000000  0.30000000  0.00000000  2.28704642 -3.23049217
   6    7  0.00000000  0.30000000  0.00000000  2.28704642 -3.23049217
   6    8  0.00000000  0.30000000  0.00000000  2.28704642 -1.21518433
   6    9  0.00000000  0.30000000  0.00000000  2.28704642 -1.21518433
   6   10  0.00000000  0.30000000  0.00000000  2.28704642 -1.12946311
   6   11  0.00000000  0.30000000  0.00000000  2.28704642 -1.12946311
   6   12  0.00000000  0.30000000  0.00000000  2.28704642 -0.43897939
   6   13  0.00000000  0.30000000  0.00000000  2.28704642 -0.43897939
   6   14  0.00000000  0.30000000  0.00000000  2.28704642 -0.37433729
   6   15  0.00000000  0.30000000  0.00000000  2.28704642 -0.37433729
   6   16  0.00000000  0.30000000  0.00000000  2.28704642 -0.30599302
   6   17  0.00000000  0.30000000  0.00000000  2.28704642 -0.30599302
   6   18  0.00000000  0.30000000  0.00000000  2.28704642 -0.29806398
   6   19  0.00000000  0.30000000  0.00000000  2.28704642 -0.29806398
   6   20  0.00000000  0.30000000  0.00000000  2.28704642 -0.20381304
   6   21  0.00000000  0.30000000  0.00000000  2.28704642 -0.20381304
   6   22  0.00000000  0.30000000  0.00000000  2.28704642 -0.18054603
   6   23  0.00000000  0.30000000  0.00000000  2.28704642 -0.18054603
   6   24  0.00000000  0.30000000  0.00000000  2.28704642 -0.14367531
   6   25  0.00000000  0.30000000  0.00000000  2.28704642 -0.14367531
   6   26  0.00000000  0.30000000  0.00000000  2.28704642  0.07284033
   6   27  0.00000000  0.30000000  0.00000000  2.28704642  0.07284033
   6   28  0.00000000  0.30000000  0.00000000  2.28704642  0.11246431
   6   29  0.00000000  0.30000000  0.00000000  2.28704642  0.11246431
   7    0  0.00000000  0.35000000  0.00000000  2.66822083 -5.68873488
   7    1  0.00000000  0.35000000  0.00000000  2.66822083 -5.68873488
   7    2  0.00000000  0.35000000  0.00000000  2.66822083 -3.46239852
   7    3  0.00000000  0.35000000  0.00000000  2.66822083 -3.46239852
   7    4  0.00000000  0.35000000  0.00000000  2.66822083 -3.25301774
   7    5  0.00000000  0.35000000  0.00000000  2.66822083 -3.25301774
   7    6  0.00000000  0.35000000  0.00000000  2.66822083 -3.24654839
   7    7  0.00000000  0.35000000  0.00000000  2.66822083 -3.24654838
   7    8  0.00000000  0.35000000  0.00000000  2.66822083 -1.20392004
   7    9  0.00000000  0.35000000  0.00000000  2.66822083 -1.20392004
   7   10  0.00000000  0.35000000  0.00000000  2.66822083 -1.13967355
   7   11  0.00000000  0.35000000  0.00000000  2.66822083 -1.13967355
   7   12  0.00000000  0.35000000  0.00000000  2.66822083 -0.46714626
   7   13  0.00000000  0.35000000  0.00000000  2.66822083 -0.46714626
   7   14  0.00000000  0.35000000  0.00000000  2.66822083 -0.41875155
   7   15  0.00000000  0.35000000  0.00000000  2.66822083 -0.41875155
   7   16  0.00000000  0.35000000  0.00000000  2.66822083 -0.37994093
   7   17  0.00000000  0.35000000  0.00000000  2.66822083 -0.37994093
   7   18  0.00000000  0.35000000  0.00000000  2.66822083 -0.32698449
   7   19  0.00000000  0.35000000  0.00000000  2.66822083 -0.32698449
   7   20  0.00000000  0.35000000  0.00000000  2.66822083 -0.22950584
   7   21  0.00000000  0.35000000  0.00000000  2.66822083 -0.22950584
   7   22  0.00000000  0.35000000  0.00000000  2.66822083 -0.17901046
   7   23  0.00000000  0.35000000  0.00000000  2.66822083 -0.17901046
   7   24  0.00000000  0.35000000  0.00000000  2.66822083 -0.15233390
   7   25  0.00000000  0.35000000  0.00000000  2.66822083 -0.15233390
   7   26  0.00000000  0.35000000  0.00000000  2.66822083  0.14892026
   7   27  0.00000000  0.35000000  0.00000000  2.66822083  0.14892026
   7   28  0.00000000  0.35000000  0.00000000  2.66822083  0.16302731
   7   29  0.00000000  0.35000000  0.00000000  2.66822083  0.16302731
   8    0  0.00000000  0.40000000  0.00000000  3.04939523 -5.69279898
   8    1  0.00000000  0.40000000  0.00000000  3.04939523 -5.69279898
   8    2  0.00000000  0.40000000  0.00000000  3.04939523 -3.47106855
   8    3  0.00000000  0.40000000  0.00000000  3.04939523 -3.47106855
   8    4  0.00000000  0.40000000  0.00000000  3.04939523 -3.26399350
   8    5  0.00000000  0.40000000  0.00000000  3.04939523 -3.26399349
   8    6  0.00000000  0.40000000  0.00000000  3.04939523 -3.25611481
   8    7  0.00000000  0.40000000  0.00000000  3.04939523 -3.25611480
   8    8  0.00000000  0.40000000  0.00000000  3.04939523 -1.20555365
   8    9  0.00000000  0.40000000  0.00000000  3.04939523 -1.20555365
   8   10  0.00000000  0.40000000  0.00000000  3.04939523 -1.16085997
   8   11  0.00000000  0.40000000  0.00000000  3.04939523 -1.16085997
   8   12  0.00000000  0.40000000  0.00000000  3.04939523 -0.52227593
   8   13  0.00000000  0.40000000  0.00000000  3.04939523 -0.52227593
   8   14  0.00000000  0.40000000  0.00000000  3.04939523 -0.44439348
   8   15  0.00000000  0.40000000  0.00000000  3.04939523 -0.44439348
   8   16  0.00000000  0.40000000  0.00000000  3.04939523 -0.42946303
   8   17  0.00000000  0.40000000  0.00000000  3.04939523 -0.42946303
   8   18  0.00000000  0.40000000  0.00000000  3.04939523 -0.34442923
   8   19  0.00000000  0.40000000  0.00000000  3.04939523 -0.34442923
   8   20  0.00000000  0.40000000  0.00000000  3.04939523 -0.24728189
   8   21  0.00000000  0.40000000  0.00000000  3.04939523 -0.24728189
   8   22  0.00000000  0.40000000  0.00000000  3.04939523 -0.18624099
   8   23  0.00000000  0.40000000  0.00000000  3.04939523 -0.18624099
   8   24  0.00000000  0.40000000  0.00000000  3.04939523 -0.16194815
   8   25  0.00000000  0.40000000  0.00000000  3.04939523 -0.16194815
   8   26  0.00000000  0.40000000  0.00000000  3.04939523  0.21239438
   8   27  0.00000000  0.40000000  0.00000000  3.04939523  0.21239439
   8   28  0.00000000  0.40000000  0.00000000  3.04939523  0.21554744
   8   29  0.00000000  0.40000000  0.00000000  3.04939523  0.21554744
   9    0  0.00000000  0.45000000  0.00000000  3.43056964 -5.69619113
   9    1  0.00000000  0.45000000  0.00000000  3.43056964 -5.69619113
   9    2  0.00000000  0.45000000  0.00000000  3.43056964 -3.47835525
   9    3  0.00000000  0.45000000  0.00000000  3.43056964 -3.47835525
   9    4  0.00000000  0.45000000  0.00000000  3.43056964 -3.27676980
   9    5  0.00000000  0.45000000  0.00000000  3.43056964 -3.27676980
   9    6  0.00000000  0.45000000  0.00000000  3.43056964 -3.25866959
   9    7  0.00000000  0.45000000  0.00000000  3.43056964 -3.25866958
   9    8  0.00000000  0.45000000  0.00000000  3.43056964 -1.21180711
   9    9  0.00000000  0.45000000  0.00000000  3.43056964 -1.21180711
   9   10  0.00000000  0.45000000  0.00000000  3.43056964 -1.18074083
   9   11  0.00000000  0.45000000  0.00000000  3.43056964 -1.18074083
   9   12  0.00000000  0.45000000  0.00000000  3.43056964 -0.55992266
   9   13  0.00000000  0.45000000  0.00000000  3.43056964 -0.55992266
   9   14  0.00000000  0.45000000  0.00000000  3.43056964 -0.48292585
   9   15  0.00000000  0.45000000  0.00000000  3.43056964 -0.48292585
   9   16  0.00000000  0.45000000  0.00000000  3.43056964 -0.43563766
   9   17  0.00000000  0.45000000  0.00000000  3.43056964 -0.43563766
   9   18  0.00000000  0.45000000  0.00000000  3.43056964 -0.35596062
   9   19  0.00000000  0.45000000  0.00000000  3.43056964 -0.35596062
   9   20  0.00000000  0.45000000  0.00000000  3.43056964 -0.25937728
   9   21  0.00000000  0.45000000  0.00000000  3.43056964 -0.25937728
   9   22  0.00000000  0.45000000  0.00000000  3.43056964 -0.19421567
   9   23  0.00000000  0.45000000  0.00000000  3.43056964 -0.19421567
   9   24  0.00000000  0.45000000  0.00000000  3.43056964 -0.16987753
   9   25  0.00000000  0.45000000  0.00000000  3.43056964 -0.16987753
   9   26  0.00000000  0.45000000  0.00000000  3.43056964  0.23059185
   9   27  0.00000000  0.45000000  0.00000000  3.43056964  0.23059186
   9   28  0.00000000  0.45000000  0.00000000  3.43056964  0.25560869
   9   29  0.00000000  0.45000000  0.00000000  3.43056964  0.25560869
  10    0  0.00000000  0.50000000  0.00000000  3.81174404 -5.69750412
  10    1  0.00000000  0.50000000  0.00000000  3.81174404 -5.69750412
  10    2  0.00000000  0.50000000  0.00000000  3.81174404 -3.48122092
  10    3  0.00000000  0.50000000  0.00000000  3.81174404 -3.48122092
  10    4  0.00000000  0.50000000  0.00000000  3.81174404 -3.28141739
  10    5  0.00000000  0.50000000  0.00000000  3.81174404 -3.28141739
  10    6  0.00000000  0.50000000  0.00000000  3.81174404 -3.25962777
  10    7  0.00000000  0.50000000  0.00000000  3.81174404 -3.25962776
  10    8  0.00000000  0.50000000  0.00000000  3.81174404 -1.21493408
  10    9  0.00000000  0.50000000  0.00000000  3.81174404 -1.21493408
  10   10  0.00000000  0.50000000  0.00000000  3.81174404 -1.18872243
  10   11  0.00000000  0.50000000  0.00000000  3.81174404 -1.18872243
  10   12  0.00000000  0.50000000  0.00000000  3.81174404 -0.57277198
  10   13  0.00000000  0.50000000  0.00000000  3.81174404 -0.57277198
  10   14  0.00000000  0.50000000  0.00000000  3.81174404 -0.49558622
  10   15  0.00000000  0.50000000  0.00000000  3.81174404 -0.49558622
  10   16  0.00000000  0.50000000  0.00000000  3.81174404 -0.43798476
  10   17  0.00000000  0.50000000  0.00000000  3.81174404 -0.43798476
  10   18  0.00000000  0.50000000  0.00000000  3.81174404 -0.35999029
  10   19  0.00000000  0.50000000  0.00000000  3.81174404 -0.35999029
  10   20  0.00000000  0.50000000  0.00000000  3.81174404 -0.26371489
  10   21  0.00000000  0.50000000  0.00000000  3.81174404 -0.26371489
  10   22  0.00000000  0.50000000  0.00000000  3.81174404 -0.19747995
  10   23  0.00000000  0.50000000  0.00000000  3.81174404 -0.19747995
  10   24  0.00000000  0.50000000  0.00000000  3.81174404 -0.17291055
  10   25  0.00000000  0.50000000  0.00000000  3.81174404 -0.17291055
  10   26  0.00000000  0.50000000  0.00000000  3.81174404  0.23438065
  10   27  0.00000000  0.50000000  0.00000000  3.81174404  0.23438066
  10   28  0.00000000  0.50000000  0.00000000  3.81174404  0.28356604
  10   29  0.00000000  0.50000000  0.00000000  3.81174404  0.28356604
  11    0  0.03333000  0.48333000  0.00000000  4.03179316 -5.69581204
  11    1  0.03333000  0.48333000  0.00000000  4.03179316 -5.69581204
  11    2  0.03333000  0.48333000  0.00000000  4.03179316 -3.47884679
  11    3  0.03333000  0.48333000  0.00000000  4.03179316 -3.47884679
  11    4  0.03333000  0.48333000  0.00000000  4.03179316 -3.27891147
  11    5  0.03333000  0.48333000  0.00000000  4.03179316 -3.27891147
  11    6  0.03333000  0.48333000  0.00000000  4.03179316 -3.25684855
  11    7  0.03333000  0.48333000  0.00000000  4.03179316 -3.25684855
  11    8  0.03333000  0.48333000  0.00000000  4.03179316 -1.21214756
  11    9  0.03333000  0.48333000  0.00000000  4.03179316 -1.21214756
  11   10  0.03333000  0.48333000  0.00000000  4.03179316 -1.18522503
  11   11  0.03333000  0.48333000  0.00000000  4.03179316 -1.18522503
  11   12  0.03333000  0.48333000  0.00000000  4.03179316 -0.56858531
  11   13  0.03333000  0.48333000  0.00000000  4.03179316 -0.56858531
  11   14  0.03333000  0.48333000  0.00000000  4.03179316 -0.49208910
  11   15  0.03333000  0.48333000  0.00000000  4.03179316 -0.49208910
  11   16  0.03333000  0.48333000  0.00000000  4.03179316 -0.43555182
  11   17  0.03333000  0.48333000  0.00000000  4.03179316 -0.43555182
  11   18  0.03333000  0.48333000  0.00000000  4.03179316 -0.35742146
  11   19  0.03333000  0.48333000  0.00000000  4.03179316 -0.35742146
  11   20  0.03333000  0.48333000  0.00000000  4.03179316 -0.26186732
  11   21  0.03333000  0.48333000  0.00000000  4.03179316 -0.26186732
  11   22  0.03333000  0.48333000  0.00000000  4.03179316 -0.19696045
  11   23  0.03333000  0.48333000  0.00000000  4.03179316 -0.19696045
  11   24  0.03333000  0.48333000  0.00000000  4.03179316 -0.17105147
  11   25  0.03333000  0.48333000  0.00000000  4.03179316 -0.17105147
  11   26  0.03333000  0.48333000  0.00000000  4.03179316  0.23299973
  11   27  0.03333000  0.48333000  0.00000000  4.03179316  0.23299974
  11   28  0.03333000  0.48333000  0.00000000  4.03179316  0.26474375
  11   29  0.03333000  0.48333000  0.00000000  4.03179316  0.26474375
  12    0  0.06666000  0.46666000  0.00000000  4.25184228 -5.69102131
  12    1  0.06666000  0.46666000  0.00000000  4.25184228 -5.69102131
  12    2  0.06666000  0.46666000  0.00000000  4.25184228 -3.47225271
  12    3  0.06666000  0.46666000  0.00000000  4.25184228 -3.47225271
  12    4  0.06666000  0.46666000  0.00000000  4.25184228 -3.27271254
  12    5  0.06666000  0.46666000  0.00000000  4.25184228 -3.27271254
  12    6  0.06666000  0.46666000  0.00000000  4.25184228 -3.24772009
  12    7  0.06666000  0.46666000  0.00000000  4.25184228 -3.24772009
  12    8  0.06666000  0.46666000  0.00000000  4.25184228 -1.20413558
  12    9  0.06666000  0.46666000  0.00000000  4.25184228 -1.20413558
  12   10  0.06666000  0.46666000  0.00000000  4.25184228 -1.17513473
  12   11  0.06666000  0.46666000  0.00000000  4.25184228 -1.17513473
  12   12  0.06666000  0.46666000  0.00000000  4.25184228 -0.55625984
  12   13  0.06666000  0.46666000  0.00000000  4.25184228 -0.55625984
  12   14  0.06666000  0.46666000  0.00000000  4.25184228 -0.48194471
  12   15  0.06666000  0.46666000  0.00000000  4.25184228 -0.48194471
  12   16  0.06666000  0.46666000  0.00000000  4.25184228 -0.42863253
  12   17  0.06666000  0.46666000  0.00000000  4.25184228 -0.42863252
  12   18  0.06666000  0.46666000  0.00000000  4.25184228 -0.35001481
  12   19  0.06666000  0.46666000  0.00000000  4.25184228 -0.35001481
  12   20  0.06666000  0.46666000  0.00000000  4.25184228 -0.25600672
  12   21  0.06666000  0.46666000  0.00000000  4.25184228 -0.25600672
  12   22  0.06666000  0.46666000  0.00000000  4.25184228 -0.19592609
  12   23  0.06666000  0.46666000  0.00000000  4.25184228 -0.19592609
  12   24  0.06666000  0.46666000  0.00000000  4.25184228 -0.16494919
  12   25  0.06666000  0.46666000  0.00000000  4.25184228 -0.16494919
  12   26  0.06666000  0.46666000  0.00000000  4.25184228  0.22828644
  12   27  0.06666000  0.46666000  0.00000000  4.25184228  0.22828645
  12   28  0.06666000  0.46666000  0.00000000  4.25184228  0.23941182
  12   29  0.06666000  0.46666000  0.00000000  4.25184228  0.23941182
  13    0  0.09999000  0.44999000  0.00000000  4.47189140 -5.68393010
  13    1  0.09999000  0.44999000  0.00000000  4.47189140 -5.68393010
  13    2  0.09999000  0.44999000  0.00000000  4.47189140 -3.46281479
  13    3  0.09999000  0.44999000  0.00000000  4.47189140 -3.46281479
  13    4  0.09999000  0.44999000  0.00000000  4.47189140 -3.26531027
  13    5  0.09999000  0.44999000  0.00000000  4.47189140 -3.26531027
  13    6  0.09999000  0.44999000  0.00000000  4.47189140 -3.23145310
  13    7  0.09999000  0.44999000  0.00000000  4.47189140 -3.23145310
  13    8  0.09999000  0.44999000  0.00000000  4.47189140 -1.19189069
  13    9  0.09999000  0.44999000  0.00000000  4.47189140 -1.19189069
  13   10  0.09999000  0.44999000  0.00000000  4.47189140 -1.15962087
  13   11  0.09999000  0.44999000  0.00000000  4.47189140 -1.15962087
  13   12  0.09999000  0.44999000  0.00000000  4.47189140 -0.53651837
  13   13  0.09999000  0.44999000  0.00000000  4.47189140 -0.53651837
  13   14  0.09999000  0.44999000  0.00000000  4.47189140 -0.46615764
  13   15  0.09999000  0.44999000  0.00000000  4.47189140 -0.46615764
  13   16  0.09999000  0.44999000  0.00000000  4.47189140 -0.41833176
  13   17  0.09999000  0.44999000  0.00000000  4.47189140 -0.41833176
  13   18  0.09999000  0.44999000  0.00000000  4.47189140 -0.33880727
  13   19  0.09999000  0.44999000  0.00000000  4.47189140 -0.33880727
  13   20  0.09999000  0.44999000  0.00000000  4.47189140 -0.24511589
  13   21  0.09999000  0.44999000  0.00000000  4.47189140 -0.24511588
  13   22  0.09999000  0.44999000  0.00000000  4.47189140 -0.19538337
  13   23  0.09999000  0.44999000  0.00000000  4.47189140 -0.19538337
  13   24  0.09999000  0.44999000  0.00000000  4.47189140 -0.15362033
  13   25  0.09999000  0.44999000  0.00000000  4.47189140 -0.15362033
  13   26  0.09999000  0.44999000  0.00000000  4.47189140  0.20316683
  13   27  0.09999000  0.44999000  0.00000000  4.47189140  0.20316683
  13   28  0.09999000  0.44999000  0.00000000  4.47189140  0.21686109
  13   29  0.09999000  0.44999000  0.00000000  4.47189140  0.21686110
  14    0  0.13332000  0.43332000  0.00000000  4.69194052 -5.67569095
  14    1  0.13332000  0.43332000  0.00000000  4.69194052 -5.67569095
  14    2  0.13332000  0.43332000  0.00000000  4.69194052 -3.45226351
  14    3  0.13332000  0.43332000  0.00000000  4.69194052 -3.45226351
  14    4  0.13332000  0.43332000  0.00000000  4.69194052 -3.25788469
  14    5  0.13332000  0.43332000  0.00000000  4.69194052 -3.25788469
  14    6  0.13332000  0.43332000  0.00000000  4.69194052 -3.20992910
  14    7  0.13332000  0.43332000  0.00000000  4.69194052 -3.20992910
  14    8  0.13332000  0.43332000  0.00000000  4.69194052 -1.17690588
  14    9  0.13332000  0.43332000  0.00000000  4.69194052 -1.17690588
  14   10  0.13332000  0.43332000  0.00000000  4.69194052 -1.14050707
  14   11  0.13332000  0.43332000  0.00000000  4.69194052 -1.14050707
  14   12  0.13332000  0.43332000  0.00000000  4.69194052 -0.51063504
  14   13  0.13332000  0.43332000  0.00000000  4.69194052 -0.51063504
  14   14  0.13332000  0.43332000  0.00000000  4.69194052 -0.44623700
  14   15  0.13332000  0.43332000  0.00000000  4.69194052 -0.44623700
  14   16  0.13332000  0.43332000  0.00000000  4.69194052 -0.40632928
  14   17  0.13332000  0.43332000  0.00000000  4.69194052 -0.40632928
  14   18  0.13332000  0.43332000  0.00000000  4.69194052 -0.32579254
  14   19  0.13332000  0.43332000  0.00000000  4.69194052 -0.32579254
  14   20  0.13332000  0.43332000  0.00000000  4.69194052 -0.22757144
  14   21  0.13332000  0.43332000  0.00000000  4.69194052 -0.22757144
  14   22  0.13332000  0.43332000  0.00000000  4.69194052 -0.19605981
  14   23  0.13332000  0.43332000  0.00000000  4.69194052 -0.19605981
  14   24  0.13332000  0.43332000  0.00000000  4.69194052 -0.13648144
  14   25  0.13332000  0.43332000  0.00000000  4.69194052 -0.13648144
  14   26  0.13332000  0.43332000  0.00000000  4.69194052  0.15616474
  14   27  0.13332000  0.43332000  0.00000000  4.69194052  0.15616474
  14   28  0.13332000  0.43332000  0.00000000  4.69194052  0.18779544
  14   29  0.13332000  0.43332000  0.00000000  4.69194052  0.18779544
  15    0  0.16665000  0.41665000  0.00000000  4.91198964 -5.66759578
  15    1  0.16665000  0.41665000  0.00000000  4.91198964 -5.66759578
  15    2  0.16665000  0.41665000  0.00000000  4.91198964 -3.44220721
  15    3  0.16665000  0.41665000  0.00000000  4.91198964 -3.44220721
  15    4  0.16665000  0.41665000  0.00000000  4.91198964 -3.25080315
  15    5  0.16665000  0.41665000  0.00000000  4.91198964 -3.25080315
  15    6  0.16665000  0.41665000  0.00000000  4.91198964 -3.18709982
  15    7  0.16665000  0.41665000  0.00000000  4.91198964 -3.18709982
  15    8  0.16665000  0.41665000  0.00000000  4.91198964 -1.16095411
  15    9  0.16665000  0.41665000  0.00000000  4.91198964 -1.16095411
  15   10  0.16665000  0.41665000  0.00000000  4.91198964 -1.12007555
  15   11  0.16665000  0.41665000  0.00000000  4.91198964 -1.12007555
  15   12  0.16665000  0.41665000  0.00000000  4.91198964 -0.48056759
  15   13  0.16665000  0.41665000  0.00000000  4.91198964 -0.48056759
  15   14  0.16665000  0.41665000  0.00000000  4.91198964 -0.42387240
  15   15  0.16665000  0.41665000  0.00000000  4.91198964 -0.42387240
  15   16  0.16665000  0.41665000  0.00000000  4.91198964 -0.39449227
  15   17  0.16665000  0.41665000  0.00000000  4.91198964 -0.39449227
  15   18  0.16665000  0.41665000  0.00000000  4.91198964 -0.31353917
  15   19  0.16665000  0.41665000  0.00000000  4.91198964 -0.31353917
  15   20  0.16665000  0.41665000  0.00000000  4.91198964 -0.20321550
  15   21  0.16665000  0.41665000  0.00000000  4.91198964 -0.20321550
  15   22  0.16665000  0.41665000  0.00000000  4.91198964 -0.19757694
  15   23  0.16665000  0.41665000  0.00000000  4.91198964 -0.19757694
  15   24  0.16665000  0.41665000  0.00000000  4.91198964 -0.11348042
  15   25  0.16665000  0.41665000  0.00000000  4.91198964 -0.11348041
  15   26  0.16665000  0.41665000  0.00000000  4.91198964  0.10230826
  15   27  0.16665000  0.41665000  0.00000000  4.91198964  0.10230827
  15   28  0.16665000  0.41665000  0.00000000  4.91198964  0.15465308
  15   29  0.16665000  0.41665000  0.00000000  4.91198964  0.15465308
  16    0  0.19998000  0.39998000  0.00000000  5.13203876 -5.66085532
  16    1  0.19998000  0.39998000  0.00000000  5.13203876 -5.66085532
  16    2  0.19998000  0.39998000  0.00000000  5.13203876 -3.43388957
  16    3  0.19998000  0.39998000  0.00000000  5.13203876 -3.43388957
  16    4  0.19998000  0.39998000  0.00000000  5.13203876 -3.24452601
  16    5  0.19998000  0.39998000  0.00000000  5.13203876 -3.24452600
  16    6  0.19998000  0.39998000  0.00000000  5.13203876 -3.16742800
  16    7  0.19998000  0.39998000  0.00000000  5.13203876 -3.16742799
  16    8  0.19998000  0.39998000  0.00000000  5.13203876 -1.14582582
  16    9  0.19998000  0.39998000  0.00000000  5.13203876 -1.14582582
  16   10  0.19998000  0.39998000  0.00000000  5.13203876 -1.10079117
  16   11  0.19998000  0.39998000  0.00000000  5.13203876 -1.10079117
  16   12  0.19998000  0.39998000  0.00000000  5.13203876 -0.44925738
  16   13  0.19998000  0.39998000  0.00000000  5.13203876 -0.44925738
  16   14  0.19998000  0.39998000  0.00000000  5.13203876 -0.40056251
  16   15  0.19998000  0.39998000  0.00000000  5.13203876 -0.40056251
  16   16  0.19998000  0.39998000  0.00000000  5.13203876 -0.38415754
  16   17  0.19998000  0.39998000  0.00000000  5.13203876 -0.38415754
  16   18  0.19998000  0.39998000  0.00000000  5.13203876 -0.30401702
  16   19  0.19998000  0.39998000  0.00000000  5.13203876 -0.30401702
  16   20  0.19998000  0.39998000  0.00000000  5.13203876 -0.20434640
  16   21  0.19998000  0.39998000  0.00000000  5.13203876 -0.20434640
  16   22  0.19998000  0.39998000  0.00000000  5.13203876 -0.17060940
  16   23  0.19998000  0.39998000  0.00000000  5.13203876 -0.17060940
  16   24  0.19998000  0.39998000  0.00000000  5.13203876 -0.08519738
  16   25  0.19998000  0.39998000  0.00000000  5.13203876 -0.08519738
  16   26  0.19998000  0.39998000  0.00000000  5.13203876  0.04829297
  16   27  0.19998000  0.39998000  0.00000000  5.13203876  0.04829297
  16   28  0.19998000  0.39998000  0.00000000  5.13203876  0.12329851
  16   29  0.19998000  0.39998000  0.00000000  5.13203876  0.12329851
  17    0  0.23331000  0.38331000  0.00000000  5.35208788 -5.65641350
  17    1  0.23331000  0.38331000  0.00000000  5.35208788 -5.65641350
  17    2  0.23331000  0.38331000  0.00000000  5.35208788 -3.42815926
  17    3  0.23331000  0.38331000  0.00000000  5.35208788 -3.42815926
  17    4  0.23331000  0.38331000  0.00000000  5.35208788 -3.23958603
  17    5  0.23331000  0.38331000  0.00000000  5.35208788 -3.23958603
  17    6  0.23331000  0.38331000  0.00000000  5.35208788 -3.15479828
  17    7  0.23331000  0.38331000  0.00000000  5.35208788 -3.15479828
  17    8  0.23331000  0.38331000  0.00000000  5.35208788 -1.13307248
  17    9  0.23331000  0.38331000  0.00000000  5.35208788 -1.13307248
  17   10  0.23331000  0.38331000  0.00000000  5.35208788 -1.08496137
  17   11  0.23331000  0.38331000  0.00000000  5.35208788 -1.08496137
  17   12  0.23331000  0.38331000  0.00000000  5.35208788 -0.42141679
  17   13  0.23331000  0.38331000  0.00000000  5.35208788 -0.42141679
  17   14  0.23331000  0.38331000  0.00000000  5.35208788 -0.37758463
  17   15  0.23331000  0.38331000  0.00000000  5.35208788 -0.37758463
  17   16  0.23331000  0.38331000  0.00000000  5.35208788 -0.37501353
  17   17  0.23331000  0.38331000  0.00000000  5.35208788 -0.37501353
  17   18  0.23331000  0.38331000  0.00000000  5.35208788 -0.29817263
  17   19  0.23331000  0.38331000  0.00000000  5.35208788 -0.29817263
  17   20  0.23331000  0.38331000  0.00000000  5.35208788 -0.21234391
  17   21  0.23331000  0.38331000  0.00000000  5.35208788 -0.21234391
  17   22  0.23331000  0.38331000  0.00000000  5.35208788 -0.14535877
  17   23  0.23331000  0.38331000  0.00000000  5.35208788 -0.14535877
  17   24  0.23331000  0.38331000  0.00000000  5.35208788 -0.05344012
  17   25  0.23331000  0.38331000  0.00000000  5.35208788 -0.05344012
  17   26  0.23331000  0.38331000  0.00000000  5.35208788  0.00858502
  17   27  0.23331000  0.38331000  0.00000000  5.35208788  0.00858502
  17   28  0.23331000  0.38331000  0.00000000  5.35208788  0.09782776
  17   29  0.23331000  0.38331000  0.00000000  5.35208788  0.09782776
  18    0  0.26664000  0.36664000  0.00000000  5.57213700 -5.65481783
  18    1  0.26664000  0.36664000  0.00000000  5.57213700 -5.65481783
  18    2  0.26664000  0.36664000  0.00000000  5.57213700 -3.42551302
  18    3  0.26664000  0.36664000  0.00000000  5.57213700 -3.42551301
  18    4  0.26664000  0.36664000  0.00000000  5.57213700 -3.23644126
  18    5  0.26664000  0.36664000  0.00000000  5.57213700 -3.23644126
  18    6  0.26664000  0.36664000  0.00000000  5.57213700 -3.15149059
  18    7  0.26664000  0.36664000  0.00000000  5.57213700 -3.15149058
  18    8  0.26664000  0.36664000  0.00000000  5.57213700 -1.12379921
  18    9  0.26664000  0.36664000  0.00000000  5.57213700 -1.12379921
  18   10  0.26664000  0.36664000  0.00000000  5.57213700 -1.07436583
  18   11  0.26664000  0.36664000  0.00000000  5.57213700 -1.07436583
  18   12  0.26664000  0.36664000  0.00000000  5.57213700 -0.40421444
  18   13  0.26664000  0.36664000  0.00000000  5.57213700 -0.40421444
  18   14  0.26664000  0.36664000  0.00000000  5.57213700 -0.36498210
  18   15  0.26664000  0.36664000  0.00000000  5.57213700 -0.36498210
  18   16  0.26664000  0.36664000  0.00000000  5.57213700 -0.35621335
  18   17  0.26664000  0.36664000  0.00000000  5.57213700 -0.35621335
  18   18  0.26664000  0.36664000  0.00000000  5.57213700 -0.29667811
  18   19  0.26664000  0.36664000  0.00000000  5.57213700 -0.29667811
  18   20  0.26664000  0.36664000  0.00000000  5.57213700 -0.22114001
  18   21  0.26664000  0.36664000  0.00000000  5.57213700 -0.22114001
  18   22  0.26664000  0.36664000  0.00000000  5.57213700 -0.14881814
  18   23  0.26664000  0.36664000  0.00000000  5.57213700 -0.14881814
  18   24  0.26664000  0.36664000  0.00000000  5.57213700 -0.02259601
  18   25  0.26664000  0.36664000  0.00000000  5.57213700 -0.02259601
  18   26  0.26664000  0.36664000  0.00000000  5.57213700  0.00896456
  18   27  0.26664000  0.36664000  0.00000000  5.57213700  0.00896456
  18   28  0.26664000  0.36664000  0.00000000  5.57213700  0.08160829
  18   29  0.26664000  0.36664000  0.00000000  5.57213700  0.08160829
  19    0  0.29997000  0.34997000  0.00000000  5.79218612 -5.65615074
  19    1  0.29997000  0.34997000  0.00000000  5.79218612 -5.65615074
  19    2  0.29997000  0.34997000  0.00000000  5.79218612 -3.42612130
  19    3  0.29997000  0.34997000  0.00000000  5.79218612 -3.42612130
  19    4  0.29997000  0.34997000  0.00000000  5.79218612 -3.23541790
  19    5  0.29997000  0.34997000  0.00000000  5.79218612 -3.23541789
  19    6  0.29997000  0.34997000  0.00000000  5.79218612 -3.15747519
  19    7  0.29997000  0.34997000  0.00000000  5.79218612 -3.15747519
  19    8  0.29997000  0.34997000  0.00000000  5.79218612 -1.11852110
  19    9  0.29997000  0.34997000  0.00000000  5.79218612 -1.11852110
  19   10  0.29997000  0.34997000  0.00000000  5.79218612 -1.06991515
  19   11  0.29997000  0.34997000  0.00000000  5.79218612 -1.06991515
  19   12  0.29997000  0.34997000  0.00000000  5.79218612 -0.40097308
  19   13  0.29997000  0.34997000  0.00000000  5.79218612 -0.40097308
  19   14  0.29997000  0.34997000  0.00000000  5.79218612 -0.35568877
  19   15  0.29997000  0.34997000  0.00000000  5.79218612 -0.35568877
  19   16  0.29997000  0.34997000  0.00000000  5.79218612 -0.34029243
  19   17  0.29997000  0.34997000  0.00000000  5.79218612 -0.34029243
  19   18  0.29997000  0.34997000  0.00000000  5.79218612 -0.29995606
  19   19  0.29997000  0.34997000  0.00000000  5.79218612 -0.29995606
  19   20  0.29997000  0.34997000  0.00000000  5.79218612 -0.22543716
  19   21  0.29997000  0.34997000  0.00000000  5.79218612 -0.22543716
  19   22  0.29997000  0.34997000  0.00000000  5.79218612 -0.17314910
  19   23  0.29997000  0.34997000  0.00000000  5.79218612 -0.17314910
  19   24  0.29997000  0.34997000  0.00000000  5.79218612 -0.00221754
  19   25  0.29997000  0.34997000  0.00000000  5.79218612 -0.00221754
  19   26  0.29997000  0.34997000  0.00000000  5.79218612  0.04569710
  19   27  0.29997000  0.34997000  0.00000000  5.79218612  0.04569710
  19   28  0.29997000  0.34997000  0.00000000  5.79218612  0.07822470
  19   29  0.29997000  0.34997000  0.00000000  5.79218612  0.07822470
  20    0  0.33330000  0.33330000  0.00000000  6.01223524 -5.66002121
  20    1  0.33330000  0.33330000  0.00000000  6.01223524 -5.66002121
  20    2  0.33330000  0.33330000  0.00000000  6.01223524 -3.42981159
  20    3  0.33330000  0.33330000  0.00000000  6.01223524 -3.42981158
  20    4  0.33330000  0.33330000  0.00000000  6.01223524 -3.23675419
  20    5  0.33330000  0.33330000  0.00000000  6.01223524 -3.23675418
  20    6  0.33330000  0.33330000  0.00000000  6.01223524 -3.17035056
  20    7  0.33330000  0.33330000  0.00000000  6.01223524 -3.17035055
  20    8  0.33330000  0.33330000  0.00000000  6.01223524 -1.11708568
  20    9  0.33330000  0.33330000  0.00000000  6.01223524 -1.11708568
  20   10  0.33330000  0.33330000  0.00000000  6.01223524 -1.07142585
  20   11  0.33330000  0.33330000  0.00000000  6.01223524 -1.07142585
  20   12  0.33330000  0.33330000  0.00000000  6.01223524 -0.40758751
  20   13  0.33330000  0.33330000  0.00000000  6.01223524 -0.40758751
  20   14  0.33330000  0.33330000  0.00000000  6.01223524 -0.35332179
  20   15  0.33330000  0.33330000  0.00000000  6.01223524 -0.35332179
  20   16  0.33330000  0.33330000  0.00000000  6.01223524 -0.33982143
  20   17  0.33330000  0.33330000  0.00000000  6.01223524 -0.33982143
  20   18  0.33330000  0.33330000  0.00000000  6.01223524 -0.30311599
  20   19  0.33330000  0.33330000  0.00000000  6.01223524 -0.30311598
  20   20  0.33330000  0.33330000  0.00000000  6.01223524 -0.22080542
  20   21  0.33330000  0.33330000  0.00000000  6.01223524 -0.22080542
  20   22  0.33330000  0.33330000  0.00000000  6.01223524 -0.18851953
  20   23  0.33330000  0.33330000  0.00000000  6.01223524 -0.18851953
  20   24  0.33330000  0.33330000  0.00000000  6.01223524 -0.00000000
  20   25  0.33330000  0.33330000  0.00000000  6.01223524  0.00000000
  20   26  0.33330000  0.33330000  0.00000000  6.01223524  0.07663463
  20   27  0.33330000  0.33330000  0.00000000  6.01223524  0.07663463
  20   28  0.33330000  0.33330000  0.00000000  6.01223524  0.08188857
  20   29  0.33330000  0.33330000  0.00000000  6.01223524  0.08188857
  21    0  0.29997000  0.29997000  0.00000000  6.45233323 -5.65255366
  21    1  0.29997000  0.29997000  0.00000000  6.45233323 -5.65255366
  21    2  0.29997000  0.29997000  0.00000000  6.45233323 -3.41975420
  21    3  0.29997000  0.29997000  0.00000000  6.45233323 -3.41975420
  21    4  0.29997000  0.29997000  0.00000000  6.45233323 -3.22735922
  21    5  0.29997000  0.29997000  0.00000000  6.45233323 -3.22735921
  21    6  0.29997000  0.29997000  0.00000000  6.45233323 -3.14929640
  21    7  0.29997000  0.29997000  0.00000000  6.45233323 -3.14929640
  21    8  0.29997000  0.29997000  0.00000000  6.45233323 -1.10531204
  21    9  0.29997000  0.29997000  0.00000000  6.45233323 -1.10531204
  21   10  0.29997000  0.29997000  0.00000000  6.45233323 -1.04811773
  21   11  0.29997000  0.29997000  0.00000000  6.45233323 -1.04811773
  21   12  0.29997000  0.29997000  0.00000000  6.45233323 -0.37114877
  21   13  0.29997000  0.29997000  0.00000000  6.45233323 -0.37114877
  21   14  0.29997000  0.29997000  0.00000000  6.45233323 -0.33372620
  21   15  0.29997000  0.29997000  0.00000000  6.45233323 -0.33372620
  21   16  0.29997000  0.29997000  0.00000000  6.45233323 -0.30147777
  21   17  0.29997000  0.29997000  0.00000000  6.45233323 -0.30147777
  21   18  0.29997000  0.29997000  0.00000000  6.45233323 -0.27183479
  21   19  0.29997000  0.29997000  0.00000000  6.45233323 -0.27183479
  21   20  0.29997000  0.29997000  0.00000000  6.45233323 -0.24091511
  21   21  0.29997000  0.29997000  0.00000000  6.45233323 -0.24091511
  21   22  0.29997000  0.29997000  0.00000000  6.45233323 -0.16704839
  21   23  0.29997000  0.29997000  0.00000000  6.45233323 -0.16704839
  21   24  0.29997000  0.29997000  0.00000000  6.45233323 -0.00487023
  21   25  0.29997000  0.29997000  0.00000000  6.45233323 -0.00487023
  21   26  0.29997000  0.29997000  0.00000000  6.45233323  0.02396602
  21   27  0.29997000  0.29997000  0.00000000  6.45233323  0.02396602
  21   28  0.29997000  0.29997000  0.00000000  6.45233323  0.04709676
  21   29  0.29997000  0.29997000  0.00000000  6.45233323  0.04709676
  22    0  0.26664000  0.26664000  0.00000000  6.89243122 -5.64869469
  22    1  0.26664000  0.26664000  0.00000000  6.89243122 -5.64869469
  22    2  0.26664000  0.26664000  0.00000000  6.89243122 -3.41387611
  22    3  0.26664000  0.26664000  0.00000000  6.89243122 -3.41387610
  22    4  0.26664000  0.26664000  0.00000000  6.89243122 -3.22104791
  22    5  0.26664000  0.26664000  0.00000000  6.89243122 -3.22104790
  22    6  0.26664000  0.26664000  0.00000000  6.89243122 -3.13728472
  22    7  0.26664000  0.26664000  0.00000000  6.89243122 -3.13728472
  22    8  0.26664000  0.26664000  0.00000000  6.89243122 -1.10995951
  22    9  0.26664000  0.26664000  0.00000000  6.89243122 -1.10995951
  22   10  0.26664000  0.26664000  0.00000000  6.89243122 -1.03885679
  22   11  0.26664000  0.26664000  0.00000000  6.89243122 -1.03885679
  22   12  0.26664000  0.26664000  0.00000000  6.89243122 -0.36339823
  22   13  0.26664000  0.26664000  0.00000000  6.89243122 -0.36339823
  22   14  0.26664000  0.26664000  0.00000000  6.89243122 -0.29403846
  22   15  0.26664000  0.26664000  0.00000000  6.89243122 -0.29403846
  22   16  0.26664000  0.26664000  0.00000000  6.89243122 -0.27348762
  22   17  0.26664000  0.26664000  0.00000000  6.89243122 -0.27348762
  22   18  0.26664000  0.26664000  0.00000000  6.89243122 -0.26256146
  22   19  0.26664000  0.26664000  0.00000000  6.89243122 -0.26256146
  22   20  0.26664000  0.26664000  0.00000000  6.89243122 -0.22886298
  22   21  0.26664000  0.26664000  0.00000000  6.89243122 -0.22886298
  22   22  0.26664000  0.26664000  0.00000000  6.89243122 -0.14501908
  22   23  0.26664000  0.26664000  0.00000000  6.89243122 -0.14501908
  22   24  0.26664000  0.26664000  0.00000000  6.89243122 -0.03913763
  22   25  0.26664000  0.26664000  0.00000000  6.89243122 -0.03913763
  22   26  0.26664000  0.26664000  0.00000000  6.89243122 -0.02254587
  22   27  0.26664000  0.26664000  0.00000000  6.89243122 -0.02254587
  22   28  0.26664000  0.26664000  0.00000000  6.89243122  0.00971362
  22   29  0.26664000  0.26664000  0.00000000  6.89243122  0.00971362
  23    0  0.23331000  0.23331000  0.00000000  7.33252920 -5.64915473
  23    1  0.23331000  0.23331000  0.00000000  7.33252920 -5.64915473
  23    2  0.23331000  0.23331000  0.00000000  7.33252920 -3.41278574
  23    3  0.23331000  0.23331000  0.00000000  7.33252920 -3.41278574
  23    4  0.23331000  0.23331000  0.00000000  7.33252920 -3.21870879
  23    5  0.23331000  0.23331000  0.00000000  7.33252920 -3.21870878
  23    6  0.23331000  0.23331000  0.00000000  7.33252920 -3.13671169
  23    7  0.23331000  0.23331000  0.00000000  7.33252920 -3.13671169
  23    8  0.23331000  0.23331000  0.00000000  7.33252920 -1.13339917
  23    9  0.23331000  0.23331000  0.00000000  7.33252920 -1.13339917
  23   10  0.23331000  0.23331000  0.00000000  7.33252920 -1.04746633
  23   11  0.23331000  0.23331000  0.00000000  7.33252920 -1.04746633
  23   12  0.23331000  0.23331000  0.00000000  7.33252920 -0.37323984
  23   13  0.23331000  0.23331000  0.00000000  7.33252920 -0.37323984
  23   14  0.23331000  0.23331000  0.00000000  7.33252920 -0.28518413
  23   15  0.23331000  0.23331000  0.00000000  7.33252920 -0.28518413
  23   16  0.23331000  0.23331000  0.00000000  7.33252920 -0.25666450
  23   17  0.23331000  0.23331000  0.00000000  7.33252920 -0.25666450
  23   18  0.23331000  0.23331000  0.00000000  7.33252920 -0.24526394
  23   19  0.23331000  0.23331000  0.00000000  7.33252920 -0.24526394
  23   20  0.23331000  0.23331000  0.00000000  7.33252920 -0.17596565
  23   21  0.23331000  0.23331000  0.00000000  7.33252920 -0.17596565
  23   22  0.23331000  0.23331000  0.00000000  7.33252920 -0.12707525
  23   23  0.23331000  0.23331000  0.00000000  7.33252920 -0.12707525
  23   24  0.23331000  0.23331000  0.00000000  7.33252920 -0.07261034
  23   25  0.23331000  0.23331000  0.00000000  7.33252920 -0.07261034
  23   26  0.23331000  0.23331000  0.00000000  7.33252920 -0.06268575
  23   27  0.23331000  0.23331000  0.00000000  7.33252920 -0.06268575
  23   28  0.23331000  0.23331000  0.00000000  7.33252920 -0.00170978
  23   29  0.23331000  0.23331000  0.00000000  7.33252920 -0.00170978
  24    0  0.19998000  0.19998000  0.00000000  7.77262719 -5.65391598
  24    1  0.19998000  0.19998000  0.00000000  7.77262719 -5.65391598
  24    2  0.19998000  0.19998000  0.00000000  7.77262719 -3.41645503
  24    3  0.19998000  0.19998000  0.00000000  7.77262719 -3.41645502
  24    4  0.19998000  0.19998000  0.00000000  7.77262719 -3.22047807
  24    5  0.19998000  0.19998000  0.00000000  7.77262719 -3.22047807
  24    6  0.19998000  0.19998000  0.00000000  7.77262719 -3.14768522
  24    7  0.19998000  0.19998000  0.00000000  7.77262719 -3.14768522
  24    8  0.19998000  0.19998000  0.00000000  7.77262719 -1.17414762
  24    9  0.19998000  0.19998000  0.00000000  7.77262719 -1.17414762
  24   10  0.19998000  0.19998000  0.00000000  7.77262719 -1.07385502
  24   11  0.19998000  0.19998000  0.00000000  7.77262719 -1.07385502
  24   12  0.19998000  0.19998000  0.00000000  7.77262719 -0.39329810
  24   13  0.19998000  0.19998000  0.00000000  7.77262719 -0.39329810
  24   14  0.19998000  0.19998000  0.00000000  7.77262719 -0.29910187
  24   15  0.19998000  0.19998000  0.00000000  7.77262719 -0.29910187
  24   16  0.19998000  0.19998000  0.00000000  7.77262719 -0.24810372
  24   17  0.19998000  0.19998000  0.00000000  7.77262719 -0.24810372
  24   18  0.19998000  0.19998000  0.00000000  7.77262719 -0.21582013
  24   19  0.19998000  0.19998000  0.00000000  7.77262719 -0.21582013
  24   20  0.19998000  0.19998000  0.00000000  7.77262719 -0.14022831
  24   21  0.19998000  0.19998000  0.00000000  7.77262719 -0.14022831
  24   22  0.19998000  0.19998000  0.00000000  7.77262719 -0.12225808
  24   23  0.19998000  0.19998000  0.00000000  7.77262719 -0.12225807
  24   24  0.19998000  0.19998000  0.00000000  7.77262719 -0.08977579
  24   25  0.19998000  0.19998000  0.00000000  7.77262719 -0.08977579
  24   26  0.19998000  0.19998000  0.00000000  7.77262719 -0.07314474
  24   27  0.19998000  0.19998000  0.00000000  7.77262719 -0.07314474
  24   28  0.19998000  0.19998000  0.00000000  7.77262719  0.02248081
  24   29  0.19998000  0.19998000  0.00000000  7.77262719  0.02248081
  25    0  0.16665000  0.16665000  0.00000000  8.21272518 -5.66223313
  25    1  0.16665000  0.16665000  0.00000000  8.21272518 -5.66223313
  25    2  0.16665000  0.16665000  0.00000000  8.21272518 -3.42425583
  25    3  0.16665000  0.16665000  0.00000000  8.21272518 -3.42425582
  25    4  0.16665000  0.16665000  0.00000000  8.21272518 -3.22570501
  25    5  0.16665000  0.16665000  0.00000000  8.21272518 -3.22570500
  25    6  0.16665000  0.16665000  0.00000000  8.21272518 -3.16798081
  25    7  0.16665000  0.16665000  0.00000000  8.21272518 -3.16798081
  25    8  0.16665000  0.16665000  0.00000000  8.21272518 -1.22737175
  25    9  0.16665000  0.16665000  0.00000000  8.21272518 -1.22737175
  25   10  0.16665000  0.16665000  0.00000000  8.21272518 -1.11387566
  25   11  0.16665000  0.16665000  0.00000000  8.21272518 -1.11387566
  25   12  0.16665000  0.16665000  0.00000000  8.21272518 -0.42153134
  25   13  0.16665000  0.16665000  0.00000000  8.21272518 -0.42153134
  25   14  0.16665000  0.16665000  0.00000000  8.21272518 -0.30884888
  25   15  0.16665000  0.16665000  0.00000000  8.21272518 -0.30884888
  25   16  0.16665000  0.16665000  0.00000000  8.21272518 -0.24317177
  25   17  0.16665000  0.16665000  0.00000000  8.21272518 -0.24317177
  25   18  0.16665000  0.16665000  0.00000000  8.21272518 -0.21921477
  25   19  0.16665000  0.16665000  0.00000000  8.21272518 -0.21921477
  25   20  0.16665000  0.16665000  0.00000000  8.21272518 -0.15361221
  25   21  0.16665000  0.16665000  0.00000000  8.21272518 -0.15361221
  25   22  0.16665000  0.16665000  0.00000000  8.21272518 -0.14543784
  25   23  0.16665000  0.16665000  0.00000000  8.21272518 -0.14543784
  25   24  0.16665000  0.16665000  0.00000000  8.21272518 -0.08378395
  25   25  0.16665000  0.16665000  0.00000000  8.21272518 -0.08378395
  25   26  0.16665000  0.16665000  0.00000000  8.21272518 -0.00821723
  25   27  0.16665000  0.16665000  0.00000000  8.21272518 -0.00821723
  25   28  0.16665000  0.16665000  0.00000000  8.21272518  0.07149716
  25   29  0.16665000  0.16665000  0.00000000  8.21272518  0.07149716
  26    0  0.13332000  0.13332000  0.00000000  8.65282316 -5.67274796
  26    1  0.13332000  0.13332000  0.00000000  8.65282316 -5.67274796
  26    2  0.13332000  0.13332000  0.00000000  8.65282316 -3.43498737
  26    3  0.13332000  0.13332000  0.00000000  8.65282316 -3.43498736
  26    4  0.13332000  0.13332000  0.00000000  8.65282316 -3.23315128
  26    5  0.13332000  0.13332000  0.00000000  8.65282316 -3.23315127
  26    6  0.13332000  0.13332000  0.00000000  8.65282316 -3.19356516
  26    7  0.13332000  0.13332000  0.00000000  8.65282316 -3.19356516
  26    8  0.13332000  0.13332000  0.00000000  8.65282316 -1.28615379
  26    9  0.13332000  0.13332000  0.00000000  8.65282316 -1.28615379
  26   10  0.13332000  0.13332000  0.00000000  8.65282316 -1.16079024
  26   11  0.13332000  0.13332000  0.00000000  8.65282316 -1.16079024
  26   12  0.13332000  0.13332000  0.00000000  8.65282316 -0.45547527
  26   13  0.13332000  0.13332000  0.00000000  8.65282316 -0.45547527
  26   14  0.13332000  0.13332000  0.00000000  8.65282316 -0.31583177
  26   15  0.13332000  0.13332000  0.00000000  8.65282316 -0.31583177
  26   16  0.13332000  0.13332000  0.00000000  8.65282316 -0.24608349
  26   17  0.13332000  0.13332000  0.00000000  8.65282316 -0.24608349
  26   18  0.13332000  0.13332000  0.00000000  8.65282316 -0.23799070
  26   19  0.13332000  0.13332000  0.00000000  8.65282316 -0.23799070
  26   20  0.13332000  0.13332000  0.00000000  8.65282316 -0.17743812
  26   21  0.13332000  0.13332000  0.00000000  8.65282316 -0.17743812
  26   22  0.13332000  0.13332000  0.00000000  8.65282316 -0.17307810
  26   23  0.13332000  0.13332000  0.00000000  8.65282316 -0.17307810
  26   24  0.13332000  0.13332000  0.00000000  8.65282316 -0.07628069
  26   25  0.13332000  0.13332000  0.00000000  8.65282316 -0.07628068
  26   26  0.13332000  0.13332000  0.00000000  8.65282316  0.07272844
  26   27  0.13332000  0.13332000  0.00000000  8.65282316  0.07272844
  26   28  0.13332000  0.13332000  0.00000000  8.65282316  0.12906617
  26   29  0.13332000  0.13332000  0.00000000  8.65282316  0.12906617
  27    0  0.09999000  0.09999000  0.00000000  9.09292115 -5.68370552
  27    1  0.09999000  0.09999000  0.00000000  9.09292115 -5.68370552
  27    2  0.09999000  0.09999000  0.00000000  9.09292115 -3.44691432
  27    3  0.09999000  0.09999000  0.00000000  9.09292115 -3.44691431
  27    4  0.09999000  0.09999000  0.00000000  9.09292115 -3.24138052
  27    5  0.09999000  0.09999000  0.00000000  9.09292115 -3.24138051
  27    6  0.09999000  0.09999000  0.00000000  9.09292115 -3.21948407
  27    7  0.09999000  0.09999000  0.00000000  9.09292115 -3.21948406
  27    8  0.09999000  0.09999000  0.00000000  9.09292115 -1.34276125
  27    9  0.09999000  0.09999000  0.00000000  9.09292115 -1.34276125
  27   10  0.09999000  0.09999000  0.00000000  9.09292115 -1.20709533
  27   11  0.09999000  0.09999000  0.00000000  9.09292115 -1.20709533
  27   12  0.09999000  0.09999000  0.00000000  9.09292115 -0.49101110
  27   13  0.09999000  0.09999000  0.00000000  9.09292115 -0.49101110
  27   14  0.09999000  0.09999000  0.00000000  9.09292115 -0.32149313
  27   15  0.09999000  0.09999000  0.00000000  9.09292115 -0.32149313
  27   16  0.09999000  0.09999000  0.00000000  9.09292115 -0.27639985
  27   17  0.09999000  0.09999000  0.00000000  9.09292115 -0.27639985
  27   18  0.09999000  0.09999000  0.00000000  9.09292115 -0.23626860
  27   19  0.09999000  0.09999000  0.00000000  9.09292115 -0.23626860
  27   20  0.09999000  0.09999000  0.00000000  9.09292115 -0.20319433
  27   21  0.09999000  0.09999000  0.00000000  9.09292115 -0.20319432
  27   22  0.09999000  0.09999000  0.00000000  9.09292115 -0.19601798
  27   23  0.09999000  0.09999000  0.00000000  9.09292115 -0.19601798
  27   24  0.09999000  0.09999000  0.00000000  9.09292115 -0.08011711
  27   25  0.09999000  0.09999000  0.00000000  9.09292115 -0.08011711
  27   26  0.09999000  0.09999000  0.00000000  9.09292115  0.15002825
  27   27  0.09999000  0.09999000  0.00000000  9.09292115  0.15002825
  27   28  0.09999000  0.09999000  0.00000000  9.09292115  0.18442348
  27   29  0.09999000  0.09999000  0.00000000  9.09292115  0.18442348
  28    0  0.06666000  0.06666000  0.00000000  9.53301914 -5.69324559
  28    1  0.06666000  0.06666000  0.00000000  9.53301914 -5.69324559
  28    2  0.06666000  0.06666000  0.00000000  9.53301914 -3.45788683
  28    3  0.06666000  0.06666000  0.00000000  9.53301914 -3.45788682
  28    4  0.06666000  0.06666000  0.00000000  9.53301914 -3.24967036
  28    5  0.06666000  0.06666000  0.00000000  9.53301914 -3.24967035
  28    6  0.06666000  0.06666000  0.00000000  9.53301914 -3.24034978
  28    7  0.06666000  0.06666000  0.00000000  9.53301914 -3.24034977
  28    8  0.06666000  0.06666000  0.00000000  9.53301914 -1.38970635
  28    9  0.06666000  0.06666000  0.00000000  9.53301914 -1.38970635
  28   10  0.06666000  0.06666000  0.00000000  9.53301914 -1.24584522
  28   11  0.06666000  0.06666000  0.00000000  9.53301914 -1.24584522
  28   12  0.06666000  0.06666000  0.00000000  9.53301914 -0.52261674
  28   13  0.06666000  0.06666000  0.00000000  9.53301914 -0.52261674
  28   14  0.06666000  0.06666000  0.00000000  9.53301914 -0.32629471
  28   15  0.06666000  0.06666000  0.00000000  9.53301914 -0.32629471
  28   16  0.06666000  0.06666000  0.00000000  9.53301914 -0.30422316
  28   17  0.06666000  0.06666000  0.00000000  9.53301914 -0.30422315
  28   18  0.06666000  0.06666000  0.00000000  9.53301914 -0.23910154
  28   19  0.06666000  0.06666000  0.00000000  9.53301914 -0.23910154
  28   20  0.06666000  0.06666000  0.00000000  9.53301914 -0.22285978
  28   21  0.06666000  0.06666000  0.00000000  9.53301914 -0.22285978
  28   22  0.06666000  0.06666000  0.00000000  9.53301914 -0.21174185
  28   23  0.06666000  0.06666000  0.00000000  9.53301914 -0.21174185
  28   24  0.06666000  0.06666000  0.00000000  9.53301914 -0.09000051
  28   25  0.06666000  0.06666000  0.00000000  9.53301914 -0.09000051
  28   26  0.06666000  0.06666000  0.00000000  9.53301914  0.21356603
  28   27  0.06666000  0.06666000  0.00000000  9.53301914  0.21356603
  28   28  0.06666000  0.06666000  0.00000000  9.53301914  0.22982810
  28   29  0.06666000  0.06666000  0.00000000  9.53301914  0.22982810
  29    0  0.03333000  0.03333000  0.00000000  9.97311712 -5.69972594
  29    1  0.03333000  0.03333000  0.00000000  9.97311712 -5.69972594
  29    2  0.03333000  0.03333000  0.00000000  9.97311712 -3.46566337
  29    3  0.03333000  0.03333000  0.00000000  9.97311712 -3.46566335
  29    4  0.03333000  0.03333000  0.00000000  9.97311712 -3.25925727
  29    5  0.03333000  0.03333000  0.00000000  9.97311712 -3.25925727
  29    6  0.03333000  0.03333000  0.00000000  9.97311712 -3.25017422
  29    7  0.03333000  0.03333000  0.00000000  9.97311712 -3.25017421
  29    8  0.03333000  0.03333000  0.00000000  9.97311712 -1.42070001
  29    9  0.03333000  0.03333000  0.00000000  9.97311712 -1.42070001
  29   10  0.03333000  0.03333000  0.00000000  9.97311712 -1.27149042
  29   11  0.03333000  0.03333000  0.00000000  9.97311712 -1.27149042
  29   12  0.03333000  0.03333000  0.00000000  9.97311712 -0.54453625
  29   13  0.03333000  0.03333000  0.00000000  9.97311712 -0.54453625
  29   14  0.03333000  0.03333000  0.00000000  9.97311712 -0.33021974
  29   15  0.03333000  0.03333000  0.00000000  9.97311712 -0.33021974
  29   16  0.03333000  0.03333000  0.00000000  9.97311712 -0.32269035
  29   17  0.03333000  0.03333000  0.00000000  9.97311712 -0.32269034
  29   18  0.03333000  0.03333000  0.00000000  9.97311712 -0.25073096
  29   19  0.03333000  0.03333000  0.00000000  9.97311712 -0.25073096
  29   20  0.03333000  0.03333000  0.00000000  9.97311712 -0.22777919
  29   21  0.03333000  0.03333000  0.00000000  9.97311712 -0.22777919
  29   22  0.03333000  0.03333000  0.00000000  9.97311712 -0.22039185
  29   23  0.03333000  0.03333000  0.00000000  9.97311712 -0.22039184
  29   24  0.03333000  0.03333000  0.00000000  9.97311712 -0.09865807
  29   25  0.03333000  0.03333000  0.00000000  9.97311712 -0.09865806
  29   26  0.03333000  0.03333000  0.00000000  9.97311712  0.25593256
  29   27  0.03333000  0.03333000  0.00000000  9.97311712  0.25593256
  29   28  0.03333000  0.03333000  0.00000000  9.97311712  0.26110059
  29   29  0.03333000  0.03333000  0.00000000  9.97311712  0.26110059
  30    0  0.00000000  0.00000000  0.00000000  10.41321511 -5.70201973
  30    1  0.00000000  0.00000000  0.00000000  10.41321511 -5.70201973
  30    2  0.00000000  0.00000000  0.00000000  10.41321511 -3.46848104
  30    3  0.00000000  0.00000000  0.00000000  10.41321511 -3.46848103
  30    4  0.00000000  0.00000000  0.00000000  10.41321511 -3.26375419
  30    5  0.00000000  0.00000000  0.00000000  10.41321511 -3.26375419
  30    6  0.00000000  0.00000000  0.00000000  10.41321511 -3.25246342
  30    7  0.00000000  0.00000000  0.00000000  10.41321511 -3.25246340
  30    8  0.00000000  0.00000000  0.00000000  10.41321511 -1.43152693
  30    9  0.00000000  0.00000000  0.00000000  10.41321511 -1.43152693
  30   10  0.00000000  0.00000000  0.00000000  10.41321511 -1.28045131
  30   11  0.00000000  0.00000000  0.00000000  10.41321511 -1.28045131
  30   12  0.00000000  0.00000000  0.00000000  10.41321511 -0.55238832
  30   13  0.00000000  0.00000000  0.00000000  10.41321511 -0.55238832
  30   14  0.00000000  0.00000000  0.00000000  10.41321511 -0.33296964
  30   15  0.00000000  0.00000000  0.00000000  10.41321511 -0.33296964
  30   16  0.00000000  0.00000000  0.00000000  10.41321511 -0.32789870
  30   17  0.00000000  0.00000000  0.00000000  10.41321511 -0.32789869
  30   18  0.00000000  0.00000000  0.00000000  10.41321511 -0.25612610
  30   19  0.00000000  0.00000000  0.00000000  10.41321511 -0.25612610
  30   20  0.00000000  0.00000000  0.00000000  10.41321511 -0.22913262
  30   21  0.00000000  0.00000000  0.00000000  10.41321511 -0.22913262
  30   22  0.00000000  0.00000000  0.00000000  10.41321511 -0.22244743
  30   23  0.00000000  0.00000000  0.00000000  10.41321511 -0.22244743
  30   24  0.00000000  0.00000000  0.00000000  10.41321511 -0.10196262
  30   25  0.00000000  0.00000000  0.00000000  10.41321511 -0.10196262
  30   26  0.00000000  0.00000000  0.00000000  10.41321511  0.29231270
  30   27  0.00000000  0.00000000  0.00000000  10.41321511  0.29231279
  30   28  0.00000000  0.00000000  0.00000000  10.41321511  0.29728704
  30   29  0.00000000  0.00000000  0.00000000  10.41321511  0.29728704
