  0.000000000  0.000000000  0.000000000     102       0
       1       1  -10.465721945   -0.000000000
       1       2  -10.465721945    0.000000000
       1       3  -11.331626087   -0.000000000
       1       4  -11.331626087    0.000000000
       1       5  -11.331626087    0.000000000
       1       6  -11.331626087    0.000000000
       1       7  -11.331626087    0.000000000
       1       8  -11.331626087   -0.000000000
       1       9  -10.023433321    0.000000000
       1      10  -10.023433321    0.000000000
       1      11  -10.023433321    0.000000000
       1      12  -10.023433321    0.000000000
       1      13  -10.023433321    0.000000000
       1      14  -10.023433321    0.000000000
       1      15  -10.909356723   -0.000000000
       1      16  -10.909356723   -0.000000000
       1      17  -10.062882912    0.000000000
       1      18  -10.062882912   -0.000000000
       1      19  -10.062882912    0.000000000
       1      20  -10.062882912    0.000000000
       1      21   -7.661046487   -0.000000000
       1      22   -7.661046487   -0.000000000
       1      23   -8.300464047   -0.000000000
       1      24   -8.300464047   -0.000000000
       1      25   -8.300464047   -0.000000000
       1      26   -8.300464047    0.000000000
       1      27   -8.300464047    0.000000000
       1      28   -8.300464047    0.000000000
       1      29   -6.480002436   -0.000000000
       1      30   -6.480002436   -0.000000000
       1      31  -10.038149990   -0.000000000
       1      32  -10.038149990   -0.000000000
       1      33  -10.038149990    0.000000000
       1      34  -10.038149990    0.000000000
       1      35  -10.038149990    0.000000000
       1      36  -10.038149990    0.000000000
       1      37  -10.767504474    0.000000000
       1      38  -10.767504474   -0.000000000
       1      39  -10.767504474   -0.000000000
       1      40  -10.767504474    0.000000000
       1      41  -10.460516170    0.000000000
       1      42  -10.460516170   -0.000000000
       1      43  -10.460516170    0.000000000
       1      44  -10.460516170    0.000000000
       1      45  -10.460516170    0.000000000
       1      46  -10.460516170   -0.000000000
       1      47  -10.090887395   -0.000000000
       1      48  -10.090887395    0.000000000
       1      49  -10.090887395    0.000000000
       1      50  -10.090887395   -0.000000000
       1      51  -10.090887395   -0.000000000
       1      52  -10.090887395    0.000000000
       1      53   -9.505925774    0.000000000
       1      54   -9.505925773   -0.000000000
       1      55   -9.505925773   -0.000000000
       1      56   -9.505925774   -0.000000000
       1      57   -9.505925774    0.000000000
       1      58   -9.505925773   -0.000000000
       1      59   -9.147050733    0.000000000
       1      60   -9.147050733   -0.000000000
       1      61   -9.147050733    0.000000000
       1      62   -9.147050733    0.000000000
       1      63   -7.670672765    0.000000000
       1      64   -7.670672765    0.000000000
       1      65   -8.901738370    0.000000000
       1      66   -8.901738370   -0.000000000
       1      67   -8.901738369    0.000000000
       1      68   -8.901738369    0.000000000
       1      69   -8.912481148    0.000000000
       1      70   -8.912481149    0.000000000
       1      71   -8.912481148    0.000000000
       1      72   -8.912481147    0.000000000
       1      73   -8.912481148    0.000000000
       1      74   -8.912481147    0.000000000
       1      75   -9.518875553    0.000000000
       1      76   -9.518875552   -0.000000000
       1      77   -9.518875552    0.000000000
       1      78   -9.518875552    0.000000000
       1      79   -9.518875553   -0.000000000
       1      80   -9.518875553    0.000000000
       1      81  -11.064742141    0.000000000
       1      82  -11.064742141    0.000000000
       1      83   -9.602405668    0.000000000
       1      84   -9.602405668    0.000000000
       1      85   -9.602405668   -0.000000000
       1      86   -9.602405668    0.000000000
       1      87   -9.602405668    0.000000000
       1      88   -9.602405668    0.000000000
       1      89   -8.832787708    0.000000000
       1      90   -8.832787703    0.000000000
       1      91   -8.832787707    0.000000000
       1      92   -8.832787708    0.000000000
       1      93   -8.832787710    0.000000000
       1      94   -8.832787707   -0.000000000
       1      95   -8.873605879   -0.000000000
       1      96   -8.873605879   -0.000000000
       1      97   -8.873605878   -0.000000000
       1      98   -8.873605879    0.000000000
       1      99   -8.873605880   -0.000000000
       1     100   -8.873605878    0.000000000
       1     101   -8.063579066    0.000000000
       1     102   -8.063579070    0.000000000
 -0.000000000 -0.000000000  0.250000000     102       0
       1       1  -10.542546786    0.000000000
       1       2  -10.542546786   -0.000000000
       1       3  -10.664791403   -0.000000000
       1       4  -10.664791403   -0.000000000
       1       5  -11.092890327   -0.000000000
       1       6  -11.092890327   -0.000000000
       1       7  -11.092890327   -0.000000000
       1       8  -11.092890327   -0.000000000
       1       9  -10.088468017   -0.000000000
       1      10  -10.088468017   -0.000000000
       1      11  -10.067243449   -0.000000000
       1      12  -10.067243449   -0.000000000
       1      13  -10.067243449    0.000000000
       1      14  -10.067243449   -0.000000000
       1      15  -10.434305878   -0.000000000
       1      16  -10.434305878   -0.000000000
       1      17   -9.644980999   -0.000000000
       1      18   -9.644980999   -0.000000000
       1      19   -9.644980999   -0.000000000
       1      20   -9.644980999    0.000000000
       1      21   -7.847124959   -0.000000000
       1      22   -7.847124959    0.000000000
       1      23   -8.594292485   -0.000000000
       1      24   -8.594292485    0.000000000
       1      25   -9.453520467    0.000000000
       1      26   -9.453520467    0.000000000
       1      27   -9.453520467   -0.000000000
       1      28   -9.453520467    0.000000000
       1      29   -9.663394062   -0.000000000
       1      30   -9.663394061    0.000000000
       1      31   -9.663394062    0.000000000
       1      32   -9.663394061    0.000000000
       1      33   -9.601026953    0.000000000
       1      34   -9.601026954    0.000000000
       1      35   -7.591366040    0.000000000
       1      36   -7.591366040    0.000000000
       1      37  -10.512555594   -0.000000000
       1      38  -10.512555595    0.000000000
       1      39  -10.512555596   -0.000000000
       1      40  -10.512555595   -0.000000000
       1      41  -10.632859383   -0.000000000
       1      42  -10.632859384    0.000000000
       1      43  -10.632859384    0.000000000
       1      44  -10.632859384    0.000000000
       1      45  -10.506194472   -0.000000000
       1      46  -10.506194472    0.000000000
       1      47   -8.994310834    0.000000000
       1      48   -8.994310835    0.000000000
       1      49  -10.231047237    0.000000000
       1      50  -10.231047238   -0.000000000
       1      51   -9.210032283    0.000000000
       1      52   -9.210032284    0.000000000
       1      53   -9.210032282   -0.000000000
       1      54   -9.210032284   -0.000000000
       1      55   -9.103359010   -0.000000000
       1      56   -9.103359010    0.000000000
       1      57   -9.103359010    0.000000000
       1      58   -9.103359011    0.000000000
       1      59   -9.514800211   -0.000000000
       1      60   -9.514800212    0.000000000
       1      61   -9.514800211   -0.000000000
       1      62   -9.514800210    0.000000000
       1      63   -9.774513301   -0.000000000
       1      64   -9.774513297    0.000000000
       1      65   -9.774513298   -0.000000000
       1      66   -9.774513303   -0.000000000
       1      67   -8.046177858   -0.000000000
       1      68   -8.046177858   -0.000000000
       1      69   -8.117511823   -0.000000000
       1      70   -8.117511822   -0.000000000
       1      71   -9.049348787   -0.000000000
       1      72   -9.049348787   -0.000000000
       1      73   -8.691020212    0.000000000
       1      74   -8.691020214    0.000000000
       1      75   -8.691020213   -0.000000000
       1      76   -8.691020217   -0.000000000
       1      77   -9.067041616    0.000000000
       1      78   -9.067041617   -0.000000000
       1      79   -9.283358018    0.000000000
       1      80   -9.283358016    0.000000000
       1      81   -9.283358014   -0.000000000
       1      82   -9.283358014   -0.000000000
       1      83   -9.532471742    0.000000000
       1      84   -9.532471731    0.000000000
       1      85   -9.420168267    0.000000000
       1      86   -9.420168258   -0.000000000
       1      87   -9.025771825    0.000000000
       1      88   -9.025771820    0.000000000
       1      89   -9.025771815    0.000000000
       1      90   -9.025771827   -0.000000000
       1      91   -8.028011396    0.000000000
       1      92   -8.028011407   -0.000000000
       1      93   -8.028011415   -0.000000000
       1      94   -8.028011428    0.000000000
       1      95   -8.563128833   -0.000000000
       1      96   -8.563128790    0.000000000
       1      97   -9.388085937   -0.000000000
       1      98   -9.388085924    0.000000000
       1      99   -9.388085924    0.000000000
       1     100   -9.388085948    0.000000000
       1     101   -9.077802814   -0.000000000
       1     102   -9.077802788   -0.000000000
  0.000000000  0.000000000 -0.500000000     102       0
       1       1  -10.855687435    0.000000000
       1       2  -10.855687435    0.000000000
       1       3  -10.199062700    0.000000000
       1       4  -10.199062700   -0.000000000
       1       5  -11.065990498   -0.000000000
       1       6  -11.065990498    0.000000000
       1       7  -11.065990498    0.000000000
       1       8  -11.065990498    0.000000000
       1       9  -10.075172645    0.000000000
       1      10  -10.075172645   -0.000000000
       1      11   -9.647448127    0.000000000
       1      12   -9.647448127   -0.000000000
       1      13   -9.647448127    0.000000000
       1      14   -9.647448127   -0.000000000
       1      15   -7.700251556    0.000000000
       1      16   -7.700251556   -0.000000000
       1      17  -10.228906825    0.000000000
       1      18  -10.228906825    0.000000000
       1      19  -10.228906825    0.000000000
       1      20  -10.228906825    0.000000000
       1      21   -9.995841977    0.000000000
       1      22   -9.995841977    0.000000000
       1      23   -9.995841976   -0.000000000
       1      24   -9.995841977   -0.000000000
       1      25   -9.729734575    0.000000000
       1      26   -9.729734575    0.000000000
       1      27  -10.277366592    0.000000000
       1      28  -10.277366592   -0.000000000
       1      29   -9.849123676   -0.000000000
       1      30   -9.849123675   -0.000000000
       1      31   -9.232608008   -0.000000000
       1      32   -9.232608008    0.000000000
       1      33   -8.907266468    0.000000000
       1      34   -8.907266466    0.000000000
       1      35   -8.907266466    0.000000000
       1      36   -8.907266467    0.000000000
       1      37  -10.185212803   -0.000000000
       1      38  -10.185212802    0.000000000
       1      39  -10.185212802   -0.000000000
       1      40  -10.185212803    0.000000000
       1      41   -8.060723826    0.000000000
       1      42   -8.060723828    0.000000000
       1      43   -9.740934665    0.000000000
       1      44   -9.740934665    0.000000000
       1      45   -9.740934665    0.000000000
       1      46   -9.740934665    0.000000000
       1      47  -10.753552205    0.000000000
       1      48  -10.753552205    0.000000000
       1      49  -10.753552205   -0.000000000
       1      50  -10.753552205   -0.000000000
       1      51   -7.235686911    0.000000000
       1      52   -7.235686910   -0.000000000
       1      53  -10.622360427   -0.000000000
       1      54  -10.622360429   -0.000000000
       1      55   -8.604437103    0.000000000
       1      56   -8.604437103   -0.000000000
       1      57   -8.604437102   -0.000000000
       1      58   -8.604437103    0.000000000
       1      59   -9.090985480   -0.000000000
       1      60   -9.090985482   -0.000000000
       1      61   -9.090985482    0.000000000
       1      62   -9.090985480    0.000000000
       1      63   -9.224649569    0.000000000
       1      64   -9.224649569    0.000000000
       1      65   -8.624987353    0.000000000
       1      66   -8.624987354    0.000000000
       1      67   -8.456164072    0.000000000
       1      68   -8.456164072   -0.000000000
       1      69   -8.558068238    0.000000000
       1      70   -8.558068236    0.000000000
       1      71   -8.558068235    0.000000000
       1      72   -8.558068235    0.000000000
       1      73   -9.519678160    0.000000000
       1      74   -9.519678162    0.000000000
       1      75   -9.519678162   -0.000000000
       1      76   -9.519678166   -0.000000000
       1      77   -9.074075906    0.000000000
       1      78   -9.074075907    0.000000000
       1      79   -9.578629576    0.000000000
       1      80   -9.578629575    0.000000000
       1      81  -10.379782114    0.000000000
       1      82  -10.379782118   -0.000000000
       1      83  -10.379782126    0.000000000
       1      84  -10.379782119    0.000000000
       1      85   -9.066334071    0.000000000
       1      86   -9.066334067    0.000000000
       1      87   -9.066334071    0.000000000
       1      88   -9.066334069    0.000000000
       1      89   -9.577136750    0.000000000
       1      90   -9.577136738    0.000000000
       1      91   -8.714332368    0.000000000
       1      92   -8.714332364    0.000000000
       1      93   -8.714332368    0.000000000
       1      94   -8.714332369    0.000000000
       1      95   -9.233593041    0.000000000
       1      96   -9.233593042   -0.000000000
       1      97   -8.814556222    0.000000000
       1      98   -8.814556221   -0.000000000
       1      99   -8.814556227    0.000000000
       1     100   -8.814556223    0.000000000
       1     101   -7.941308981    0.000000000
       1     102   -7.941308996   -0.000000000
  0.000000000  0.250000000  0.250000000     102       0
       1       1  -10.558779611    0.000000000
       1       2  -10.558779611   -0.000000000
       1       3  -11.197874675    0.000000000
       1       4  -11.197874675    0.000000000
       1       5  -10.724893104    0.000000000
       1       6  -10.724893104   -0.000000000
       1       7  -10.724893104   -0.000000000
       1       8  -10.724893104    0.000000000
       1       9   -9.353699501   -0.000000000
       1      10   -9.353699501   -0.000000000
       1      11   -9.130358511   -0.000000000
       1      12   -9.130358511   -0.000000000
       1      13  -10.593710186    0.000000000
       1      14  -10.593710185    0.000000000
       1      15  -10.593710185   -0.000000000
       1      16  -10.593710186    0.000000000
       1      17  -10.716442227   -0.000000000
       1      18  -10.716442227    0.000000000
       1      19  -10.086041996   -0.000000000
       1      20  -10.086041996   -0.000000000
       1      21   -8.388543528   -0.000000000
       1      22   -8.388543527   -0.000000000
       1      23   -8.866728105    0.000000000
       1      24   -8.866728105    0.000000000
       1      25   -8.866728105    0.000000000
       1      26   -8.866728105   -0.000000000
       1      27   -8.266230284    0.000000000
       1      28   -8.266230284    0.000000000
       1      29   -9.598776032   -0.000000000
       1      30   -9.598776032    0.000000000
       1      31   -9.598776033   -0.000000000
       1      32   -9.598776032   -0.000000000
       1      33  -10.337727306   -0.000000000
       1      34  -10.337727306    0.000000000
       1      35  -10.375203686    0.000000000
       1      36  -10.375203686   -0.000000000
       1      37   -8.829232395    0.000000000
       1      38   -8.829232395    0.000000000
       1      39   -9.057289313   -0.000000000
       1      40   -9.057289313    0.000000000
       1      41  -10.232295690   -0.000000000
       1      42  -10.232295690   -0.000000000
       1      43  -10.606005089    0.000000000
       1      44  -10.606005090   -0.000000000
       1      45  -10.606005089    0.000000000
       1      46  -10.606005090   -0.000000000
       1      47   -8.972881463   -0.000000000
       1      48   -8.972881463    0.000000000
       1      49   -8.972881463   -0.000000000
       1      50   -8.972881464   -0.000000000
       1      51   -9.709840154   -0.000000000
       1      52   -9.709840154   -0.000000000
       1      53   -8.907649451   -0.000000000
       1      54   -8.907649451   -0.000000000
       1      55  -10.000222894    0.000000000
       1      56  -10.000222898   -0.000000000
       1      57   -8.992738840   -0.000000000
       1      58   -8.992738841    0.000000000
       1      59  -10.142680338    0.000000000
       1      60  -10.142680338    0.000000000
       1      61  -10.142680338    0.000000000
       1      62  -10.142680339   -0.000000000
       1      63   -9.242937481   -0.000000000
       1      64   -9.242937476   -0.000000000
       1      65   -9.219878484   -0.000000000
       1      66   -9.219878484   -0.000000000
       1      67   -9.219878483   -0.000000000
       1      68   -9.219878482   -0.000000000
       1      69   -9.214183352   -0.000000000
       1      70   -9.214183355   -0.000000000
       1      71   -9.250401728   -0.000000000
       1      72   -9.250401727    0.000000000
       1      73   -9.250401729   -0.000000000
       1      74   -9.250401731   -0.000000000
       1      75   -9.625067413    0.000000000
       1      76   -9.625067414   -0.000000000
       1      77   -8.053699944   -0.000000000
       1      78   -8.053699953    0.000000000
       1      79   -8.027329103   -0.000000000
       1      80   -8.027329103    0.000000000
       1      81   -8.027329099    0.000000000
       1      82   -8.027329099    0.000000000
       1      83   -8.087929195   -0.000000000
       1      84   -8.087929201   -0.000000000
       1      85   -9.235104121    0.000000000
       1      86   -9.235104111    0.000000000
       1      87   -8.788026336    0.000000000
       1      88   -8.788026336    0.000000000
       1      89   -8.788026324    0.000000000
       1      90   -8.788026326   -0.000000000
       1      91   -9.526441141    0.000000000
       1      92   -9.526441143    0.000000000
       1      93   -8.147659399   -0.000000000
       1      94   -8.147659397   -0.000000000
       1      95   -8.707668674   -0.000000000
       1      96   -8.707668676    0.000000000
       1      97   -9.110232307    0.000000000
       1      98   -9.110232306    0.000000000
       1      99   -9.110232303    0.000000000
       1     100   -9.110232312    0.000000000
       1     101   -8.691824109    0.000000000
       1     102   -8.691824096    0.000000000
  0.000000000  0.250000000 -0.500000000     102       0
       1       1  -10.791878110    0.000000000
       1       2  -10.791878110    0.000000000
       1       3  -10.762556030   -0.000000000
       1       4  -10.762556030   -0.000000000
       1       5  -10.211344548   -0.000000000
       1       6  -10.211344548   -0.000000000
       1       7  -10.719287143   -0.000000000
       1       8  -10.719287143    0.000000000
       1       9   -9.198562100   -0.000000000
       1      10   -9.198562100    0.000000000
       1      11   -9.600068394    0.000000000
       1      12   -9.600068394   -0.000000000
       1      13  -10.414236971   -0.000000000
       1      14  -10.414236971    0.000000000
       1      15  -10.090701023   -0.000000000
       1      16  -10.090701023    0.000000000
       1      17   -9.762477043   -0.000000000
       1      18   -9.762477043    0.000000000
       1      19  -10.173186269   -0.000000000
       1      20  -10.173186269   -0.000000000
       1      21  -10.351691891   -0.000000000
       1      22  -10.351691891    0.000000000
       1      23  -10.018047170   -0.000000000
       1      24  -10.018047169   -0.000000000
       1      25   -9.083841057    0.000000000
       1      26   -9.083841057    0.000000000
       1      27   -9.301405135   -0.000000000
       1      28   -9.301405135   -0.000000000
       1      29   -9.879305754    0.000000000
       1      30   -9.879305754   -0.000000000
       1      31  -10.555066465    0.000000000
       1      32  -10.555066465   -0.000000000
       1      33   -9.304724374    0.000000000
       1      34   -9.304724374   -0.000000000
       1      35   -9.494583495   -0.000000000
       1      36   -9.494583495    0.000000000
       1      37   -9.226706496   -0.000000000
       1      38   -9.226706496   -0.000000000
       1      39   -9.111603557    0.000000000
       1      40   -9.111603557   -0.000000000
       1      41  -10.148666008    0.000000000
       1      42  -10.148666008    0.000000000
       1      43   -9.211241324   -0.000000000
       1      44   -9.211241324   -0.000000000
       1      45   -8.864696820   -0.000000000
       1      46   -8.864696820   -0.000000000
       1      47   -8.345692653   -0.000000000
       1      48   -8.345692653   -0.000000000
       1      49   -9.833526714   -0.000000000
       1      50   -9.833526714   -0.000000000
       1      51   -9.209301298    0.000000000
       1      52   -9.209301298    0.000000000
       1      53   -9.595495779    0.000000000
       1      54   -9.595495779   -0.000000000
       1      55   -8.906417908    0.000000000
       1      56   -8.906417908    0.000000000
       1      57   -8.654231117    0.000000000
       1      58   -8.654231117    0.000000000
       1      59   -8.918801957    0.000000000
       1      60   -8.918801957   -0.000000000
       1      61   -8.921491219    0.000000000
       1      62   -8.921491219    0.000000000
       1      63   -9.000829036   -0.000000000
       1      64   -9.000829036   -0.000000000
       1      65   -9.143366971    0.000000000
       1      66   -9.143366971    0.000000000
       1      67  -10.394394288    0.000000000
       1      68  -10.394394288    0.000000000
       1      69   -8.921501887   -0.000000000
       1      70   -8.921501887   -0.000000000
       1      71   -9.402193838    0.000000000
       1      72   -9.402193838    0.000000000
       1      73   -9.372640514    0.000000000
       1      74   -9.372640514    0.000000000
       1      75   -8.720290993    0.000000000
       1      76   -8.720290993    0.000000000
       1      77   -9.822552357    0.000000000
       1      78   -9.822552357    0.000000000
       1      79   -8.511195748   -0.000000000
       1      80   -8.511195748    0.000000000
       1      81   -9.016660165   -0.000000000
       1      82   -9.016660166    0.000000000
       1      83   -9.476353723    0.000000000
       1      84   -9.476353723   -0.000000000
       1      85   -8.901363896    0.000000000
       1      86   -8.901363896    0.000000000
       1      87   -8.801777717    0.000000000
       1      88   -8.801777717    0.000000000
       1      89   -9.194710460    0.000000000
       1      90   -9.194710460    0.000000000
       1      91   -9.813910112   -0.000000000
       1      92   -9.813910113   -0.000000000
       1      93   -8.736996449   -0.000000000
       1      94   -8.736996444   -0.000000000
       1      95   -9.468432060    0.000000000
       1      96   -9.468432060    0.000000000
       1      97   -8.948341719    0.000000000
       1      98   -8.948341717   -0.000000000
       1      99   -9.865441752   -0.000000000
       1     100   -9.865441751    0.000000000
       1     101   -8.856996845    0.000000000
       1     102   -8.856996418    0.000000000
  0.000000000  0.250000000 -0.250000000     102       0
       1       1  -10.694480128   -0.000000000
       1       2  -10.694480128    0.000000000
       1       3  -10.897930515   -0.000000000
       1       4  -10.897930515   -0.000000000
       1       5  -10.044884101    0.000000000
       1       6  -10.044884101   -0.000000000
       1       7  -10.966951591   -0.000000000
       1       8  -10.966951591   -0.000000000
       1       9   -9.562497168   -0.000000000
       1      10   -9.562497168    0.000000000
       1      11  -10.101713459   -0.000000000
       1      12  -10.101713459    0.000000000
       1      13  -10.216490612   -0.000000000
       1      14  -10.216490612   -0.000000000
       1      15   -9.875446622   -0.000000000
       1      16   -9.875446622    0.000000000
       1      17   -9.553421533   -0.000000000
       1      18   -9.553421533   -0.000000000
       1      19   -9.908753080   -0.000000000
       1      20   -9.908753080    0.000000000
       1      21   -8.833764936   -0.000000000
       1      22   -8.833764936   -0.000000000
       1      23  -10.622870749    0.000000000
       1      24  -10.622870749   -0.000000000
       1      25   -8.361341440    0.000000000
       1      26   -8.361341440   -0.000000000
       1      27   -8.796605427    0.000000000
       1      28   -8.796605427   -0.000000000
       1      29  -10.622611145   -0.000000000
       1      30  -10.622611145   -0.000000000
       1      31  -10.385020147    0.000000000
       1      32  -10.385020146   -0.000000000
       1      33  -10.533931148   -0.000000000
       1      34  -10.533931149    0.000000000
       1      35  -10.736372317    0.000000000
       1      36  -10.736372317   -0.000000000
       1      37   -8.719772596    0.000000000
       1      38   -8.719772595   -0.000000000
       1      39   -9.555567332   -0.000000000
       1      40   -9.555567332   -0.000000000
       1      41   -7.381156016   -0.000000000
       1      42   -7.381156016    0.000000000
       1      43   -9.976313101    0.000000000
       1      44   -9.976313101   -0.000000000
       1      45   -9.394800946   -0.000000000
       1      46   -9.394800946    0.000000000
       1      47   -8.754104385   -0.000000000
       1      48   -8.754104384   -0.000000000
       1      49   -9.583183107   -0.000000000
       1      50   -9.583183107   -0.000000000
       1      51   -9.978605782    0.000000000
       1      52   -9.978605781   -0.000000000
       1      53   -9.287103510    0.000000000
       1      54   -9.287103510   -0.000000000
       1      55   -8.787093656    0.000000000
       1      56   -8.787093655   -0.000000000
       1      57   -9.788829400   -0.000000000
       1      58   -9.788829400    0.000000000
       1      59   -8.994892586   -0.000000000
       1      60   -8.994892586    0.000000000
       1      61   -8.858583812   -0.000000000
       1      62   -8.858583812    0.000000000
       1      63  -10.561717165   -0.000000000
       1      64  -10.561717166   -0.000000000
       1      65   -8.520838906    0.000000000
       1      66   -8.520838905    0.000000000
       1      67   -8.548600507   -0.000000000
       1      68   -8.548600508    0.000000000
       1      69   -8.898745967   -0.000000000
       1      70   -8.898745966    0.000000000
       1      71  -10.299778450    0.000000000
       1      72  -10.299778450   -0.000000000
       1      73   -8.024950956    0.000000000
       1      74   -8.024950955    0.000000000
       1      75   -9.810573778    0.000000000
       1      76   -9.810573778   -0.000000000
       1      77   -8.834827094    0.000000000
       1      78   -8.834827094    0.000000000
       1      79   -9.397867361   -0.000000000
       1      80   -9.397867358    0.000000000
       1      81   -9.333851433    0.000000000
       1      82   -9.333851431    0.000000000
       1      83   -8.709709453    0.000000000
       1      84   -8.709709452    0.000000000
       1      85   -8.816273267    0.000000000
       1      86   -8.816273268    0.000000000
       1      87   -9.993400114    0.000000000
       1      88   -9.993400114    0.000000000
       1      89   -9.195808847   -0.000000000
       1      90   -9.195808848    0.000000000
       1      91   -9.584034899    0.000000000
       1      92   -9.584034899    0.000000000
       1      93   -8.929086994   -0.000000000
       1      94   -8.929086995    0.000000000
       1      95   -8.145287061    0.000000000
       1      96   -8.145287067    0.000000000
       1      97   -9.102818110    0.000000000
       1      98   -9.102818111    0.000000000
       1      99   -8.935658695    0.000000000
       1     100   -8.935658695    0.000000000
       1     101   -9.543663508   -0.000000000
       1     102   -9.543663488    0.000000000
 -0.000000000 -0.500000000 -0.500000000     102       0
       1       1  -10.853740427    0.000000000
       1       2  -10.853740427    0.000000000
       1       3  -10.853740427   -0.000000000
       1       4  -10.853740427    0.000000000
       1       5  -10.591717999    0.000000000
       1       6  -10.591717999   -0.000000000
       1       7  -10.591717999    0.000000000
       1       8  -10.591717999   -0.000000000
       1       9   -8.959279848    0.000000000
       1      10   -8.959279848    0.000000000
       1      11   -8.959279848    0.000000000
       1      12   -8.959279848   -0.000000000
       1      13  -10.545917208   -0.000000000
       1      14  -10.545917208    0.000000000
       1      15  -10.545917208    0.000000000
       1      16  -10.545917208    0.000000000
       1      17  -10.567995064    0.000000000
       1      18  -10.567995064   -0.000000000
       1      19  -10.567995064   -0.000000000
       1      20  -10.567995064    0.000000000
       1      21  -10.164199529    0.000000000
       1      22  -10.164199529   -0.000000000
       1      23  -10.164199529    0.000000000
       1      24  -10.164199529   -0.000000000
       1      25  -10.266740498    0.000000000
       1      26  -10.266740498   -0.000000000
       1      27  -10.266740498    0.000000000
       1      28  -10.266740498   -0.000000000
       1      29   -9.022571943    0.000000000
       1      30   -9.022571943   -0.000000000
       1      31   -9.022571943    0.000000000
       1      32   -9.022571943    0.000000000
       1      33   -8.048377102    0.000000000
       1      34   -8.048377102    0.000000000
       1      35   -8.048377102    0.000000000
       1      36   -8.048377102    0.000000000
       1      37   -9.187463586    0.000000000
       1      38   -9.187463586   -0.000000000
       1      39   -9.187463586    0.000000000
       1      40   -9.187463586    0.000000000
       1      41   -8.498942478   -0.000000000
       1      42   -8.498942478   -0.000000000
       1      43   -8.498942478   -0.000000000
       1      44   -8.498942478    0.000000000
       1      45  -10.708832954   -0.000000000
       1      46  -10.708832954    0.000000000
       1      47  -10.708832954   -0.000000000
       1      48  -10.708832954    0.000000000
       1      49  -10.645808567    0.000000000
       1      50  -10.645808567    0.000000000
       1      51  -10.645808567    0.000000000
       1      52  -10.645808567    0.000000000
       1      53   -8.062207007   -0.000000000
       1      54   -8.062207007    0.000000000
       1      55   -8.062207007    0.000000000
       1      56   -8.062207007    0.000000000
       1      57   -8.725403120    0.000000000
       1      58   -8.725403120   -0.000000000
       1      59   -8.725403120    0.000000000
       1      60   -8.725403120    0.000000000
       1      61   -9.355363192    0.000000000
       1      62   -9.355363192    0.000000000
       1      63   -9.355363192    0.000000000
       1      64   -9.355363192    0.000000000
       1      65   -9.229240662    0.000000000
       1      66   -9.229240662    0.000000000
       1      67   -9.229240662    0.000000000
       1      68   -9.229240662    0.000000000
       1      69   -9.257190393    0.000000000
       1      70   -9.257190393    0.000000000
       1      71   -9.257190393    0.000000000
       1      72   -9.257190393    0.000000000
       1      73   -9.158005979    0.000000000
       1      74   -9.158005979    0.000000000
       1      75   -9.158005979    0.000000000
       1      76   -9.158005979    0.000000000
       1      77   -7.974474468    0.000000000
       1      78   -7.974474468   -0.000000000
       1      79   -7.974474468    0.000000000
       1      80   -7.974474468    0.000000000
       1      81   -8.729096099    0.000000000
       1      82   -8.729096099    0.000000000
       1      83   -8.729096099    0.000000000
       1      84   -8.729096099    0.000000000
       1      85  -10.078071819   -0.000000000
       1      86  -10.078071819   -0.000000000
       1      87  -10.078071819   -0.000000000
       1      88  -10.078071819    0.000000000
       1      89  -10.577182914   -0.000000000
       1      90  -10.577182914   -0.000000000
       1      91  -10.577182914    0.000000000
       1      92  -10.577182914    0.000000000
       1      93   -8.553737292    0.000000000
       1      94   -8.553737295    0.000000000
       1      95   -8.553737294    0.000000000
       1      96   -8.553737295    0.000000000
       1      97  -10.290784021    0.000000000
       1      98  -10.290784045    0.000000000
       1      99  -10.290784049    0.000000000
       1     100  -10.290784044    0.000000000
       1     101   -9.466114558    0.000000000
       1     102   -9.466114664    0.000000000
  0.250000000 -0.500000000 -0.250000000     102       0
       1       1  -10.978802382    0.000000000
       1       2  -10.978802382   -0.000000000
       1       3  -10.978802382    0.000000000
       1       4  -10.978802382    0.000000000
       1       5   -9.969240710   -0.000000000
       1       6   -9.969240710    0.000000000
       1       7   -9.969240710    0.000000000
       1       8   -9.969240710    0.000000000
       1       9   -9.559693094    0.000000000
       1      10   -9.559693094    0.000000000
       1      11   -9.559693094   -0.000000000
       1      12   -9.559693094    0.000000000
       1      13  -10.032648652    0.000000000
       1      14  -10.032648652    0.000000000
       1      15  -10.032648652   -0.000000000
       1      16  -10.032648652    0.000000000
       1      17  -10.607305437    0.000000000
       1      18  -10.607305437    0.000000000
       1      19  -10.607305437    0.000000000
       1      20  -10.607305437    0.000000000
       1      21  -10.327364783   -0.000000000
       1      22  -10.327364783   -0.000000000
       1      23  -10.327364783   -0.000000000
       1      24  -10.327364783    0.000000000
       1      25   -8.651493289    0.000000000
       1      26   -8.651493289    0.000000000
       1      27   -8.651493289   -0.000000000
       1      28   -8.651493289    0.000000000
       1      29   -8.184371890    0.000000000
       1      30   -8.184371890   -0.000000000
       1      31   -8.184371890    0.000000000
       1      32   -8.184371890    0.000000000
       1      33  -10.807541820    0.000000000
       1      34  -10.807541820    0.000000000
       1      35  -10.807541820    0.000000000
       1      36  -10.807541820   -0.000000000
       1      37  -10.946621708    0.000000000
       1      38  -10.946621708   -0.000000000
       1      39  -10.946621708    0.000000000
       1      40  -10.946621708    0.000000000
       1      41   -9.135055846    0.000000000
       1      42   -9.135055846   -0.000000000
       1      43   -9.135055846    0.000000000
       1      44   -9.135055846   -0.000000000
       1      45   -8.483148891    0.000000000
       1      46   -8.483148891    0.000000000
       1      47   -8.483148891    0.000000000
       1      48   -8.483148891    0.000000000
       1      49   -8.667926441    0.000000000
       1      50   -8.667926441    0.000000000
       1      51   -8.667926441   -0.000000000
       1      52   -8.667926441    0.000000000
       1      53   -8.813585787   -0.000000000
       1      54   -8.813585786    0.000000000
       1      55   -8.813585786   -0.000000000
       1      56   -8.813585786    0.000000000
       1      57   -9.741320078    0.000000000
       1      58   -9.741320078    0.000000000
       1      59   -9.741320078    0.000000000
       1      60   -9.741320078    0.000000000
       1      61   -8.724119067    0.000000000
       1      62   -8.724119067    0.000000000
       1      63   -8.724119067   -0.000000000
       1      64   -8.724119067   -0.000000000
       1      65   -8.733287313    0.000000000
       1      66   -8.733287313   -0.000000000
       1      67   -8.733287314   -0.000000000
       1      68   -8.733287314    0.000000000
       1      69   -9.602709982    0.000000000
       1      70   -9.602709982    0.000000000
       1      71   -9.602709982    0.000000000
       1      72   -9.602709982    0.000000000
       1      73   -9.465821196    0.000000000
       1      74   -9.465821196    0.000000000
       1      75   -9.465821196    0.000000000
       1      76   -9.465821196   -0.000000000
       1      77   -9.649756271    0.000000000
       1      78   -9.649756270   -0.000000000
       1      79   -9.649756271    0.000000000
       1      80   -9.649756271    0.000000000
       1      81   -9.992871645   -0.000000000
       1      82   -9.992871645    0.000000000
       1      83   -9.992871646    0.000000000
       1      84   -9.992871645    0.000000000
       1      85   -8.757209387    0.000000000
       1      86   -8.757209388    0.000000000
       1      87   -8.757209388    0.000000000
       1      88   -8.757209389    0.000000000
       1      89   -9.097315762    0.000000000
       1      90   -9.097315758    0.000000000
       1      91   -9.097315757    0.000000000
       1      92   -9.097315757    0.000000000
       1      93   -9.242403445    0.000000000
       1      94   -9.242403442    0.000000000
       1      95   -9.242403456    0.000000000
       1      96   -9.242403439    0.000000000
       1      97   -8.997602725    0.000000000
       1      98   -8.997602742    0.000000000
       1      99   -8.997602723    0.000000000
       1     100   -8.997602749   -0.000000000
       1     101   -9.217221858    0.000000000
       1     102   -9.217221881    0.000000000
