  0.000000000  0.000000000  0.000000000      82       0
       1       1  -39.930226080   -0.000000000
       1       2  -39.930226080   -0.000000000
       1       3  -17.859848066    0.000000000
       1       4  -17.859848066    0.000000000
       1       5  -15.915443081   -0.000000000
       1       6  -15.915443081   -0.000000000
       1       7  -15.494520093   -0.000000000
       1       8  -15.494520093    0.000000000
       1       9   -5.334964411   -0.000000000
       1      10   -5.334964411    0.000000000
       1      11   -3.812547069   -0.000000000
       1      12   -3.812547069    0.000000000
       1      13    2.338589158   -0.000000000
       1      14    2.338589158    0.000000000
       1      15    8.218418468    0.000000000
       1      16    8.218418467    0.000000000
       1      17    8.148660000    0.000000000
       1      18    8.148660000    0.000000000
       1      19    5.869071928    0.000000000
       1      20    5.869071928   -0.000000000
       1      21    9.693999497    0.000000000
       1      22    9.693999497   -0.000000000
       1      23    9.735183571    0.000000000
       1      24    9.735183572    0.000000000
       1      25   10.486693215   -0.000000000
       1      26   10.486693214    0.000000000
       1      27   13.571386227    0.000000000
       1      28   13.571386227    0.000000000
       1      29   13.609426481   -0.000000000
       1      30   13.609426481   -0.000000000
       1      31   13.777142704    0.000000000
       1      32   13.777142704    0.000000000
       1      33   13.769215239   -0.000000000
       1      34   13.769215239   -0.000000000
       1      35   12.904275690   -0.000000000
       1      36   12.904275690    0.000000000
       1      37   15.462402001   -0.000000000
       1      38   15.462402001    0.000000000
       1      39   12.501345961    0.000000000
       1      40   12.501345961    0.000000000
       1      41   11.327779395   -0.000000000
       1      42   11.327779395   -0.000000000
       1      43   17.903567174   -0.000000000
       1      44   17.903567173   -0.000000000
       1      45   17.964750178    0.000000000
       1      46   17.964750178   -0.000000000
       1      47   20.179828063   -0.000000000
       1      48   20.179828060    0.000000000
       1      49   20.209969380    0.000000000
       1      50   20.209969374    0.000000000
       1      51   20.243354186    0.000000000
       1      52   20.243354185   -0.000000000
       1      53   24.035576455   -0.000000000
       1      54   24.035576447    0.000000000
       1      55   24.053949913   -0.000000000
       1      56   24.053949901    0.000000000
       1      57   20.576710326   -0.000000000
       1      58   20.576710326    0.000000000
       1      59   25.294828990    0.000000000
       1      60   25.294828991   -0.000000000
       1      61   25.321205599    0.000000000
       1      62   25.321205598   -0.000000000
       1      63   18.709136249    0.000000000
       1      64   18.709136249   -0.000000000
       1      65   20.722108532   -0.000000000
       1      66   20.722108532    0.000000000
       1      67   21.191560663    0.000000000
       1      68   21.191560668   -0.000000000
       1      69   23.559709753    0.000000000
       1      70   23.559709762   -0.000000000
       1      71   21.868864984    0.000000000
       1      72   21.868864986   -0.000000000
       1      73   28.338994345    0.000000000
       1      74   28.338994289   -0.000000000
       1      75   28.332950945   -0.000000000
       1      76   28.332950847    0.000000000
       1      77   28.646991084    0.000000000
       1      78   28.646991112    0.000000000
       1      79   28.729683320   -0.000000000
       1      80   28.729683300    0.000000000
       1      81   28.741877968   -0.000000000
       1      82   28.741877813   -0.000000000
  0.000000000  0.333333333  0.000000000      82       0
       1       1  -39.909675398    0.000000000
       1       2  -39.909675398    0.000000000
       1       3  -18.018126359   -0.000000000
       1       4  -18.018126267    0.000000000
       1       5  -16.087250953   -0.000000000
       1       6  -16.087250923   -0.000000000
       1       7  -15.779637066   -0.000000000
       1       8  -15.779636975    0.000000000
       1       9   -3.431026679    0.000000000
       1      10   -3.431026667    0.000000000
       1      11   -2.892982383   -0.000000000
       1      12   -2.892982382    0.000000000
       1      13    3.262228862    0.000000000
       1      14    3.262229034    0.000000000
       1      15    4.269830128    0.000000000
       1      16    4.269830218    0.000000000
       1      17    4.499926126   -0.000000000
       1      18    4.499926195    0.000000000
       1      19    7.571470201    0.000000000
       1      20    7.571470497    0.000000000
       1      21    6.873937510   -0.000000000
       1      22    6.873937674    0.000000000
       1      23    8.627767202   -0.000000000
       1      24    8.627768788   -0.000000000
       1      25    9.196163053   -0.000000000
       1      26    9.196164999   -0.000000000
       1      27   14.457100205   -0.000000000
       1      28   14.457111151   -0.000000000
       1      29   13.912369106    0.000000000
       1      30   13.912380670    0.000000000
       1      31   14.437964482   -0.000000000
       1      32   14.437964212   -0.000000000
       1      33   15.858701599    0.000000000
       1      34   15.858701419    0.000000000
       1      35   14.810861021   -0.000000000
       1      36   14.810862826    0.000000000
       1      37   13.923049023    0.000000000
       1      38   13.923049222    0.000000000
       1      39   15.468411155   -0.000000000
       1      40   15.468413595    0.000000000
       1      41   15.527773482    0.000000000
       1      42   15.527773139    0.000000000
       1      43   17.688088069    0.000000000
       1      44   17.688088846    0.000000000
       1      45   20.365617756    0.000000000
       1      46   20.365619697    0.000000000
       1      47   17.178265236    0.000000000
       1      48   17.178265059    0.000000000
       1      49   19.090856547   -0.000000000
       1      50   19.090857685    0.000000000
       1      51   21.287365933    0.000000000
       1      52   21.287366083    0.000000000
       1      53   19.561834297    0.000000000
       1      54   19.561830944    0.000000000
       1      55   23.160359631    0.000000000
       1      56   23.160357769    0.000000000
       1      57   22.114975994   -0.000000000
       1      58   22.114977880    0.000000000
       1      59   26.475831663   -0.000000000
       1      60   26.475831817    0.000000000
       1      61   20.719564776    0.000000000
       1      62   20.719564986    0.000000000
       1      63   20.958253308    0.000000000
       1      64   20.958252760   -0.000000000
       1      65   22.660787445    0.000000000
       1      66   22.660786613    0.000000000
       1      67   24.540341713   -0.000000000
       1      68   24.540341609   -0.000000000
       1      69   26.564381649    0.000000000
       1      70   26.564383024   -0.000000000
       1      71   27.454369574    0.000000000
       1      72   27.454369351    0.000000000
       1      73   24.052281837    0.000000000
       1      74   24.052281607    0.000000000
       1      75   22.953416520    0.000000000
       1      76   22.953417160   -0.000000000
       1      77   29.317599548   -0.000000000
       1      78   29.317599064    0.000000000
       1      79   29.947232995    0.000000000
       1      80   29.947233753    0.000000000
       1      81   27.685538062   -0.000000000
       1      82   27.685538763   -0.000000000
  0.000000000  0.666666667  0.000000000      82       0
       1       1  -39.909675398    0.000000000
       1       2  -39.909675398    0.000000000
       1       3  -18.018126359    0.000000000
       1       4  -18.018126267   -0.000000000
       1       5  -16.087250953    0.000000000
       1       6  -16.087250923    0.000000000
       1       7  -15.779637065   -0.000000000
       1       8  -15.779636975    0.000000000
       1       9   -3.431026680   -0.000000000
       1      10   -3.431026667    0.000000000
       1      11   -2.892982383    0.000000000
       1      12   -2.892982382    0.000000000
       1      13    3.262228862    0.000000000
       1      14    3.262229033   -0.000000000
       1      15    4.269830128    0.000000000
       1      16    4.269830217   -0.000000000
       1      17    4.499926126    0.000000000
       1      18    4.499926195   -0.000000000
       1      19    7.571470201    0.000000000
       1      20    7.571470498    0.000000000
       1      21    6.873937510    0.000000000
       1      22    6.873937674   -0.000000000
       1      23    8.627767202   -0.000000000
       1      24    8.627768788    0.000000000
       1      25    9.196163053   -0.000000000
       1      26    9.196165000    0.000000000
       1      27   14.457100204    0.000000000
       1      28   14.457111151    0.000000000
       1      29   13.912369106    0.000000000
       1      30   13.912380671    0.000000000
       1      31   14.437964481    0.000000000
       1      32   14.437964210    0.000000000
       1      33   15.858701599    0.000000000
       1      34   15.858701419    0.000000000
       1      35   14.810861020    0.000000000
       1      36   14.810862826    0.000000000
       1      37   13.923049025    0.000000000
       1      38   13.923049224   -0.000000000
       1      39   15.468411155    0.000000000
       1      40   15.468413595    0.000000000
       1      41   15.527773482    0.000000000
       1      42   15.527773140   -0.000000000
       1      43   17.688088071    0.000000000
       1      44   17.688088845    0.000000000
       1      45   20.365617756    0.000000000
       1      46   20.365619697    0.000000000
       1      47   17.178265236    0.000000000
       1      48   17.178265057   -0.000000000
       1      49   19.090856546    0.000000000
       1      50   19.090857685   -0.000000000
       1      51   21.287365930    0.000000000
       1      52   21.287366079    0.000000000
       1      53   19.561834299   -0.000000000
       1      54   19.561830945    0.000000000
       1      55   23.160359635    0.000000000
       1      56   23.160357769    0.000000000
       1      57   22.114975994    0.000000000
       1      58   22.114977879   -0.000000000
       1      59   26.475831667    0.000000000
       1      60   26.475831829   -0.000000000
       1      61   20.719564773   -0.000000000
       1      62   20.719564983   -0.000000000
       1      63   20.958253310   -0.000000000
       1      64   20.958252763   -0.000000000
       1      65   22.660787446   -0.000000000
       1      66   22.660786615    0.000000000
       1      67   24.540341725    0.000000000
       1      68   24.540341607    0.000000000
       1      69   26.564381709   -0.000000000
       1      70   26.564383018   -0.000000000
       1      71   27.454369517    0.000000000
       1      72   27.454369325   -0.000000000
       1      73   24.052281941   -0.000000000
       1      74   24.052281650    0.000000000
       1      75   22.953416632    0.000000000
       1      76   22.953417163    0.000000000
       1      77   29.317599685    0.000000000
       1      78   29.317599066    0.000000000
       1      79   29.947233097    0.000000000
       1      80   29.947234046   -0.000000000
       1      81   27.685537681   -0.000000000
       1      82   27.685538843    0.000000000
  0.333333333 -0.000000000  0.000000000      82       0
       1       1  -39.909675594   -0.000000000
       1       2  -39.909675593   -0.000000000
       1       3  -18.018126006   -0.000000000
       1       4  -18.018125989    0.000000000
       1       5  -16.087251544   -0.000000000
       1       6  -16.087251541    0.000000000
       1       7  -15.779634995    0.000000000
       1       8  -15.779634985   -0.000000000
       1       9   -3.431029656   -0.000000000
       1      10   -3.431029565   -0.000000000
       1      11   -2.892985227    0.000000000
       1      12   -2.892985224   -0.000000000
       1      13    3.262227825    0.000000000
       1      14    3.262227995    0.000000000
       1      15    4.269825724    0.000000000
       1      16    4.269825875    0.000000000
       1      17    4.499921066    0.000000000
       1      18    4.499921124    0.000000000
       1      19    7.571483611    0.000000000
       1      20    7.571483971   -0.000000000
       1      21    6.873936031    0.000000000
       1      22    6.873935883   -0.000000000
       1      23    8.627781823   -0.000000000
       1      24    8.627783454   -0.000000000
       1      25    9.196159428   -0.000000000
       1      26    9.196161433   -0.000000000
       1      27   14.457093304   -0.000000000
       1      28   14.457099703    0.000000000
       1      29   13.912383865    0.000000000
       1      30   13.912390973    0.000000000
       1      31   14.437969555   -0.000000000
       1      32   14.437969608    0.000000000
       1      33   15.858705502    0.000000000
       1      34   15.858705660    0.000000000
       1      35   14.810880720   -0.000000000
       1      36   14.810882492    0.000000000
       1      37   13.923047322    0.000000000
       1      38   13.923047546    0.000000000
       1      39   15.468387047    0.000000000
       1      40   15.468389445   -0.000000000
       1      41   15.527780421    0.000000000
       1      42   15.527780071    0.000000000
       1      43   17.688086964    0.000000000
       1      44   17.688087686    0.000000000
       1      45   20.365626500    0.000000000
       1      46   20.365628629   -0.000000000
       1      47   17.178252819   -0.000000000
       1      48   17.178252611   -0.000000000
       1      49   19.090842927    0.000000000
       1      50   19.090845030   -0.000000000
       1      51   21.287375332    0.000000000
       1      52   21.287375262    0.000000000
       1      53   19.561828744    0.000000000
       1      54   19.561828167   -0.000000000
       1      55   23.160350967   -0.000000000
       1      56   23.160351520   -0.000000000
       1      57   22.114988641   -0.000000000
       1      58   22.114989824    0.000000000
       1      59   26.475837803    0.000000000
       1      60   26.475837956   -0.000000000
       1      61   20.719562197    0.000000000
       1      62   20.719562407   -0.000000000
       1      63   20.958255582    0.000000000
       1      64   20.958255146    0.000000000
       1      65   22.660772646   -0.000000000
       1      66   22.660771851    0.000000000
       1      67   24.540342222    0.000000000
       1      68   24.540342201   -0.000000000
       1      69   26.564397414   -0.000000000
       1      70   26.564398632    0.000000000
       1      71   27.454375403    0.000000000
       1      72   27.454375445   -0.000000000
       1      73   24.052281968    0.000000000
       1      74   24.052281727    0.000000000
       1      75   22.953418781    0.000000000
       1      76   22.953419261   -0.000000000
       1      77   29.317596980    0.000000000
       1      78   29.317597039    0.000000000
       1      79   29.947234107   -0.000000000
       1      80   29.947234936   -0.000000000
       1      81   27.685555761   -0.000000000
       1      82   27.685556029   -0.000000000
  0.333333333  0.333333333  0.000000000      82       0
       1       1  -39.806777466    0.000000000
       1       2  -39.806769440    0.000000000
       1       3  -18.109813040    0.000000000
       1       4  -18.061962585    0.000000000
       1       5  -16.135067523   -0.000000000
       1       6  -16.001763839    0.000000000
       1       7  -16.033148482    0.000000000
       1       8  -15.968428402   -0.000000000
       1       9   -2.124205859    0.000000000
       1      10   -2.179758430   -0.000000000
       1      11   -2.178909919    0.000000000
       1      12   -2.014514140   -0.000000000
       1      13    3.207600576   -0.000000000
       1      14    3.247298962    0.000000000
       1      15    3.570486969    0.000000000
       1      16    3.598718790    0.000000000
       1      17    3.396357196   -0.000000000
       1      18    3.520573816   -0.000000000
       1      19    5.570724052    0.000000000
       1      20    5.688513606    0.000000000
       1      21    4.990439617    0.000000000
       1      22    5.017580781    0.000000000
       1      23    7.373119167   -0.000000000
       1      24    7.362598511    0.000000000
       1      25   11.340702136    0.000000000
       1      26   11.321859684    0.000000000
       1      27   14.443121907    0.000000000
       1      28   14.434395443    0.000000000
       1      29   13.406301585    0.000000000
       1      30   13.445599639    0.000000000
       1      31   16.215871238   -0.000000000
       1      32   16.318794156    0.000000000
       1      33   17.971686686    0.000000000
       1      34   18.040355103    0.000000000
       1      35   14.779226935   -0.000000000
       1      36   14.848622733   -0.000000000
       1      37   13.717273748    0.000000000
       1      38   13.710330639    0.000000000
       1      39   14.413848302    0.000000000
       1      40   14.424844899   -0.000000000
       1      41   18.589767962    0.000000000
       1      42   18.628658304    0.000000000
       1      43   18.675244568    0.000000000
       1      44   18.697958220   -0.000000000
       1      45   17.607539517   -0.000000000
       1      46   17.615214326   -0.000000000
       1      47   19.534713544    0.000000000
       1      48   19.582842561   -0.000000000
       1      49   20.449999087   -0.000000000
       1      50   20.494187090    0.000000000
       1      51   20.887927810   -0.000000000
       1      52   20.905589834    0.000000000
       1      53   19.030402915    0.000000000
       1      54   19.030674946    0.000000000
       1      55   19.772074476   -0.000000000
       1      56   19.831445393   -0.000000000
       1      57   20.538889843   -0.000000000
       1      58   20.523201149   -0.000000000
       1      59   20.695870002    0.000000000
       1      60   20.883083705   -0.000000000
       1      61   23.764002350   -0.000000000
       1      62   20.759158992   -0.000000000
       1      63   22.428332826   -0.000000000
       1      64   25.748137281    0.000000000
       1      65   23.139353889    0.000000000
       1      66   23.145122070    0.000000000
       1      67   23.542619005    0.000000000
       1      68   23.574110592   -0.000000000
       1      69   25.216575517    0.000000000
       1      70   25.224796786    0.000000000
       1      71   26.342143562   -0.000000000
       1      72   26.353002471   -0.000000000
       1      73   30.402625749   -0.000000000
       1      74   30.407158310    0.000000000
       1      75   32.174157667   -0.000000000
       1      76   32.057167094    0.000000000
       1      77   32.224776334   -0.000000000
       1      78   32.314329989    0.000000000
       1      79   28.252574101    0.000000000
       1      80   28.179063339   -0.000000000
       1      81   24.875837623    0.000000000
       1      82   24.864397610   -0.000000000
  0.333333333  0.666666667  0.000000000      82       0
       1       1  -39.909675288    0.000000000
       1       2  -39.909675287    0.000000000
       1       3  -18.018126450   -0.000000000
       1       4  -18.018126375   -0.000000000
       1       5  -16.087250110    0.000000000
       1       6  -16.087250084    0.000000000
       1       7  -15.779638739    0.000000000
       1       8  -15.779638661    0.000000000
       1       9   -3.431027201   -0.000000000
       1      10   -3.431027123    0.000000000
       1      11   -2.892976001   -0.000000000
       1      12   -2.892975999   -0.000000000
       1      13    3.262229517    0.000000000
       1      14    3.262229515    0.000000000
       1      15    4.269828171   -0.000000000
       1      16    4.269828232   -0.000000000
       1      17    4.499923751    0.000000000
       1      18    4.499923762    0.000000000
       1      19    7.571453552   -0.000000000
       1      20    7.571453488    0.000000000
       1      21    6.873943494   -0.000000000
       1      22    6.873943509    0.000000000
       1      23    8.627759061    0.000000000
       1      24    8.627759015    0.000000000
       1      25    9.196181139    0.000000000
       1      26    9.196181079    0.000000000
       1      27   14.457101335   -0.000000000
       1      28   14.457105889   -0.000000000
       1      29   13.912358633    0.000000000
       1      30   13.912363093    0.000000000
       1      31   14.437950988    0.000000000
       1      32   14.437950666   -0.000000000
       1      33   15.858703031    0.000000000
       1      34   15.858702693   -0.000000000
       1      35   14.810873199   -0.000000000
       1      36   14.810873232    0.000000000
       1      37   13.923055650   -0.000000000
       1      38   13.923055672    0.000000000
       1      39   15.468416808    0.000000000
       1      40   15.468416766    0.000000000
       1      41   15.527759185   -0.000000000
       1      42   15.527759196   -0.000000000
       1      43   17.688082628   -0.000000000
       1      44   17.688082681    0.000000000
       1      45   20.365616280    0.000000000
       1      46   20.365616094    0.000000000
       1      47   17.178263300   -0.000000000
       1      48   17.178263268   -0.000000000
       1      49   19.090864317   -0.000000000
       1      50   19.090865279    0.000000000
       1      51   21.287363804   -0.000000000
       1      52   21.287363881    0.000000000
       1      53   19.561846408    0.000000000
       1      54   19.561843629    0.000000000
       1      55   23.160389390    0.000000000
       1      56   23.160386970    0.000000000
       1      57   22.114960623   -0.000000000
       1      58   22.114961326   -0.000000000
       1      59   26.475832391   -0.000000000
       1      60   26.475832401    0.000000000
       1      61   20.719562737    0.000000000
       1      62   20.719562734   -0.000000000
       1      63   20.958250274    0.000000000
       1      64   20.958250180    0.000000000
       1      65   22.660803495   -0.000000000
       1      66   22.660803450    0.000000000
       1      67   24.540345016   -0.000000000
       1      68   24.540344920    0.000000000
       1      69   26.564374463    0.000000000
       1      70   26.564374644   -0.000000000
       1      71   27.454379228   -0.000000000
       1      72   27.454378929   -0.000000000
       1      73   24.052275587    0.000000000
       1      74   24.052275495   -0.000000000
       1      75   22.953404964    0.000000000
       1      76   22.953405029   -0.000000000
       1      77   29.317579168   -0.000000000
       1      78   29.317579858    0.000000000
       1      79   29.947238235   -0.000000000
       1      80   29.947238310   -0.000000000
       1      81   27.685534733    0.000000000
       1      82   27.685534936   -0.000000000
  0.666666667 -0.000000000  0.000000000      82       0
       1       1  -39.909675594   -0.000000000
       1       2  -39.909675593    0.000000000
       1       3  -18.018126006    0.000000000
       1       4  -18.018125988    0.000000000
       1       5  -16.087251544    0.000000000
       1       6  -16.087251541   -0.000000000
       1       7  -15.779634996    0.000000000
       1       8  -15.779634985   -0.000000000
       1       9   -3.431029656    0.000000000
       1      10   -3.431029565    0.000000000
       1      11   -2.892985227    0.000000000
       1      12   -2.892985224    0.000000000
       1      13    3.262227825    0.000000000
       1      14    3.262227995    0.000000000
       1      15    4.269825724    0.000000000
       1      16    4.269825875    0.000000000
       1      17    4.499921066    0.000000000
       1      18    4.499921124    0.000000000
       1      19    7.571483611    0.000000000
       1      20    7.571483971   -0.000000000
       1      21    6.873936031    0.000000000
       1      22    6.873935883   -0.000000000
       1      23    8.627781824    0.000000000
       1      24    8.627783454   -0.000000000
       1      25    9.196159428   -0.000000000
       1      26    9.196161432    0.000000000
       1      27   14.457093305    0.000000000
       1      28   14.457099704    0.000000000
       1      29   13.912383865    0.000000000
       1      30   13.912390973    0.000000000
       1      31   14.437969555    0.000000000
       1      32   14.437969608    0.000000000
       1      33   15.858705501    0.000000000
       1      34   15.858705659   -0.000000000
       1      35   14.810880719    0.000000000
       1      36   14.810882492    0.000000000
       1      37   13.923047325    0.000000000
       1      38   13.923047547    0.000000000
       1      39   15.468387048   -0.000000000
       1      40   15.468389445   -0.000000000
       1      41   15.527780421    0.000000000
       1      42   15.527780071    0.000000000
       1      43   17.688086963   -0.000000000
       1      44   17.688087685    0.000000000
       1      45   20.365626501   -0.000000000
       1      46   20.365628630   -0.000000000
       1      47   17.178252819   -0.000000000
       1      48   17.178252611   -0.000000000
       1      49   19.090842927    0.000000000
       1      50   19.090845029   -0.000000000
       1      51   21.287375335    0.000000000
       1      52   21.287375257    0.000000000
       1      53   19.561828743    0.000000000
       1      54   19.561828168    0.000000000
       1      55   23.160350958    0.000000000
       1      56   23.160351521   -0.000000000
       1      57   22.114988641    0.000000000
       1      58   22.114989824    0.000000000
       1      59   26.475837799    0.000000000
       1      60   26.475837959   -0.000000000
       1      61   20.719562200   -0.000000000
       1      62   20.719562406    0.000000000
       1      63   20.958255574    0.000000000
       1      64   20.958255147    0.000000000
       1      65   22.660772647   -0.000000000
       1      66   22.660771846    0.000000000
       1      67   24.540342211   -0.000000000
       1      68   24.540342178    0.000000000
       1      69   26.564397455   -0.000000000
       1      70   26.564398624   -0.000000000
       1      71   27.454375403    0.000000000
       1      72   27.454375432   -0.000000000
       1      73   24.052281982   -0.000000000
       1      74   24.052281772    0.000000000
       1      75   22.953418757   -0.000000000
       1      76   22.953419293   -0.000000000
       1      77   29.317596994   -0.000000000
       1      78   29.317597362    0.000000000
       1      79   29.947233888    0.000000000
       1      80   29.947234605    0.000000000
       1      81   27.685555435    0.000000000
       1      82   27.685556130    0.000000000
  0.666666667  0.333333333  0.000000000      82       0
       1       1  -39.909675288   -0.000000000
       1       2  -39.909675287   -0.000000000
       1       3  -18.018126450    0.000000000
       1       4  -18.018126375    0.000000000
       1       5  -16.087250110    0.000000000
       1       6  -16.087250084    0.000000000
       1       7  -15.779638740    0.000000000
       1       8  -15.779638660    0.000000000
       1       9   -3.431027201   -0.000000000
       1      10   -3.431027123    0.000000000
       1      11   -2.892976001   -0.000000000
       1      12   -2.892975999   -0.000000000
       1      13    3.262229517    0.000000000
       1      14    3.262229515    0.000000000
       1      15    4.269828171    0.000000000
       1      16    4.269828232    0.000000000
       1      17    4.499923752    0.000000000
       1      18    4.499923762    0.000000000
       1      19    7.571453553    0.000000000
       1      20    7.571453488    0.000000000
       1      21    6.873943494    0.000000000
       1      22    6.873943510    0.000000000
       1      23    8.627759061   -0.000000000
       1      24    8.627759016    0.000000000
       1      25    9.196181138    0.000000000
       1      26    9.196181079   -0.000000000
       1      27   14.457101336   -0.000000000
       1      28   14.457105890    0.000000000
       1      29   13.912358632    0.000000000
       1      30   13.912363095   -0.000000000
       1      31   14.437950989   -0.000000000
       1      32   14.437950666   -0.000000000
       1      33   15.858703032    0.000000000
       1      34   15.858702694   -0.000000000
       1      35   14.810873199    0.000000000
       1      36   14.810873232    0.000000000
       1      37   13.923055649   -0.000000000
       1      38   13.923055671    0.000000000
       1      39   15.468416808    0.000000000
       1      40   15.468416765    0.000000000
       1      41   15.527759186    0.000000000
       1      42   15.527759193    0.000000000
       1      43   17.688082628    0.000000000
       1      44   17.688082681    0.000000000
       1      45   20.365616279    0.000000000
       1      46   20.365616094    0.000000000
       1      47   17.178263299    0.000000000
       1      48   17.178263269    0.000000000
       1      49   19.090864315    0.000000000
       1      50   19.090865279   -0.000000000
       1      51   21.287363806    0.000000000
       1      52   21.287363882    0.000000000
       1      53   19.561846409   -0.000000000
       1      54   19.561843628    0.000000000
       1      55   23.160389392    0.000000000
       1      56   23.160386968   -0.000000000
       1      57   22.114960624    0.000000000
       1      58   22.114961328    0.000000000
       1      59   26.475832401    0.000000000
       1      60   26.475832389   -0.000000000
       1      61   20.719562737   -0.000000000
       1      62   20.719562725    0.000000000
       1      63   20.958250272   -0.000000000
       1      64   20.958250180   -0.000000000
       1      65   22.660803483    0.000000000
       1      66   22.660803451    0.000000000
       1      67   24.540345017    0.000000000
       1      68   24.540344913    0.000000000
       1      69   26.564374467   -0.000000000
       1      70   26.564374684    0.000000000
       1      71   27.454379169    0.000000000
       1      72   27.454378948    0.000000000
       1      73   24.052275612    0.000000000
       1      74   24.052275470    0.000000000
       1      75   22.953404914   -0.000000000
       1      76   22.953405015   -0.000000000
       1      77   29.317579072    0.000000000
       1      78   29.317579867    0.000000000
       1      79   29.947238213   -0.000000000
       1      80   29.947238305    0.000000000
       1      81   27.685534817    0.000000000
       1      82   27.685534914    0.000000000
  0.666666667  0.666666667  0.000000000      82       0
       1       1  -39.806777466    0.000000000
       1       2  -39.806769440    0.000000000
       1       3  -18.109813040   -0.000000000
       1       4  -18.061962585    0.000000000
       1       5  -16.135067523    0.000000000
       1       6  -16.001763839   -0.000000000
       1       7  -16.033148481    0.000000000
       1       8  -15.968428402   -0.000000000
       1       9   -2.124205859   -0.000000000
       1      10   -2.179758430    0.000000000
       1      11   -2.178909919    0.000000000
       1      12   -2.014514140    0.000000000
       1      13    3.207600576    0.000000000
       1      14    3.247298962    0.000000000
       1      15    3.570486968    0.000000000
       1      16    3.598718790    0.000000000
       1      17    3.396357196    0.000000000
       1      18    3.520573816    0.000000000
       1      19    5.570724052    0.000000000
       1      20    5.688513606   -0.000000000
       1      21    4.990439617    0.000000000
       1      22    5.017580781   -0.000000000
       1      23    7.373119167    0.000000000
       1      24    7.362598511    0.000000000
       1      25   11.340702136    0.000000000
       1      26   11.321859684   -0.000000000
       1      27   14.443121908   -0.000000000
       1      28   14.434395443    0.000000000
       1      29   13.406301585    0.000000000
       1      30   13.445599639   -0.000000000
       1      31   16.215871238   -0.000000000
       1      32   16.318794155    0.000000000
       1      33   17.971686686    0.000000000
       1      34   18.040355102    0.000000000
       1      35   14.779226935   -0.000000000
       1      36   14.848622733   -0.000000000
       1      37   13.717273748   -0.000000000
       1      38   13.710330639   -0.000000000
       1      39   14.413848302    0.000000000
       1      40   14.424844898    0.000000000
       1      41   18.589767962    0.000000000
       1      42   18.628658304   -0.000000000
       1      43   18.675244567   -0.000000000
       1      44   18.697958220   -0.000000000
       1      45   17.607539516    0.000000000
       1      46   17.615214326   -0.000000000
       1      47   19.534713544    0.000000000
       1      48   19.582842561    0.000000000
       1      49   20.449999087    0.000000000
       1      50   20.494187090   -0.000000000
       1      51   20.887927810   -0.000000000
       1      52   20.905589834    0.000000000
       1      53   19.030402915    0.000000000
       1      54   19.030674945   -0.000000000
       1      55   19.772074476    0.000000000
       1      56   19.831445393    0.000000000
       1      57   20.538889843    0.000000000
       1      58   20.523201148    0.000000000
       1      59   20.695870002   -0.000000000
       1      60   20.883083705   -0.000000000
       1      61   23.764002348   -0.000000000
       1      62   20.759158987    0.000000000
       1      63   22.428332827   -0.000000000
       1      64   25.748137282   -0.000000000
       1      65   23.139353886    0.000000000
       1      66   23.145122069    0.000000000
       1      67   23.542619005   -0.000000000
       1      68   23.574110597    0.000000000
       1      69   25.216575515    0.000000000
       1      70   25.224796786    0.000000000
       1      71   26.342143560   -0.000000000
       1      72   26.353002465   -0.000000000
       1      73   30.402625750    0.000000000
       1      74   30.407158309    0.000000000
       1      75   32.174157073    0.000000000
       1      76   32.057167690    0.000000000
       1      77   32.224776327    0.000000000
       1      78   32.314329871   -0.000000000
       1      79   28.252574244   -0.000000000
       1      80   28.179063409    0.000000000
       1      81   24.875875027   -0.000000000
       1      82   24.864397984   -0.000000000
