# Generated by LORRAX 0.1.0 at 2026-08-01 03:06:41 UTC
  0.000000000  0.000000000  0.000000000      44
       1       1  -66.161155819  -78.130194613
       1       2  -66.161155819  -78.130194613
       1       3  -41.883442071  -48.446221520
       1       4  -41.883442071  -48.446221525
       1       5  -39.455488415  -45.706530611
       1       6  -39.455488415  -45.706530618
       1       7  -39.293255363  -45.497007069
       1       8  -39.293255363  -45.497007071
       1       9  -19.432616059  -22.143278721
       1      10  -19.432616059  -22.143278721
       1      11  -18.187517139  -20.403743307
       1      12  -18.187517139  -20.403743307
       1      13  -10.932789978  -11.588389096
       1      14  -10.932789978  -11.588389096
       1      15   -7.851525121   -8.141616762
       1      16   -7.851525121   -8.141616762
       1      17   -7.784730688   -8.096839090
       1      18   -7.784730688   -8.096839091
       1      19   -7.129180642   -7.947077127
       1      20   -7.129180642   -7.947077126
       1      21   -6.760709762   -7.049706824
       1      22   -6.760709762   -7.049706825
       1      23   -6.674676574   -6.963879219
       1      24   -6.674676574   -6.963879218
       1      25   -5.360241329   -5.556488102
       1      26   -5.360241329   -5.556488101
       1      27   -2.557311110   -1.716228115
       1      28   -2.557311110   -1.716228115
       1      29   -2.480057298   -1.648258736
       1      30   -2.480057298   -1.648258736
       1      31   -2.329487835   -1.588472718
       1      32   -2.329487835   -1.588472717
       1      33   -2.324752957   -1.585587322
       1      34   -2.324752957   -1.585587322
       1      35    1.034518820    1.553542837
       1      36    1.034518820    1.553542837
       1      37    3.861179002    4.469605787
       1      38    3.861179002    4.469605787
       1      39    3.994606274    4.279268077
       1      40    3.994606274    4.279268077
       1      41    4.811434558    4.863149848
       1      42    4.811434558    4.863149848
       1      43    5.757112619    6.571738078
       1      44    5.757112619    6.571738078
  0.000000000  0.250000000  0.000000000      44
       1       1  -66.141185924  -78.113170388
       1       2  -66.141185924  -78.113170367
       1       3  -41.938955593  -48.521463678
       1       4  -41.938955542  -48.521455551
       1       5  -39.503219220  -45.770493500
       1       6  -39.503219218  -45.770489356
       1       7  -39.394090168  -45.633595480
       1       8  -39.394090105  -45.633591297
       1       9  -18.591341438  -20.961270454
       1      10  -18.591341427  -20.961270871
       1      11  -17.824847116  -19.864535339
       1      12  -17.824847114  -19.864534846
       1      13  -10.279988484  -10.866608386
       1      14  -10.279988359  -10.866607272
       1      15   -9.093803282   -9.744762377
       1      16   -9.093803148   -9.744743710
       1      17   -8.902435998   -9.495332816
       1      18   -8.902435911   -9.495334264
       1      19   -7.722431643   -8.104275055
       1      20   -7.722431549   -8.104278812
       1      21   -6.996073199   -7.406048142
       1      22   -6.996072898   -7.406092196
       1      23   -6.687442670   -7.430908493
       1      24   -6.687442578   -7.430922566
       1      25   -6.071792311   -6.277148044
       1      26   -6.071791542   -6.277188403
       1      27   -3.148147465   -2.305631057
       1      28   -3.148144380   -2.305368215
       1      29   -2.956628154   -2.077340698
       1      30   -2.956624537   -2.077082066
       1      31   -2.335887845   -1.361738436
       1      32   -2.335886891   -1.361775619
       1      33   -1.533022664   -0.574400782
       1      34   -1.533021731   -0.574434707
       1      35    2.962815386    3.520100126
       1      36    2.962815539    3.520122455
       1      37    3.813221489    4.363089842
       1      38    3.813221541    4.363089881
       1      39    4.175406287    4.767426176
       1      40    4.175406351    4.767391058
       1      41    5.178572347    5.649259271
       1      42    5.178572613    5.649279932
       1      43    5.493248053    5.751289758
       1      44    5.493248077    5.751286896
  0.000000000 -0.500000000  0.000000000      44
       1       1  -66.121247660  -78.084695525
       1       2  -66.121247660  -78.084695525
       1       3  -42.000125410  -48.607821056
       1       4  -42.000125410  -48.607821057
       1       5  -39.613113657  -45.927944272
       1       6  -39.613113657  -45.927944267
       1       7  -39.420726119  -45.658092708
       1       8  -39.420726119  -45.658092715
       1       9  -17.511830574  -19.420216018
       1      10  -17.511830574  -19.420216018
       1      11  -17.381011481  -19.205184080
       1      12  -17.381011481  -19.205184080
       1      13  -11.123676318  -11.834811131
       1      14  -11.123676318  -11.834811131
       1      15  -10.176936171  -10.888432947
       1      16  -10.176936171  -10.888432947
       1      17   -9.384362757   -9.926120944
       1      18   -9.384362757   -9.926120944
       1      19   -8.417404339   -8.848523142
       1      20   -8.417404339   -8.848523142
       1      21   -7.282555571   -7.942505328
       1      22   -7.282555571   -7.942505328
       1      23   -6.229349354   -6.857997407
       1      24   -6.229349354   -6.857997407
       1      25   -5.947803611   -6.356377700
       1      26   -5.947803611   -6.356377700
       1      27   -3.006696055   -1.777768769
       1      28   -3.006696055   -1.777768769
       1      29   -2.508495788   -1.391862860
       1      30   -2.508495788   -1.391862860
       1      31   -1.404071724   -0.522032499
       1      32   -1.404071724   -0.522032499
       1      33   -1.040200522   -0.039885184
       1      34   -1.040200522   -0.039885184
       1      35    1.070105992    1.677084194
       1      36    1.070105992    1.677084194
       1      37    2.713693644    3.341872523
       1      38    2.713693644    3.341872523
       1      39    3.259183211    3.812674402
       1      40    3.259183211    3.812674402
       1      41    4.530221644    4.976006197
       1      42    4.530221644    4.976006197
       1      43    5.147006367    5.698599458
       1      44    5.147006367    5.698599458
  0.250000000 -0.000000000  0.000000000      44
       1       1  -66.141186014  -78.113419072
       1       2  -66.141186014  -78.113419051
       1       3  -41.938955415  -48.520559534
       1       4  -41.938955410  -48.520487411
       1       5  -39.503219559  -45.768238155
       1       6  -39.503219559  -45.768119301
       1       7  -39.394089286  -45.633807993
       1       8  -39.394089285  -45.633854811
       1       9  -18.591342993  -20.963283868
       1      10  -18.591342930  -20.963282164
       1      11  -17.824848440  -19.867217650
       1      12  -17.824848435  -19.867215410
       1      13  -10.279988990  -10.866722616
       1      14  -10.279988885  -10.866718857
       1      15   -9.093808127   -9.745447458
       1      16   -9.093808040   -9.745428301
       1      17   -8.902437733   -9.495428413
       1      18   -8.902437609   -9.495427141
       1      19   -7.722424755   -8.104364477
       1      20   -7.722424601   -8.104372394
       1      21   -6.996066067   -7.406790464
       1      22   -6.996065976   -7.406818576
       1      23   -6.687444298   -7.431004361
       1      24   -6.687444213   -7.431015002
       1      25   -6.071794087   -6.277268384
       1      26   -6.071793708   -6.277298712
       1      27   -3.148149488   -2.305001991
       1      28   -3.148146748   -2.304767641
       1      29   -2.956622433   -2.077049169
       1      30   -2.956619295   -2.076826323
       1      31   -2.335887788   -1.361647239
       1      32   -2.335887080   -1.361683209
       1      33   -1.533019159   -0.574254121
       1      34   -1.533018502   -0.574282295
       1      35    2.962819681    3.520702122
       1      36    2.962819875    3.520728466
       1      37    3.813220735    4.362917996
       1      38    3.813220788    4.362916641
       1      39    4.175398481    4.767740689
       1      40    4.175398598    4.767712080
       1      41    5.178570023    5.649092000
       1      42    5.178570239    5.649125014
       1      43    5.493249149    5.751258097
       1      44    5.493249179    5.751256066
  0.250000000  0.250000000  0.000000000      44
       1       1  -66.121038941  -78.090587575
       1       2  -66.121036580  -78.090669883
       1       3  -42.005295515  -48.614901083
       1       4  -41.987615559  -48.570700516
       1       5  -39.590173537  -45.906345011
       1       6  -39.563586218  -45.843388039
       1       7  -39.463823343  -45.705407636
       1       8  -39.462147625  -45.697332832
       1       9  -17.563822074  -19.495143325
       1      10  -17.520273224  -19.435226988
       1      11  -17.360417953  -19.176733421
       1      12  -17.357146936  -19.172516733
       1      13  -10.439620778  -11.093215811
       1      14  -10.435539458  -11.087719922
       1      15  -10.244806983  -10.829267420
       1      16  -10.233150438  -10.811827170
       1      17   -8.916887789   -9.593775799
       1      18   -8.910982203   -9.596849482
       1      19   -8.609246221   -9.244478328
       1      20   -8.589605727   -9.218688215
       1      21   -8.253689754   -8.900752153
       1      22   -8.200271329   -8.842250681
       1      23   -7.026548720   -7.695044456
       1      24   -7.016948584   -7.685368923
       1      25   -5.859454463   -6.023516906
       1      26   -5.749197928   -5.916710379
       1      27   -3.118936783   -2.158003475
       1      28   -3.111709239   -2.180560321
       1      29   -2.479181417   -1.323980597
       1      30   -2.368827901   -1.236796346
       1      31   -2.231284742   -1.237979062
       1      32   -2.218587346   -1.220472056
       1      33   -0.712045372    0.323118638
       1      34   -0.670947075    0.368871496
       1      35    2.432426537    3.070775528
       1      36    2.469908644    3.095767337
       1      37    3.486057418    4.052084544
       1      38    3.549157456    4.116766448
       1      39    4.370814761    4.840811600
       1      40    4.376555133    4.848448697
       1      41    5.516576736    6.082681776
       1      42    5.533993255    6.099656136
       1      43    5.688295200    6.171622400
       1      44    5.702964615    6.192279305
  0.250000000 -0.500000000  0.000000000      44
       1       1  -66.121038788  -78.089672209
       1       2  -66.121036428  -78.089765508
       1       3  -42.005295752  -48.618034563
       1       4  -41.987615846  -48.573177671
       1       5  -39.590173625  -45.912511669
       1       6  -39.563586186  -45.849063655
       1       7  -39.463824121  -45.705062209
       1       8  -39.462148217  -45.697263016
       1       9  -17.563820043  -19.497929425
       1      10  -17.520271162  -19.438105229
       1      11  -17.360411757  -19.181990516
       1      12  -17.357140740  -19.177767000
       1      13  -10.439626591  -11.093940772
       1      14  -10.435544960  -11.088467551
       1      15  -10.244817867  -10.830170151
       1      16  -10.233161406  -10.812695874
       1      17   -8.916887181   -9.594693071
       1      18   -8.910981747   -9.597803597
       1      19   -8.609246043   -9.245493593
       1      20   -8.589605442   -9.219645708
       1      21   -8.253686885   -8.900604469
       1      22   -8.200268380   -8.842025620
       1      23   -7.026546454   -7.695251146
       1      24   -7.016946441   -7.685586290
       1      25   -5.859459857   -6.023364356
       1      26   -5.749203604   -5.916584152
       1      27   -3.118932283   -2.158970943
       1      28   -3.111706037   -2.181267151
       1      29   -2.479162111   -1.324870724
       1      30   -2.368810109   -1.237336427
       1      31   -2.231280034   -1.238558153
       1      32   -2.218582638   -1.221043237
       1      33   -0.712063479    0.325166605
       1      34   -0.670965304    0.370887563
       1      35    2.432419415    3.069908240
       1      36    2.469902918    3.094828006
       1      37    3.486055139    4.052360440
       1      38    3.549153485    4.116766170
       1      39    4.370798084    4.841266216
       1      40    4.376538477    4.848870602
       1      41    5.516584578    6.083443506
       1      42    5.534001179    6.100606107
       1      43    5.688299570    6.170534426
       1      44    5.702969078    6.191318286
  0.250000000 -0.250000000  0.000000000      44
       1       1  -66.141185865  -78.114273558
       1       2  -66.141185865  -78.114275548
       1       3  -41.938955642  -48.517855231
       1       4  -41.938955596  -48.517918061
       1       5  -39.503218439  -45.768138433
       1       6  -39.503218437  -45.768185015
       1       7  -39.394091268  -45.627165887
       1       8  -39.394091206  -45.627187957
       1       9  -18.591341744  -20.957162963
       1      10  -18.591341691  -20.957152718
       1      11  -17.824843605  -19.862144360
       1      12  -17.824843602  -19.862130600
       1      13  -10.279990117  -10.865163600
       1      14  -10.279990096  -10.865158311
       1      15   -9.093803375   -9.744253478
       1      16   -9.093803328   -9.744240769
       1      17   -8.902427302   -9.494589865
       1      18   -8.902427264   -9.494607973
       1      19   -7.722451022   -8.105192488
       1      20   -7.722450962   -8.105215577
       1      21   -6.996076138   -7.405653640
       1      22   -6.996075929   -7.405624802
       1      23   -6.687441831   -7.430303639
       1      24   -6.687441824   -7.430312647
       1      25   -6.071779857   -6.277177831
       1      26   -6.071779467   -6.277139639
       1      27   -3.148145710   -2.304456612
       1      28   -3.148145365   -2.304503808
       1      29   -2.956635325   -2.076944783
       1      30   -2.956634846   -2.076983354
       1      31   -2.335899306   -1.361732039
       1      32   -2.335899060   -1.361732026
       1      33   -1.533012014   -0.575885797
       1      34   -1.533011738   -0.575895949
       1      35    2.962813386    3.520467888
       1      36    2.962813427    3.520467239
       1      37    3.813224330    4.363220272
       1      38    3.813224331    4.363217019
       1      39    4.175410113    4.768007734
       1      40    4.175410165    4.768023082
       1      41    5.178574921    5.649007611
       1      42    5.178574971    5.649001524
       1      43    5.493242476    5.749646901
       1      44    5.493242482    5.749647491
 -0.500000000  0.000000000  0.000000000      44
       1       1  -66.121247840  -78.084710444
       1       2  -66.121247840  -78.084710443
       1       3  -42.000125075  -48.607855242
       1       4  -42.000125075  -48.607855251
       1       5  -39.613113526  -45.926753149
       1       6  -39.613113526  -45.926753146
       1       7  -39.420725286  -45.659250285
       1       8  -39.420725286  -45.659250287
       1       9  -17.511834211  -19.420243003
       1      10  -17.511834211  -19.420243004
       1      11  -17.381014780  -19.205202823
       1      12  -17.381014780  -19.205202823
       1      13  -11.123677455  -11.834786175
       1      14  -11.123677455  -11.834786175
       1      15  -10.176935383  -10.888442969
       1      16  -10.176935383  -10.888442969
       1      17   -9.384364309   -9.926139425
       1      18   -9.384364309   -9.926139425
       1      19   -8.417395152   -8.848488902
       1      20   -8.417395152   -8.848488902
       1      21   -7.282557974   -7.942497687
       1      22   -7.282557974   -7.942497687
       1      23   -6.229340812   -6.857980343
       1      24   -6.229340812   -6.857980342
       1      25   -5.947807339   -6.356345131
       1      26   -5.947807339   -6.356345129
       1      27   -3.006696582   -1.777773487
       1      28   -3.006696582   -1.777773487
       1      29   -2.508497167   -1.391843454
       1      30   -2.508497167   -1.391843454
       1      31   -1.404070141   -0.522046647
       1      32   -1.404070141   -0.522046647
       1      33   -1.040196610   -0.039870633
       1      34   -1.040196610   -0.039870633
       1      35    1.070100846    1.677052249
       1      36    1.070100846    1.677052249
       1      37    2.713701109    3.341765238
       1      38    2.713701109    3.341765238
       1      39    3.259188866    3.812614949
       1      40    3.259188866    3.812614949
       1      41    4.530215399    4.976024619
       1      42    4.530215399    4.976024619
       1      43    5.147004824    5.698590579
       1      44    5.147004824    5.698590579
 -0.500000000  0.250000000  0.000000000      44
       1       1  -66.121038880  -78.089412646
       1       2  -66.121036519  -78.089507756
       1       3  -42.005295582  -48.619118538
       1       4  -41.987615630  -48.574231417
       1       5  -39.590173279  -45.912728443
       1       6  -39.563585813  -45.848872542
       1       7  -39.463824031  -45.707388599
       1       8  -39.462148164  -45.699273926
       1       9  -17.563822223  -19.495236178
       1      10  -17.520273294  -19.435412902
       1      11  -17.360413349  -19.179506612
       1      12  -17.357142326  -19.175280740
       1      13  -10.439623639  -11.093487256
       1      14  -10.435542016  -11.088011535
       1      15  -10.244816301  -10.829601174
       1      16  -10.233159840  -10.812123388
       1      17   -8.916886576   -9.594210924
       1      18   -8.910981236   -9.597309977
       1      19   -8.609243416   -9.245631762
       1      20   -8.589602917   -9.219782544
       1      21   -8.253690726   -8.900565225
       1      22   -8.200272285   -8.842001318
       1      23   -7.026548240   -7.695054700
       1      24   -7.016948195   -7.685405728
       1      25   -5.859456082   -6.022421935
       1      26   -5.749199665   -5.915636894
       1      27   -3.118933840   -2.159367265
       1      28   -3.111707035   -2.181720374
       1      29   -2.479168979   -1.325034798
       1      30   -2.368816298   -1.237606412
       1      31   -2.231277418   -1.238456338
       1      32   -2.218579806   -1.220950308
       1      33   -0.712064738    0.324838725
       1      34   -0.670966265    0.370566814
       1      35    2.432421772    3.069441967
       1      36    2.469905428    3.094411129
       1      37    3.486053956    4.052292643
       1      38    3.549152150    4.116695778
       1      39    4.370804357    4.841072718
       1      40    4.376544789    4.848677876
       1      41    5.516585209    6.082981984
       1      42    5.534001311    6.100147857
       1      43    5.688305127    6.170128488
       1      44    5.702974431    6.190869900
 -0.500000000 -0.500000000  0.000000000      44
       1       1  -66.121247541  -78.084710749
       1       2  -66.121247541  -78.084710749
       1       3  -42.000125515  -48.607855180
       1       4  -42.000125515  -48.607855183
       1       5  -39.613113099  -45.926766583
       1       6  -39.613113099  -45.926766590
       1       7  -39.420727304  -45.659230819
       1       8  -39.420727304  -45.659230819
       1       9  -17.511832025  -19.420276298
       1      10  -17.511832025  -19.420276298
       1      11  -17.381002457  -19.205184188
       1      12  -17.381002457  -19.205184188
       1      13  -11.123671586  -11.834749693
       1      14  -11.123671586  -11.834749693
       1      15  -10.176944288  -10.888358765
       1      16  -10.176944288  -10.888358765
       1      17   -9.384368422   -9.926105950
       1      18   -9.384368422   -9.926105950
       1      19   -8.417421653   -8.848582647
       1      20   -8.417421653   -8.848582647
       1      21   -7.282542979   -7.942522781
       1      22   -7.282542979   -7.942522781
       1      23   -6.229359192   -6.858016620
       1      24   -6.229359192   -6.858016620
       1      25   -5.947790979   -6.356402998
       1      26   -5.947790979   -6.356402999
       1      27   -3.006691475   -1.777791069
       1      28   -3.006691475   -1.777791069
       1      29   -2.508493986   -1.391834304
       1      30   -2.508493986   -1.391834305
       1      31   -1.404091479   -0.522037063
       1      32   -1.404091479   -0.522037063
       1      33   -1.040198140   -0.039845974
       1      34   -1.040198140   -0.039845974
       1      35    1.070100274    1.677101076
       1      36    1.070100274    1.677101076
       1      37    2.713686602    3.341702548
       1      38    2.713686602    3.341702548
       1      39    3.259178318    3.812606423
       1      40    3.259178318    3.812606424
       1      41    4.530230807    4.976057646
       1      42    4.530230807    4.976057647
       1      43    5.147024918    5.698545739
       1      44    5.147024918    5.698545740
