 (0.9926657685757411,-4.7773559331946951E-019)  
 (-1.1796955863199489E-005,-2.4167255631525292E-006)  
 (-4.7199804467784336E-006,-9.2130475124821787E-006)  
 (-9.0263043344832358E-006,-2.0803385842827743E-006)  
 (3.0031657743925808E-006,5.5242380236925900E-006)  
 (-1.1796955863199489E-005,2.4167255631525292E-006)  
 (0.7321973981413405,8.0781183507285956E-019)  
 (3.1792744825199892E-005,-2.4616748383040304E-003)  
 (-0.1783614551505041,5.0155328512223972E-005)  
 (-6.5727198048861593E-004,-3.4403277905773332E-003)  
 (-4.7199804467784336E-006,9.2130475124821787E-006)  
 (3.1792744825199892E-005,2.4616748383040304E-003)  
 (0.7323147260637812,1.8961475139827388E-018)  
 (-6.3758391679806796E-004,-3.4138355707741168E-003)  
 (0.1783011016091990,-2.9967002638779846E-005)  
 (-9.0263043344832358E-006,2.0803385842827743E-006)  
 (-0.1783614551505041,-5.0155328512223972E-005)  
 (-6.3758391679806796E-004,3.4138355707741168E-003)  
 (0.8713140161007715,-5.1887793420212132E-019)  
 (1.6874865976058515E-006,-5.4205886772034605E-003)  
 (3.0031657743925808E-006,-5.5242380236925900E-006)  
 (-6.5727198048861593E-004,3.4403277905773332E-003)  
 (0.1783011016091990,2.9967002638779846E-005)  
 (1.6874865976058515E-006,5.4205886772034605E-003)  
 (0.8713415985755238,-6.7370466736178668E-019)  
 (-5.9053504071234089E-006,6.6538854926360288E-005)  
 (1.5580370363716654E-002,4.6639626150052687E-006)  
 (1.8838585340811064E-005,1.5632351412877304E-002)  
 (3.9607515912325865E-003,-4.4326391053817184E-006)  
 (2.4762105511550771E-005,-3.9572859009227527E-003)  
 (-5.0442203970795935E-003,2.2598445235581266E-005)  
 (5.9437437929253630E-003,7.7123670720621662E-005)  
 (6.5754181018408563E-005,-5.9680936604521789E-003)  
 (5.3115844339160136E-003,-1.1305761203496108E-004)  
 (-7.1844238649251780E-006,5.3563372675278567E-003)  
 (1.8891861628572286E-005,-5.0306110136952714E-003)  
 (8.8341552779535836E-005,-5.9589615298228120E-003)  
 (-5.9800260199729264E-003,-1.2777198175956658E-006)  
 (-1.0421612090081069E-006,-5.3340443233034192E-003)  
 (5.4422566954811080E-003,-9.6761125045901575E-005)  
 (2.6573115515957915E-003,-6.4453097637961321E-006)  
 (-9.5976462443050307E-003,-1.4606159036399015E-004)  
 (-2.6376724544174254E-005,9.6469032123240161E-003)  
 (-5.5244362207687164E-003,1.1091589757493746E-004)  
 (-4.4259158760806968E-005,-5.5491854944453318E-003)  
 (2.2020438285998297E-005,-2.6308199432712605E-003)  
 (3.3308275133772021E-005,-9.6339186979700914E-003)  
 (-9.5228323045829389E-003,-1.8101005897647559E-005)  
 (-2.6496710751099616E-005,-5.5444690996009488E-003)  
 (5.6025758591678127E-003,-6.9652550082529430E-005)  
 (-5.9053504071234089E-006,-6.6538854926360288E-005)  
 (-5.0442203970795935E-003,-2.2598445235581266E-005)  
 (1.8891861628572286E-005,5.0306110136952714E-003)  
 (2.6573115515957915E-003,6.4453097637961321E-006)  
 (2.2020438285998297E-005,2.6308199432712605E-003)  
 (1.5580370363716654E-002,-4.6639626150052687E-006)  
 (5.9437437929253630E-003,-7.7123670720621662E-005)  
 (8.8341552779535836E-005,5.9589615298228120E-003)  
 (-9.5976462443050307E-003,1.4606159036399015E-004)  
 (3.3308275133772021E-005,9.6339186979700914E-003)  
 (1.8838585340811064E-005,-1.5632351412877304E-002)  
 (6.5754181018408563E-005,5.9680936604521789E-003)  
 (-5.9800260199729264E-003,1.2777198175956658E-006)  
 (-2.6376724544174254E-005,-9.6469032123240161E-003)  
 (-9.5228323045829389E-003,1.8101005897647559E-005)  
 (3.9607515912325865E-003,4.4326391053817184E-006)  
 (5.3115844339160136E-003,1.1305761203496108E-004)  
 (-1.0421612090081069E-006,5.3340443233034192E-003)  
 (-5.5244362207687164E-003,-1.1091589757493746E-004)  
 (-2.6496710751099616E-005,5.5444690996009488E-003)  
 (2.4762105511550771E-005,3.9572859009227527E-003)  
 (-7.1844238649251780E-006,-5.3563372675278567E-003)  
 (5.4422566954811080E-003,9.6761125045901575E-005)  
 (-4.4259158760806968E-005,5.5491854944453318E-003)  
 (5.6025758591678127E-003,6.9652550082529430E-005)  
 (4.8639935434128923E-002,-4.5592367262177605E-019)  
 (-2.3028217078163872E-006,6.2476554421413987E-007)  
 (-1.0059582932047628E-006,1.4528382538940344E-006)  
 (-4.7919846581020303E-006,-5.7728172514956092E-006)  
 (1.5010774438176857E-006,-6.4091126142276193E-006)  
 (-2.3028217078163872E-006,-6.2476554421413987E-007)  
 (0.1594776153974278,2.1329807998032817E-019)  
 (-8.6094069564941721E-006,-8.5703516844634533E-003)  
 (7.3839801843793795E-002,1.4380450919877581E-005)  
 (2.6452856217167183E-004,-3.0584928327582728E-003)  
 (-1.0059582932047628E-006,-1.4528382538940344E-006)  
 (-8.6094069564941721E-006,8.5703516844634533E-003)  
 (0.1594587667355104,2.3657323310549954E-019)  
 (2.4960510092199626E-004,-3.0620181151821304E-003)  
 (-7.3819755831407208E-002,-1.9656908765766109E-005)  
 (-4.7919846581020303E-006,5.7728172514956092E-006)  
 (7.3839801843793795E-002,-1.4380450919877581E-005)  
 (2.4960510092199626E-004,3.0620181151821304E-003)  
 (0.1031128492220636,-2.9258584752803034E-019)  
 (8.8795868741831303E-006,-6.2873258104483723E-003)  
 (1.5010774438176857E-006,6.4091126142276193E-006)  
 (2.6452856217167183E-004,3.0584928327582728E-003)  
 (-7.3819755831407208E-002,1.9656908765766109E-005)  
 (8.8795868741831303E-006,6.2873258104483723E-003)  
 (0.1030991753073579,-4.2875594511422617E-020)  
 (0.9926662015231108,-1.0837329237534954E-018)  
 (-2.8539106094840243E-007,2.7853857363631838E-007)  
 (2.9724552178024620E-005,-1.1427271327186090E-005)  
 (4.9181667798935425E-008,-1.4979390749718632E-008)  
 (-2.0746200996546708E-005,6.4469282950731641E-006)  
 (-2.8539106094840243E-007,-2.7853857363631838E-007)  
 (0.7321910336108750,9.4099871708798779E-019)  
 (-5.5195976167543238E-005,-2.4630239983271045E-003)  
 (-0.1783765562637704,3.5152060230667823E-005)  
 (-5.9812988258357597E-004,-3.4259714297863314E-003)  
 (2.9724552178024620E-005,1.1427271327186090E-005)  
 (-5.5195976167543238E-005,2.4630239983271045E-003)  
 (0.7322961164298066,5.7476747547848351E-019)  
 (-6.5974856668225433E-004,-3.4127394604961925E-003)  
 (0.1783025515509044,-2.7768931742190058E-005)  
 (4.9181667798935425E-008,1.4979390749718632E-008)  
 (-0.1783765562637704,-3.5152060230667823E-005)  
 (-6.5974856668225433E-004,3.4127394604961925E-003)  
 (0.8712977623843576,-2.1166701110354916E-018)  
 (1.6060052485255947E-005,-5.4105530829939470E-003)  
 (-2.0746200996546708E-005,-6.4469282950731641E-006)  
 (-5.9812988258357597E-004,3.4259714297863314E-003)  
 (0.1783025515509044,2.7768931742190058E-005)  
 (1.6060052485255947E-005,5.4105530829939470E-003)  
 (0.8713481203221044,-4.7952185836109199E-019)  
 (5.7510018950822158E-006,-8.1179358270698637E-010)  
 (1.5607230713718046E-002,-8.4935355214825171E-006)  
 (-2.5620319372601785E-005,1.5597114623089265E-002)  
 (3.9583882974585007E-003,2.6352860665987699E-005)  
 (-7.7761481523032185E-006,-3.9340343929471049E-003)  
 (-5.0327634078554534E-003,-1.0471521213133878E-005)  
 (5.9027204386229290E-003,4.1817472201357166E-006)  
 (6.1762459741353571E-006,-5.9303962667567375E-003)  
 (5.3116528987361914E-003,1.1510259981797794E-004)  
 (7.9655927824180865E-007,5.3404673277790641E-003)  
 (-1.2299821423158912E-005,-5.0317379719480452E-003)  
 (2.4444925817039784E-005,-5.9665225165806985E-003)  
 (-6.0027465845616653E-003,3.9219432590155292E-005)  
 (2.4184247594999751E-005,-5.3560202525774958E-003)  
 (5.4456495056606907E-003,3.0044748482380712E-005)  
 (2.6453811337297222E-003,2.5197657759888138E-005)  
 (-9.6224904533161824E-003,1.1316697427964876E-004)  
 (5.1550795712831623E-005,9.5768750258337903E-003)  
 (-5.5690512951329174E-003,-5.0748434511117404E-005)  
 (-2.9891696278255920E-005,-5.5205132523308787E-003)  
 (-6.0924828091565185E-006,-2.6283074479176009E-003)  
 (-3.8105957792339785E-006,-9.6161493905028445E-003)  
 (-9.5432878709371012E-003,5.2858890846952759E-005)  
 (-1.3707906543355289E-005,-5.5575833490394142E-003)  
 (5.5868953749304206E-003,3.2075905949887537E-005)  
 (5.7510018950822158E-006,8.1179358270698637E-010)  
 (-5.0327634078554534E-003,1.0471521213133878E-005)  
 (-1.2299821423158912E-005,5.0317379719480452E-003)  
 (2.6453811337297222E-003,-2.5197657759888138E-005)  
 (-6.0924828091565185E-006,2.6283074479176009E-003)  
 (1.5607230713718046E-002,8.4935355214825171E-006)  
 (5.9027204386229290E-003,-4.1817472201357166E-006)  
 (2.4444925817039784E-005,5.9665225165806985E-003)  
 (-9.6224904533161824E-003,-1.1316697427964876E-004)  
 (-3.8105957792339785E-006,9.6161493905028445E-003)  
 (-2.5620319372601785E-005,-1.5597114623089265E-002)  
 (6.1762459741353571E-006,5.9303962667567375E-003)  
 (-6.0027465845616653E-003,-3.9219432590155292E-005)  
 (5.1550795712831623E-005,-9.5768750258337903E-003)  
 (-9.5432878709371012E-003,-5.2858890846952759E-005)  
 (3.9583882974585007E-003,-2.6352860665987699E-005)  
 (5.3116528987361914E-003,-1.1510259981797794E-004)  
 (2.4184247594999751E-005,5.3560202525774958E-003)  
 (-5.5690512951329174E-003,5.0748434511117404E-005)  
 (-1.3707906543355289E-005,5.5575833490394142E-003)  
 (-7.7761481523032185E-006,3.9340343929471049E-003)  
 (7.9655927824180865E-007,-5.3404673277790641E-003)  
 (5.4456495056606907E-003,-3.0044748482380712E-005)  
 (-2.9891696278255920E-005,5.5205132523308787E-003)  
 (5.5868953749304206E-003,-3.2075905949887537E-005)  
 (4.8647767087803565E-002,7.7907162412638421E-021)  
 (-2.8434024802531227E-007,-8.9327679089002672E-007)  
 (3.5547082150781149E-006,5.3921451791085152E-006)  
 (9.0650534304041123E-007,4.0291005562428155E-006)  
 (-1.3156174490471899E-005,-2.0048745768429466E-006)  
 (-2.8434024802531227E-007,8.9327679089002672E-007)  
 (0.1595001512966321,4.0193739054642921E-019)  
 (9.8394974421219450E-006,-8.5749892974392884E-003)  
 (7.3844718547851018E-002,1.1537000301465409E-005)  
 (2.6007338686868031E-004,-3.0595633489864534E-003)  
 (3.5547082150781149E-006,-5.3921451791085152E-006)  
 (9.8394974421219450E-006,8.5749892974392884E-003)  
 (0.1594786257371832,-1.6646338219527144E-019)  
 (2.6605012742548904E-004,-3.0610599652953251E-003)  
 (-7.3838047089889836E-002,-2.0877045486075240E-005)  
 (9.0650534304041123E-007,-4.0291005562428155E-006)  
 (7.3844718547851018E-002,-1.1537000301465409E-005)  
 (2.6605012742548904E-004,3.0610599652953251E-003)  
 (0.1031136244832050,1.0310356030546883E-019)  
 (-5.9179703500284672E-006,-6.2903623391329403E-003)  
 (-1.3156174490471899E-005,2.0048745768429466E-006)  
 (2.6007338686868031E-004,3.0595633489864534E-003)  
 (-7.3838047089889836E-002,2.0877045486075240E-005)  
 (-5.9179703500284672E-006,6.2903623391329403E-003)  
 (0.1031142638139676,3.6262275306782466E-019)  
 (0.000000000000000,0.000000000000000)  (0.000000000000000,0.000000000000000)  
 (0.000000000000000,0.000000000000000)  (0.000000000000000,0.000000000000000)  
 (0.000000000000000,0.000000000000000)  (0.000000000000000,0.000000000000000)  
 (0.000000000000000,0.000000000000000)  (0.000000000000000,0.000000000000000)  
 (0.000000000000000,0.000000000000000)  (0.000000000000000,0.000000000000000)  
 (0.000000000000000,0.000000000000000)  (0.000000000000000,0.000000000000000)  
 (0.000000000000000,0.000000000000000)  (0.000000000000000,0.000000000000000)  
 (0.000000000000000,0.000000000000000)  (0.000000000000000,0.000000000000000)  
 (0.000000000000000,0.000000000000000)  (0.000000000000000,0.000000000000000)  
 (0.000000000000000,0.000000000000000)  (0.000000000000000,0.000000000000000)  
 (0.000000000000000,0.000000000000000)  (0.000000000000000,0.000000000000000)  
 (0.000000000000000,0.000000000000000)  (0.000000000000000,0.000000000000000)  
 (0.000000000000000,0.000000000000000)  (0.000000000000000,0.000000000000000)  
 (0.000000000000000,0.000000000000000)  (0.000000000000000,0.000000000000000)  
 (0.000000000000000,0.000000000000000)  (0.000000000000000,0.000000000000000)  
 (0.000000000000000,0.000000000000000)  (0.000000000000000,0.000000000000000)  
 (0.000000000000000,0.000000000000000)  (0.000000000000000,0.000000000000000)  
 (0.000000000000000,0.000000000000000)  (0.000000000000000,0.000000000000000)  
 (0.000000000000000,0.000000000000000)  (0.000000000000000,0.000000000000000)  
 (0.000000000000000,0.000000000000000)  (0.000000000000000,0.000000000000000)  
 (0.000000000000000,0.000000000000000)  (0.000000000000000,0.000000000000000)  
 (0.000000000000000,0.000000000000000)  (0.000000000000000,0.000000000000000)  
 (0.000000000000000,0.000000000000000)  (0.000000000000000,0.000000000000000)  
 (0.000000000000000,0.000000000000000)  (0.000000000000000,0.000000000000000)  
 (0.000000000000000,0.000000000000000)  (0.000000000000000,0.000000000000000)  
 (0.000000000000000,0.000000000000000)  (0.000000000000000,0.000000000000000)  
 (0.000000000000000,0.000000000000000)  (0.000000000000000,0.000000000000000)  
 (0.000000000000000,0.000000000000000)  (0.000000000000000,0.000000000000000)  
 (0.000000000000000,0.000000000000000)  (0.000000000000000,0.000000000000000)  
 (0.000000000000000,0.000000000000000)  (0.000000000000000,0.000000000000000)  
 (0.000000000000000,0.000000000000000)  (0.000000000000000,0.000000000000000)  
 (0.000000000000000,0.000000000000000)  (0.000000000000000,0.000000000000000)  
 (0.000000000000000,0.000000000000000)  (0.000000000000000,0.000000000000000)  
 (0.000000000000000,0.000000000000000)  (0.000000000000000,0.000000000000000)  
 (0.000000000000000,0.000000000000000)  (0.000000000000000,0.000000000000000)  
 (0.000000000000000,0.000000000000000)  (0.000000000000000,0.000000000000000)  
 (0.000000000000000,0.000000000000000)  (0.000000000000000,0.000000000000000)  
 (0.000000000000000,0.000000000000000)  (0.000000000000000,0.000000000000000)  
 (0.000000000000000,0.000000000000000)  (0.000000000000000,0.000000000000000)  
 (0.000000000000000,0.000000000000000)  (0.000000000000000,0.000000000000000)  
 (0.000000000000000,0.000000000000000)  (0.000000000000000,0.000000000000000)  
 (0.000000000000000,0.000000000000000)  (0.000000000000000,0.000000000000000)  
 (0.000000000000000,0.000000000000000)  (0.000000000000000,0.000000000000000)  
 (0.000000000000000,0.000000000000000)  (0.000000000000000,0.000000000000000)  
 (0.000000000000000,0.000000000000000)  (0.000000000000000,0.000000000000000)  
 (0.000000000000000,0.000000000000000)  (0.000000000000000,0.000000000000000)  
 (0.000000000000000,0.000000000000000)  (0.000000000000000,0.000000000000000)  
 (0.000000000000000,0.000000000000000)  (0.000000000000000,0.000000000000000)  
 (0.000000000000000,0.000000000000000)  (0.000000000000000,0.000000000000000)  
 (0.000000000000000,0.000000000000000)  (0.000000000000000,0.000000000000000)  
 (0.000000000000000,0.000000000000000)  (0.000000000000000,0.000000000000000)  
 (0.000000000000000,0.000000000000000)  (0.000000000000000,0.000000000000000)  
 (0.000000000000000,0.000000000000000)  (0.000000000000000,0.000000000000000)  
 (0.000000000000000,0.000000000000000)  (0.000000000000000,0.000000000000000)  
 (0.000000000000000,0.000000000000000)  (0.000000000000000,0.000000000000000)  
 (0.000000000000000,0.000000000000000)  (0.000000000000000,0.000000000000000)  
 (0.000000000000000,0.000000000000000)  (0.000000000000000,0.000000000000000)  
 (0.000000000000000,0.000000000000000)  (0.000000000000000,0.000000000000000)  
 (0.000000000000000,0.000000000000000)  (0.000000000000000,0.000000000000000)  
 (0.000000000000000,0.000000000000000)  (0.000000000000000,0.000000000000000)  
 (0.000000000000000,0.000000000000000)  (0.000000000000000,0.000000000000000)  
 (0.000000000000000,0.000000000000000)  (0.000000000000000,0.000000000000000)  
 (0.000000000000000,0.000000000000000)  (0.000000000000000,0.000000000000000)  
 (0.000000000000000,0.000000000000000)  (0.000000000000000,0.000000000000000)  
 (0.000000000000000,0.000000000000000)  (0.000000000000000,0.000000000000000)  
 (0.000000000000000,0.000000000000000)  (0.000000000000000,0.000000000000000)  
 (0.000000000000000,0.000000000000000)  (0.000000000000000,0.000000000000000)  
 (0.000000000000000,0.000000000000000)  (0.000000000000000,0.000000000000000)  
 (0.000000000000000,0.000000000000000)  (0.000000000000000,0.000000000000000)  
 (0.000000000000000,0.000000000000000)  (0.000000000000000,0.000000000000000)  
 (0.000000000000000,0.000000000000000)  (0.000000000000000,0.000000000000000)  
 (0.000000000000000,0.000000000000000)  (0.000000000000000,0.000000000000000)  
 (0.000000000000000,0.000000000000000)  (0.000000000000000,0.000000000000000)  
 (0.000000000000000,0.000000000000000)  (0.000000000000000,0.000000000000000)  
 (0.000000000000000,0.000000000000000)  (0.000000000000000,0.000000000000000)  
 (0.000000000000000,0.000000000000000)  (0.000000000000000,0.000000000000000)  
 (0.000000000000000,0.000000000000000)  (0.000000000000000,0.000000000000000)  
 (0.000000000000000,0.000000000000000)  (0.000000000000000,0.000000000000000)  
 (0.000000000000000,0.000000000000000)  (0.000000000000000,0.000000000000000)  
 (0.000000000000000,0.000000000000000)  (0.000000000000000,0.000000000000000)  
 (0.000000000000000,0.000000000000000)  (0.000000000000000,0.000000000000000)  
 (0.000000000000000,0.000000000000000)  (0.000000000000000,0.000000000000000)  
 (0.000000000000000,0.000000000000000)  (0.000000000000000,0.000000000000000)  
 (0.000000000000000,0.000000000000000)  (0.000000000000000,0.000000000000000)  
 (0.000000000000000,0.000000000000000)  (0.000000000000000,0.000000000000000)  
 (0.000000000000000,0.000000000000000)  (0.000000000000000,0.000000000000000)  
 (0.000000000000000,0.000000000000000)  (0.000000000000000,0.000000000000000)  
 (0.000000000000000,0.000000000000000)  (0.000000000000000,0.000000000000000)  
 (0.000000000000000,0.000000000000000)  (0.000000000000000,0.000000000000000)  
 (0.000000000000000,0.000000000000000)  (0.000000000000000,0.000000000000000)  
 (0.000000000000000,0.000000000000000)  (0.000000000000000,0.000000000000000)  
 (0.000000000000000,0.000000000000000)  (0.000000000000000,0.000000000000000)  
 (0.000000000000000,0.000000000000000)  (0.000000000000000,0.000000000000000)  
 (0.000000000000000,0.000000000000000)  (0.000000000000000,0.000000000000000)  
 (0.000000000000000,0.000000000000000)  (0.000000000000000,0.000000000000000)  
 (0.000000000000000,0.000000000000000)  (0.000000000000000,0.000000000000000)  
 (0.000000000000000,0.000000000000000)  (0.000000000000000,0.000000000000000)  
 (0.000000000000000,0.000000000000000)  (0.000000000000000,0.000000000000000)  
 (0.000000000000000,0.000000000000000)  (0.000000000000000,0.000000000000000)  
 (0.000000000000000,0.000000000000000)  (0.000000000000000,0.000000000000000)  
 (0.000000000000000,0.000000000000000)  (0.000000000000000,0.000000000000000)  
 (0.000000000000000,0.000000000000000)  (0.000000000000000,0.000000000000000)  
 (0.000000000000000,0.000000000000000)  (0.000000000000000,0.000000000000000)  
 (0.000000000000000,0.000000000000000)  (0.000000000000000,0.000000000000000)  
 (0.000000000000000,0.000000000000000)  (0.000000000000000,0.000000000000000)  
 (0.000000000000000,0.000000000000000)  (0.000000000000000,0.000000000000000)  
 (0.000000000000000,0.000000000000000)  (0.000000000000000,0.000000000000000)  
 (0.000000000000000,0.000000000000000)  (0.000000000000000,0.000000000000000)  
 (0.000000000000000,0.000000000000000)  (0.000000000000000,0.000000000000000)  
 (0.000000000000000,0.000000000000000)  (0.000000000000000,0.000000000000000)  
 (0.000000000000000,0.000000000000000)  (0.000000000000000,0.000000000000000)  
 (0.000000000000000,0.000000000000000)  (0.000000000000000,0.000000000000000)  
 (0.000000000000000,0.000000000000000)  (0.000000000000000,0.000000000000000)  
 (0.000000000000000,0.000000000000000)  (0.000000000000000,0.000000000000000)  
 (0.000000000000000,0.000000000000000)  (0.000000000000000,0.000000000000000)  
 (0.000000000000000,0.000000000000000)  (0.000000000000000,0.000000000000000)  
 (0.000000000000000,0.000000000000000)  (0.000000000000000,0.000000000000000)  
 (0.000000000000000,0.000000000000000)  (0.000000000000000,0.000000000000000)  
 (0.000000000000000,0.000000000000000)  (0.000000000000000,0.000000000000000)  
 (0.000000000000000,0.000000000000000)  (0.000000000000000,0.000000000000000)  
 (0.000000000000000,0.000000000000000)  (0.000000000000000,0.000000000000000)  
 (0.000000000000000,0.000000000000000)  (0.000000000000000,0.000000000000000)  
 (0.000000000000000,0.000000000000000)  (0.000000000000000,0.000000000000000)  
 (0.000000000000000,0.000000000000000)  (0.000000000000000,0.000000000000000)  
 (0.000000000000000,0.000000000000000)  (0.000000000000000,0.000000000000000)  
 (0.000000000000000,0.000000000000000)  (0.000000000000000,0.000000000000000)  
 (0.000000000000000,0.000000000000000)  (0.000000000000000,0.000000000000000)  
 (0.000000000000000,0.000000000000000)  (0.000000000000000,0.000000000000000)  
 (0.000000000000000,0.000000000000000)  (0.000000000000000,0.000000000000000)  
 (0.000000000000000,0.000000000000000)  (0.000000000000000,0.000000000000000)  
 (0.000000000000000,0.000000000000000)  (0.000000000000000,0.000000000000000)  
 (0.000000000000000,0.000000000000000)  (0.000000000000000,0.000000000000000)  
 (0.000000000000000,0.000000000000000)  (0.000000000000000,0.000000000000000)  
 (0.000000000000000,0.000000000000000)  (0.000000000000000,0.000000000000000)  
 (0.000000000000000,0.000000000000000)  (0.000000000000000,0.000000000000000)  
 (0.000000000000000,0.000000000000000)  (0.000000000000000,0.000000000000000)  
 (0.000000000000000,0.000000000000000)  (0.000000000000000,0.000000000000000)  
 (0.000000000000000,0.000000000000000)  (0.000000000000000,0.000000000000000)  
 (0.000000000000000,0.000000000000000)  (0.000000000000000,0.000000000000000)  
 (0.000000000000000,0.000000000000000)  (0.000000000000000,0.000000000000000)  
 (0.000000000000000,0.000000000000000)  (0.000000000000000,0.000000000000000)  
 (0.000000000000000,0.000000000000000)  (0.000000000000000,0.000000000000000)  
 (0.000000000000000,0.000000000000000)  (0.000000000000000,0.000000000000000)  
 (0.000000000000000,0.000000000000000)  (0.000000000000000,0.000000000000000)  
 (0.000000000000000,0.000000000000000)  (0.000000000000000,0.000000000000000)  
 (0.000000000000000,0.000000000000000)  (0.000000000000000,0.000000000000000)  
 (0.000000000000000,0.000000000000000)  (0.000000000000000,0.000000000000000)  
 (0.000000000000000,0.000000000000000)  (0.000000000000000,0.000000000000000)  
 (0.000000000000000,0.000000000000000)  (0.000000000000000,0.000000000000000)  
 (0.000000000000000,0.000000000000000)  (0.000000000000000,0.000000000000000)  
 (0.000000000000000,0.000000000000000)  (0.000000000000000,0.000000000000000)  
 (0.000000000000000,0.000000000000000)  (0.000000000000000,0.000000000000000)  
 (0.000000000000000,0.000000000000000)  (0.000000000000000,0.000000000000000)  
 (0.000000000000000,0.000000000000000)  (0.000000000000000,0.000000000000000)  
 (0.000000000000000,0.000000000000000)  (0.000000000000000,0.000000000000000)  
 (0.000000000000000,0.000000000000000)  (0.000000000000000,0.000000000000000)  
 (0.000000000000000,0.000000000000000)  (0.000000000000000,0.000000000000000)  
 (0.000000000000000,0.000000000000000)  (0.000000000000000,0.000000000000000)  
 (0.000000000000000,0.000000000000000)  (0.000000000000000,0.000000000000000)  
 (0.000000000000000,0.000000000000000)  (0.000000000000000,0.000000000000000)  
 (0.000000000000000,0.000000000000000)  (0.000000000000000,0.000000000000000)  
 (0.000000000000000,0.000000000000000)  (0.000000000000000,0.000000000000000)  
 (0.000000000000000,0.000000000000000)  (0.000000000000000,0.000000000000000)  
 (0.000000000000000,0.000000000000000)  (0.000000000000000,0.000000000000000)  
 (0.000000000000000,0.000000000000000)  (0.000000000000000,0.000000000000000)  
 (0.000000000000000,0.000000000000000)  (0.000000000000000,0.000000000000000)  
 (0.000000000000000,0.000000000000000)  (0.000000000000000,0.000000000000000)  
 (0.000000000000000,0.000000000000000)  (0.000000000000000,0.000000000000000)  
 (0.000000000000000,0.000000000000000)  (0.000000000000000,0.000000000000000)  
 (0.000000000000000,0.000000000000000)  (0.000000000000000,0.000000000000000)  
 (0.000000000000000,0.000000000000000)  (0.000000000000000,0.000000000000000)  
 (0.000000000000000,0.000000000000000)  (0.000000000000000,0.000000000000000)  
 (0.000000000000000,0.000000000000000)  (0.000000000000000,0.000000000000000)  
 (0.000000000000000,0.000000000000000)  (0.000000000000000,0.000000000000000)  
 (0.000000000000000,0.000000000000000)  (0.000000000000000,0.000000000000000)  
 (0.000000000000000,0.000000000000000)  (0.000000000000000,0.000000000000000)  
 (0.000000000000000,0.000000000000000)  (0.000000000000000,0.000000000000000)  
 (0.000000000000000,0.000000000000000)  (0.000000000000000,0.000000000000000)  
 (0.000000000000000,0.000000000000000)  (0.000000000000000,0.000000000000000)  
 (0.000000000000000,0.000000000000000)  (0.000000000000000,0.000000000000000)  
 (0.000000000000000,0.000000000000000)  (0.000000000000000,0.000000000000000)  
 (0.000000000000000,0.000000000000000)  (0.000000000000000,0.000000000000000)  
 (0.000000000000000,0.000000000000000)  (0.000000000000000,0.000000000000000)  
 (0.000000000000000,0.000000000000000)  (0.000000000000000,0.000000000000000)  
 (0.000000000000000,0.000000000000000)  (0.000000000000000,0.000000000000000)  
 (0.000000000000000,0.000000000000000)  (0.000000000000000,0.000000000000000)  
 (0.000000000000000,0.000000000000000)  (0.000000000000000,0.000000000000000)  
 (0.000000000000000,0.000000000000000)  (0.000000000000000,0.000000000000000)  
 (0.000000000000000,0.000000000000000)  (0.000000000000000,0.000000000000000)  
 (0.000000000000000,0.000000000000000)  (0.000000000000000,0.000000000000000)  
 (0.000000000000000,0.000000000000000)  (0.000000000000000,0.000000000000000)  
 (0.000000000000000,0.000000000000000)  (0.000000000000000,0.000000000000000)  
 (0.000000000000000,0.000000000000000)  (0.000000000000000,0.000000000000000)  
 (0.000000000000000,0.000000000000000)  (0.000000000000000,0.000000000000000)  
 (0.000000000000000,0.000000000000000)  (0.000000000000000,0.000000000000000)  
 (0.000000000000000,0.000000000000000)  (0.000000000000000,0.000000000000000)  
 (0.000000000000000,0.000000000000000)  (0.000000000000000,0.000000000000000)  
 (0.000000000000000,0.000000000000000)  (0.000000000000000,0.000000000000000)  
 (0.000000000000000,0.000000000000000)  (0.000000000000000,0.000000000000000)  
 (0.000000000000000,0.000000000000000)  (0.000000000000000,0.000000000000000)  
 (0.000000000000000,0.000000000000000)  (0.000000000000000,0.000000000000000)  
 (0.000000000000000,0.000000000000000)  (0.000000000000000,0.000000000000000)  
 (0.000000000000000,0.000000000000000)  (0.000000000000000,0.000000000000000)  
 (0.000000000000000,0.000000000000000)  (0.000000000000000,0.000000000000000)  
 (0.000000000000000,0.000000000000000)  (0.000000000000000,0.000000000000000)  
 (0.000000000000000,0.000000000000000)  (0.000000000000000,0.000000000000000)  
 (0.000000000000000,0.000000000000000)  (0.000000000000000,0.000000000000000)  
 (0.000000000000000,0.000000000000000)  (0.000000000000000,0.000000000000000)  
 (0.000000000000000,0.000000000000000)  (0.000000000000000,0.000000000000000)  
 (0.000000000000000,0.000000000000000)  (0.000000000000000,0.000000000000000)  
 (0.000000000000000,0.000000000000000)  (0.000000000000000,0.000000000000000)  
 (0.000000000000000,0.000000000000000)  (0.000000000000000,0.000000000000000)  
 (0.000000000000000,0.000000000000000)  (0.000000000000000,0.000000000000000)  
 (0.000000000000000,0.000000000000000)  (0.000000000000000,0.000000000000000)  
 (0.000000000000000,0.000000000000000)  (0.000000000000000,0.000000000000000)  
 (0.000000000000000,0.000000000000000)  (0.000000000000000,0.000000000000000)  
 (0.000000000000000,0.000000000000000)  (0.000000000000000,0.000000000000000)  
 (0.000000000000000,0.000000000000000)  (0.000000000000000,0.000000000000000)  
 (0.000000000000000,0.000000000000000)  (0.000000000000000,0.000000000000000)  
 (0.000000000000000,0.000000000000000)  (0.000000000000000,0.000000000000000)  
 (0.000000000000000,0.000000000000000)  (0.000000000000000,0.000000000000000)  
 (0.000000000000000,0.000000000000000)  (0.000000000000000,0.000000000000000)  
 (0.000000000000000,0.000000000000000)  (0.000000000000000,0.000000000000000)  
 (0.000000000000000,0.000000000000000)  (0.000000000000000,0.000000000000000)  
 (0.000000000000000,0.000000000000000)  (0.000000000000000,0.000000000000000)  
 (0.000000000000000,0.000000000000000)  (0.000000000000000,0.000000000000000)  
 (0.000000000000000,0.000000000000000)  (0.000000000000000,0.000000000000000)  
 (0.000000000000000,0.000000000000000)  (0.000000000000000,0.000000000000000)  
 (0.000000000000000,0.000000000000000)  (0.000000000000000,0.000000000000000)  
 (0.000000000000000,0.000000000000000)  (0.000000000000000,0.000000000000000)  
 (0.000000000000000,0.000000000000000)  (0.000000000000000,0.000000000000000)  
 (0.000000000000000,0.000000000000000)  (0.000000000000000,0.000000000000000)  
 (0.000000000000000,0.000000000000000)  (0.000000000000000,0.000000000000000)  
 (0.000000000000000,0.000000000000000)  (0.000000000000000,0.000000000000000)  
 (0.000000000000000,0.000000000000000)  (0.000000000000000,0.000000000000000)  
 (0.000000000000000,0.000000000000000)  (0.000000000000000,0.000000000000000)  
 (0.000000000000000,0.000000000000000)  (0.000000000000000,0.000000000000000)  
 (0.000000000000000,0.000000000000000)  (0.000000000000000,0.000000000000000)  
 (0.000000000000000,0.000000000000000)  (0.000000000000000,0.000000000000000)  
 (0.000000000000000,0.000000000000000)  (0.000000000000000,0.000000000000000)  
 (0.000000000000000,0.000000000000000)  (0.000000000000000,0.000000000000000)  
 (0.000000000000000,0.000000000000000)  (0.000000000000000,0.000000000000000)  
 (0.000000000000000,0.000000000000000)  (0.000000000000000,0.000000000000000)  
 (0.000000000000000,0.000000000000000)  (0.000000000000000,0.000000000000000)  
 (0.000000000000000,0.000000000000000)  (0.000000000000000,0.000000000000000)  
 (0.000000000000000,0.000000000000000)  (0.000000000000000,0.000000000000000)  
 (0.000000000000000,0.000000000000000)  (0.000000000000000,0.000000000000000)  
 (0.000000000000000,0.000000000000000)  (0.000000000000000,0.000000000000000)  
 (0.000000000000000,0.000000000000000)  (0.000000000000000,0.000000000000000)  
 (0.000000000000000,0.000000000000000)  (0.000000000000000,0.000000000000000)  
 (0.000000000000000,0.000000000000000)  (0.000000000000000,0.000000000000000)  
 (0.000000000000000,0.000000000000000)  (0.000000000000000,0.000000000000000)  
 (0.000000000000000,0.000000000000000)  (0.000000000000000,0.000000000000000)  
 (0.000000000000000,0.000000000000000)  (0.000000000000000,0.000000000000000)  
 (0.000000000000000,0.000000000000000)  (0.000000000000000,0.000000000000000)  
 (0.000000000000000,0.000000000000000)  (0.000000000000000,0.000000000000000)  
 (0.000000000000000,0.000000000000000)  (0.000000000000000,0.000000000000000)  
 (0.000000000000000,0.000000000000000)  (0.000000000000000,0.000000000000000)  
 (0.000000000000000,0.000000000000000)  (0.000000000000000,0.000000000000000)  
 (0.000000000000000,0.000000000000000)  (0.000000000000000,0.000000000000000)  
 (0.000000000000000,0.000000000000000)  (0.000000000000000,0.000000000000000)  
 (0.000000000000000,0.000000000000000)  (0.000000000000000,0.000000000000000)  
 (0.000000000000000,0.000000000000000)  (0.000000000000000,0.000000000000000)  
 (0.000000000000000,0.000000000000000)  (0.000000000000000,0.000000000000000)  
 (0.000000000000000,0.000000000000000)  (0.000000000000000,0.000000000000000)  
 (0.000000000000000,0.000000000000000)  (0.000000000000000,0.000000000000000)  
 (0.000000000000000,0.000000000000000)  (0.000000000000000,0.000000000000000)  
 (0.000000000000000,0.000000000000000)  (0.000000000000000,0.000000000000000)  
 (0.000000000000000,0.000000000000000)  (0.000000000000000,0.000000000000000)  
 (0.000000000000000,0.000000000000000)  (0.000000000000000,0.000000000000000)  
 (0.000000000000000,0.000000000000000)  (0.000000000000000,0.000000000000000)  
 (0.000000000000000,0.000000000000000)  (0.000000000000000,0.000000000000000)  
 (0.000000000000000,0.000000000000000)  (0.000000000000000,0.000000000000000)  
 (0.000000000000000,0.000000000000000)  (0.000000000000000,0.000000000000000)  
 (0.000000000000000,0.000000000000000)  (0.000000000000000,0.000000000000000)  
 (0.000000000000000,0.000000000000000)  (0.000000000000000,0.000000000000000)  
 (0.000000000000000,0.000000000000000)  (0.000000000000000,0.000000000000000)  
 (0.000000000000000,0.000000000000000)  (0.000000000000000,0.000000000000000)  
 (0.000000000000000,0.000000000000000)  (0.000000000000000,0.000000000000000)  
 (0.000000000000000,0.000000000000000)  (0.000000000000000,0.000000000000000)  
 (0.000000000000000,0.000000000000000)  (0.000000000000000,0.000000000000000)  
 (0.000000000000000,0.000000000000000)  (0.000000000000000,0.000000000000000)  
 (0.000000000000000,0.000000000000000)  (0.000000000000000,0.000000000000000)  
 (0.000000000000000,0.000000000000000)  (0.000000000000000,0.000000000000000)  
 (0.000000000000000,0.000000000000000)  (0.000000000000000,0.000000000000000)  
 (0.000000000000000,0.000000000000000)  (0.000000000000000,0.000000000000000)  
 (0.000000000000000,0.000000000000000)  (0.000000000000000,0.000000000000000)  
 (0.000000000000000,0.000000000000000)  (0.000000000000000,0.000000000000000)  
 (0.000000000000000,0.000000000000000)  (0.000000000000000,0.000000000000000)  
 (0.000000000000000,0.000000000000000)  (0.000000000000000,0.000000000000000)  
 (0.000000000000000,0.000000000000000)  (0.000000000000000,0.000000000000000)  
 (0.000000000000000,0.000000000000000)  (0.000000000000000,0.000000000000000)  
 (0.000000000000000,0.000000000000000)  (0.000000000000000,0.000000000000000)  
 (0.000000000000000,0.000000000000000)  (0.000000000000000,0.000000000000000)  
 (0.000000000000000,0.000000000000000)  (0.000000000000000,0.000000000000000)  
 (0.000000000000000,0.000000000000000)  (0.000000000000000,0.000000000000000)  
 (0.000000000000000,0.000000000000000)  (0.000000000000000,0.000000000000000)  
 (0.000000000000000,0.000000000000000)  (0.000000000000000,0.000000000000000)  
 (0.000000000000000,0.000000000000000)  (0.000000000000000,0.000000000000000)  
 (0.000000000000000,0.000000000000000)  (0.000000000000000,0.000000000000000)
