# Generated by LORRAX 0.1.0 at 2026-05-15 23:58:04 UTC
  0.000000000  0.000000000  0.000000000      56
       1       1   -5.697472831  -10.480087562
       1       2   -5.697472831  -10.480087562
       1       3    6.249018059    6.251890348
       1       4    6.249018059    6.251890348
       1       5    6.296978980    6.329201846
       1       6    6.296978980    6.329201846
       1       7    6.296979021    6.329201849
       1       8    6.296979021    6.329201849
       1       9    8.798076715   14.126154285
       1      10    8.798076715   14.126154285
       1      11    8.833004001   14.181717007
       1      12    8.833004001   14.181717007
       1      13    8.833004023   14.181717007
       1      14    8.833004023   14.181717007
       1      15    9.629143525   15.209644783
       1      16    9.629143525   15.209644783
       1      17   14.014749341   20.207017510
       1      18   14.014749341   20.207017510
       1      19   14.014749344   20.207017508
       1      20   14.014749344   20.207017508
       1      21   14.243034788   23.047716265
       1      22   14.243034788   23.047716265
       1      23   17.510693373   25.464444796
       1      24   17.510693373   25.464444796
       1      25   17.521346137   25.477895207
       1      26   17.521346137   25.477895207
       1      27   17.521346159   25.477895208
       1      28   17.521346159   25.477895208
       1      29   21.692461582   30.801121500
       1      30   21.692461582   30.801121500
       1      31   29.380857656   38.844717787
       1      32   29.380857656   38.844717787
       1      33   29.382575724   38.845797451
       1      34   29.382575724   38.845797451
       1      35   29.382575736   38.845797451
       1      36   29.382575736   38.845797451
       1      37   30.461596805   39.115048685
       1      38   30.461596805   39.115048685
       1      39   30.461596805   39.115048685
       1      40   30.461596805   39.115048685
       1      41   32.042974204   40.821420356
       1      42   32.042974204   40.821420356
       1      43   32.127743313   40.960573225
       1      44   32.127743313   40.960573225
       1      45   32.127743342   40.960573234
       1      46   32.127743342   40.960573234
       1      47   35.634539386   45.122079510
       1      48   35.634539386   45.122079510
       1      49   35.634539396   45.122079513
       1      50   35.634539396   45.122079513
       1      51   35.634539402   45.122079516
       1      52   35.634539402   45.122079516
       1      53   41.091724599   50.814821484
       1      54   41.091724599   50.814821483
       1      55   41.091724613   50.814821492
       1      56   41.091724613   50.814821492
 -0.000000000 -0.000000000  0.250000000      56
       1       1   -4.897281388   -9.448857095
       1       2   -4.897281388   -9.448857095
       1       3    2.340153019    1.144460454
       1       4    2.340153020    1.144460454
       1       5    5.498635977    5.284605232
       1       6    5.498635978    5.284605233
       1       7    5.529910207    5.337279076
       1       8    5.529910208    5.337279076
       1       9    8.294526875   13.913324807
       1      10    8.294526875   13.913324807
       1      11    9.757278265   15.441023248
       1      12    9.757278265   15.441023247
       1      13    9.778784038   15.472155325
       1      14    9.778784039   15.472155325
       1      15   13.191998359   19.985152376
       1      16   13.191998359   19.985152373
       1      17   13.473780850   20.151756098
       1      18   13.473780852   20.151756097
       1      19   13.476681820   20.155357734
       1      20   13.476681821   20.155357733
       1      21   15.270820704   23.606832358
       1      22   15.270820704   23.606832358
       1      23   18.122226006   26.743508009
       1      24   18.122226006   26.743508009
       1      25   20.916819946   28.594722981
       1      26   20.916819946   28.594722981
       1      27   20.923626202   28.604248055
       1      28   20.923626203   28.604248055
       1      29   24.149045140   32.908422366
       1      30   24.149045151   32.908422375
       1      31   24.160337529   32.926760817
       1      32   24.160337531   32.926760816
       1      33   24.284860405   32.879492621
       1      34   24.284860416   32.879492630
       1      35   26.372016031   35.525314468
       1      36   26.372016031   35.525314468
       1      37   30.301566851   39.328456035
       1      38   30.301566852   39.328456035
       1      39   30.302563183   39.331685889
       1      40   30.302563184   39.331685889
       1      41   32.945319186   42.084417414
       1      42   32.945319187   42.084417414
       1      43   32.986327582   42.154425046
       1      44   32.986327582   42.154425046
       1      45   34.149826034   43.989612893
       1      46   34.149826035   43.989612893
       1      47   35.732340914   43.808990402
       1      48   35.732340915   43.808990402
       1      49   36.350067370   45.718174916
       1      50   36.350067370   45.718174916
       1      51   38.139381579   46.666734235
       1      52   38.139381580   46.666734235
       1      53   38.146251952   46.682217543
       1      54   38.146251953   46.682217542
       1      55   39.729174099   48.834461720
       1      56   39.729174101   48.834461721
  0.000000000  0.000000000 -0.500000000      56
       1       1   -3.363337065   -7.675555665
       1       2   -3.363337065   -7.675555665
       1       3   -0.707388017   -2.896560527
       1       4   -0.707388017   -2.896560527
       1       5    5.057477632    4.547177386
       1       6    5.057477632    4.547177386
       1       7    5.089200892    4.600341749
       1       8    5.089200892    4.600341749
       1       9    7.805251976   13.385255904
       1      10    7.805251976   13.385255904
       1      11    9.594435421   15.538440445
       1      12    9.594435421   15.538440445
       1      13    9.608883094   15.559407137
       1      14    9.608883094   15.559407137
       1      15   14.000431294   22.095430940
       1      16   14.000431294   22.095430940
       1      17   16.847036475   23.536698184
       1      18   16.847036475   23.536698184
       1      19   16.847357346   23.538404614
       1      20   16.847357346   23.538404614
       1      21   17.601364257   25.670082166
       1      22   17.601364257   25.670082166
       1      23   17.629254000   25.661477569
       1      24   17.629254000   25.661477569
       1      25   17.653774450   26.009200616
       1      26   17.653774450   26.009200616
       1      27   19.282202639   27.767180045
       1      28   19.282202639   27.767180045
       1      29   25.679276342   35.102455799
       1      30   25.679276342   35.102455799
       1      31   26.283133499   33.887925755
       1      32   26.283133499   33.887925755
       1      33   27.933113548   36.923334937
       1      34   27.933113548   36.923334938
       1      35   27.934438954   36.927066576
       1      36   27.934438954   36.927066576
       1      37   28.087025618   36.429361188
       1      38   28.087025618   36.429361188
       1      39   28.094613579   36.439653396
       1      40   28.094613579   36.439653396
       1      41   32.007308377   43.377917318
       1      42   32.007308377   43.377917318
       1      43   32.719897121   41.097529832
       1      44   32.719897121   41.097529832
       1      45   32.720678346   41.100870586
       1      46   32.720678346   41.100870586
       1      47   33.750627198   43.543725685
       1      48   33.750627198   43.543725685
       1      49   33.789907931   43.616702573
       1      50   33.789907931   43.616702573
       1      51   34.628895965   41.108502510
       1      52   34.628895965   41.108502510
       1      53   37.451043187   46.470732770
       1      54   37.451043187   46.470732770
       1      55   38.629060454   46.604027739
       1      56   38.629060454   46.604027739
  0.000000000  0.250000000  0.250000000      56
       1       1   -4.614925413   -9.064317931
       1       2   -4.614925413   -9.064317931
       1       3    2.755220537    1.269416328
       1       4    2.755220539    1.269416328
       1       5    4.373518870    3.927462435
       1       6    4.373518897    3.927462432
       1       7    4.381957021    3.944936861
       1       8    4.381957048    3.944936859
       1       9    7.392382232   13.136742451
       1      10    7.392382232   13.136742451
       1      11    9.398126519   15.730383556
       1      12    9.398126520   15.730383557
       1      13   12.028948600   18.299255880
       1      14   12.028948619   18.299255879
       1      15   12.031515169   18.298841848
       1      16   12.031515188   18.298841847
       1      17   14.339291636   21.193333077
       1      18   14.339291637   21.193333077
       1      19   15.219769206   21.904426532
       1      20   15.219769206   21.904426532
       1      21   17.717555833   26.702073706
       1      22   17.717555833   26.702073706
       1      23   19.280829309   27.012567966
       1      24   19.280829316   27.012567965
       1      25   19.285927137   27.019151234
       1      26   19.285927144   27.019151233
       1      27   20.016252647   28.210915277
       1      28   20.016252647   28.210915277
       1      29   23.701060076   32.856989284
       1      30   23.701060084   32.856989286
       1      31   23.719362632   32.885249430
       1      32   23.719362640   32.885249431
       1      33   24.638543982   32.693114468
       1      34   24.638543982   32.693114468
       1      35   26.649739503   34.683805752
       1      36   26.649739504   34.683805752
       1      37   27.231263805   36.220637804
       1      38   27.231263805   36.220637804
       1      39   31.194219556   40.638096997
       1      40   31.194219556   40.638096997
       1      41   32.544431096   41.069674062
       1      42   32.544431096   41.069674062
       1      43   33.611925141   43.432900903
       1      44   33.611925142   43.432900899
       1      45   33.626509886   43.461499113
       1      46   33.626509887   43.461499108
       1      47   35.803157523   43.961306359
       1      48   35.803157533   43.961306359
       1      49   35.810398337   43.963857779
       1      50   35.810398348   43.963857777
       1      51   35.948236163   46.021667894
       1      52   35.948236165   46.021667907
       1      53   36.635939749   44.406406367
       1      54   36.635939749   44.406406367
       1      55   40.920501793   51.218672862
       1      56   40.920501793   51.218672862
 -0.000000000  0.250000000 -0.500000000      56
       1       1   -2.977122682   -7.014895139
       1       2   -2.977122681   -7.014895139
       1       3   -0.116048603   -2.702704441
       1       4   -0.116048598   -2.702704439
       1       5    2.729548564    2.212015604
       1       6    2.729548570    2.212015608
       1       7    4.062047351    3.407258708
       1       8    4.062047352    3.407258708
       1       9    7.784322380   13.791485604
       1      10    7.784322381   13.791485606
       1      11   10.722892904   17.103232711
       1      12   10.722892910   17.103232718
       1      13   12.017668027   18.450596540
       1      14   12.017668031   18.450596525
       1      15   12.190625832   18.605637049
       1      16   12.190625836   18.605637034
       1      17   16.490593494   24.240292205
       1      18   16.490593501   24.240292209
       1      19   16.831649782   23.962893603
       1      20   16.831649784   23.962893606
       1      21   18.448776708   25.963182274
       1      22   18.448776710   25.963182276
       1      23   18.994913841   27.094101142
       1      24   18.994913844   27.094101148
       1      25   19.316775873   27.886782729
       1      26   19.316775874   27.886782725
       1      27   23.142791820   32.139812911
       1      28   23.142791821   32.139812912
       1      29   24.020018493   32.303342975
       1      30   24.020018494   32.303342975
       1      31   24.916874369   33.641334717
       1      32   24.916874384   33.641334705
       1      33   25.658278849   34.299939242
       1      34   25.658278851   34.299939240
       1      35   25.894803223   34.395319326
       1      36   25.894803234   34.395319342
       1      37   26.228227316   35.046313126
       1      38   26.228227318   35.046313101
       1      39   29.216331185   37.196318887
       1      40   29.216331186   37.196318891
       1      41   30.034571961   39.380103234
       1      42   30.034571962   39.380103232
       1      43   31.480036975   40.649317822
       1      44   31.480036977   40.649317823
       1      45   31.875144469   39.784162775
       1      46   31.875144471   39.784162775
       1      47   34.110066599   43.192777792
       1      48   34.110066602   43.192777793
       1      49   35.433254132   44.142838845
       1      50   35.433254133   44.142838843
       1      51   35.605395597   45.397275363
       1      52   35.605395598   45.397275364
       1      53   35.696503121   44.478336886
       1      54   35.696503122   44.478336888
       1      55   37.475892472   44.660475673
       1      56   37.475892473   44.660475674
  0.000000000  0.250000000 -0.250000000      56
       1       1   -3.652141132   -7.872111315
       1       2   -3.652141132   -7.872111315
       1       3    0.787802649   -1.500864848
       1       4    0.787802655   -1.500864847
       1       5    2.509647442    2.073020296
       1       6    2.509647450    2.073020299
       1       7    4.943157844    4.535952318
       1       8    4.943157846    4.535952318
       1       9    8.712783202   14.717618643
       1      10    8.712783205   14.717618646
       1      11   11.050364470   17.183390017
       1      12   11.050364471   17.183390020
       1      13   11.420222698   17.792949665
       1      14   11.420222707   17.792949669
       1      15   12.411762410   19.106450883
       1      16   12.411762413   19.106450886
       1      17   12.729588629   19.378176342
       1      18   12.729588630   19.378176340
       1      19   15.910103105   23.485306563
       1      20   15.910103114   23.485306563
       1      21   18.904571849   26.955756568
       1      22   18.904571849   26.955756570
       1      23   19.486085152   27.263254012
       1      24   19.486085159   27.263253903
       1      25   19.746881754   28.282869870
       1      26   19.746881765   28.282869757
       1      27   22.954193218   31.899365321
       1      28   22.954193223   31.899365346
       1      29   23.348113801   31.445174360
       1      30   23.348113801   31.445174360
       1      31   23.741264599   32.554122154
       1      32   23.741264611   32.554122173
       1      33   24.988923823   33.317268412
       1      34   24.988923823   33.317268412
       1      35   27.533700951   35.845847409
       1      36   27.533700952   35.845847409
       1      37   27.993170212   37.141207380
       1      38   27.993170212   37.141207380
       1      39   30.240858382   39.575730358
       1      40   30.240858383   39.575730354
       1      41   31.097912383   40.708444483
       1      42   31.097912383   40.708444484
       1      43   31.576763800   39.880681940
       1      44   31.576763800   39.880681940
       1      45   33.085152842   40.868168625
       1      46   33.085152848   40.868168614
       1      47   33.392606704   42.367074690
       1      48   33.392606709   42.367074678
       1      49   34.058356064   42.104357741
       1      50   34.058356066   42.104357743
       1      51   35.683006364   44.380694423
       1      52   35.683006365   44.380694423
       1      53   36.600157299   46.184413912
       1      54   36.600157300   46.184413911
       1      55   37.490963005   46.276360460
       1      56   37.490963006   46.276360460
  0.000000000 -0.500000000 -0.500000000      56
       1       1   -1.550060206   -4.983683840
       1       2   -1.550060206   -4.983683840
       1       3   -1.550058376   -4.983683495
       1       4   -1.550058376   -4.983683495
       1       5    3.412381984    2.546305496
       1       6    3.412381984    2.546305496
       1       7    3.412382014    2.546305495
       1       8    3.412382014    2.546305495
       1       9    6.973642263   13.016360430
       1      10    6.973642263   13.016360430
       1      11    6.973642507   13.016360830
       1      12    6.973642507   13.016360830
       1      13   16.370511363   24.117680897
       1      14   16.370511363   24.117680897
       1      15   16.370511377   24.117680900
       1      16   16.370511377   24.117680900
       1      17   17.284777943   24.479617372
       1      18   17.284777943   24.479617372
       1      19   17.284777961   24.479617373
       1      20   17.284777961   24.479617373
       1      21   18.816603330   26.138229015
       1      22   18.816603330   26.138229015
       1      23   18.816605107   26.138229322
       1      24   18.816605107   26.138229322
       1      25   19.332171650   27.963659392
       1      26   19.332171650   27.963659392
       1      27   19.332173629   27.963659042
       1      28   19.332173629   27.963659042
       1      29   25.151117155   34.343693162
       1      30   25.151117155   34.343693162
       1      31   25.151118538   34.343693560
       1      32   25.151118538   34.343693560
       1      33   26.013424514   36.156902576
       1      34   26.013424514   36.156902576
       1      35   26.013424555   36.156902574
       1      36   26.013424555   36.156902574
       1      37   26.507143131   34.079858504
       1      38   26.507143131   34.079858504
       1      39   26.507143147   34.079858498
       1      40   26.507143147   34.079858498
       1      41   27.810032929   34.809844763
       1      42   27.810032929   34.809844763
       1      43   27.810033429   34.809844152
       1      44   27.810033429   34.809844152
       1      45   31.745128626   41.137512021
       1      46   31.745128626   41.137512021
       1      47   31.745130453   41.137511993
       1      48   31.745130453   41.137511993
       1      49   35.791042883   45.231019776
       1      50   35.791042883   45.231019776
       1      51   35.791042894   45.231019776
       1      52   35.791042894   45.231019776
       1      53   40.523035015   47.700322248
       1      54   40.523035015   47.700322248
       1      55   40.523035028   47.700322053
       1      56   40.523035028   47.700322053
  0.250000000 -0.500000000 -0.250000000      56
       1       1   -1.387965870   -4.899245631
       1       2   -1.387963848   -4.899245458
       1       3   -1.382359918   -4.890298648
       1       4   -1.382357890   -4.890298474
       1       5    2.402471818    1.943133203
       1       6    2.402472159    1.943133031
       1       7    2.415303894    1.968195486
       1       8    2.415304228    1.968195310
       1       9   10.549127617   16.900493105
       1      10   10.549128159   16.900492841
       1      11   10.549302686   16.902334328
       1      12   10.549303227   16.902334066
       1      13   11.257996998   17.618891506
       1      14   11.257997832   17.618891993
       1      15   11.274460714   17.642927886
       1      16   11.274461544   17.642928372
       1      17   16.859269955   24.370975807
       1      18   16.859270504   24.370976249
       1      19   16.876284944   24.388006910
       1      20   16.876285502   24.388007350
       1      21   19.315119113   27.157179444
       1      22   19.315119151   27.157180115
       1      23   19.334960203   27.182047132
       1      24   19.334960246   27.182047800
       1      25   22.738903014   31.613150146
       1      26   22.738903354   31.613149931
       1      27   22.745079533   31.620714737
       1      28   22.745079879   31.620714534
       1      29   24.868442449   33.415454469
       1      30   24.868442854   33.415454295
       1      31   24.873409432   33.424962674
       1      32   24.873409829   33.424962496
       1      33   25.197867165   34.056118900
       1      34   25.197867673   34.056119517
       1      35   25.216669779   34.089832668
       1      36   25.216670277   34.089833270
       1      37   26.131258612   34.363041787
       1      38   26.131260246   34.363041848
       1      39   26.135329765   34.368288497
       1      40   26.135331396   34.368288549
       1      41   29.979956242   39.156538866
       1      42   29.979956584   39.156539483
       1      43   29.980930621   39.160226924
       1      44   29.980930969   39.160227541
       1      45   33.774408127   41.887384574
       1      46   33.774408505   41.887384431
       1      47   33.774437060   41.887405549
       1      48   33.774437438   41.887405406
       1      49   33.953376992   43.117822376
       1      50   33.953377570   43.117822473
       1      51   33.956092658   43.120580006
       1      52   33.956093237   43.120580103
       1      53   35.765739135   42.340086121
       1      54   35.765740111   42.340086279
       1      55   35.768304980   42.343514390
       1      56   35.768305958   42.343514548
