# Generated by LORRAX 0.1.0 at 2026-05-17 22:22:22 UTC
  0.000000000  0.000000000  0.000000000     150
       1       1  -76.725135401 -746.630593079
       1       2  -76.725135401 -746.630593076
       1       3  -76.724899131 -746.629268405
       1       4  -76.724899131 -746.629268401
       1       5  -48.778595013 -710.922883645
       1       6  -48.778595013 -710.922883652
       1       7  -48.777075076 -710.936589308
       1       8  -48.777075076 -710.936589311
       1       9  -47.753294757 -710.040728772
       1      10  -47.753294757 -710.040728772
       1      11  -47.750089601 -710.088620294
       1      12  -47.750089601 -710.088620295
       1      13  -47.748449343 -707.531721549
       1      14  -47.748449343 -707.531721549
       1      15  -47.748116407 -707.539851356
       1      16  -47.748116407 -707.539851354
       1      17  -18.442631130 -442.427554671
       1      18  -18.442631130 -442.427554673
       1      19  -17.724345860 -425.462559439
       1      20  -17.724345860 -425.462559436
       1      21  -17.417588275 -434.511707349
       1      22  -17.417588275 -434.511707350
       1      23  -17.415499037 -434.491008690
       1      24  -17.415499037 -434.491008686
       1      25  -17.326061538 -431.479758037
       1      26  -17.326061538 -431.479758046
       1      27  -17.325382839 -431.465245055
       1      28  -17.325382839 -431.465245058
       1      29   -9.962131075 -455.840385568
       1      30   -9.962131075 -455.840385553
       1      31   -9.546506827 -421.931364518
       1      32   -9.546506827 -421.931364548
       1      33   -9.216424170 -435.592723452
       1      34   -9.216424170 -435.592723403
       1      35   -9.156173972 -442.646123596
       1      36   -9.156173972 -442.646123565
       1      37   -8.997457847 -429.330088501
       1      38   -8.997457847 -429.330088497
       1      39   -8.633983424 -448.346253293
       1      40   -8.633983424 -448.346253291
       1      41   -8.599558602 -436.041289099
       1      42   -8.599558602 -436.041289093
       1      43   -8.102992141 -435.944510522
       1      44   -8.102992141 -435.944510523
       1      45   -7.817397602 -475.491749851
       1      46   -7.817397602 -475.491749852
       1      47   -7.753863199 -477.826195072
       1      48   -7.753863199 -477.826195079
       1      49   -7.706161714 -428.908816630
       1      50   -7.706161714 -428.908816621
       1      51   -7.491666069 -446.297799145
       1      52   -7.491666069 -446.297799125
       1      53   -7.248725916 -414.149226025
       1      54   -7.248725916 -414.149226007
       1      55   -7.033074318 -402.568758489
       1      56   -7.033074318 -402.568758479
       1      57   -6.545039619 -412.189253915
       1      58   -6.545039619 -412.189253943
       1      59   -6.362494350 -437.895034732
       1      60   -6.362494350 -437.895034785
       1      61   -5.933064053 -410.163901661
       1      62   -5.933064053 -410.163901690
       1      63   -5.465389921 -445.121056143
       1      64   -5.465389921 -445.121056120
       1      65   -5.119623318 -616.391513114
       1      66   -5.119623318 -616.391513037
       1      67   -5.034841903 -596.347295055
       1      68   -5.034841903 -596.347295112
       1      69   -5.030535434 -594.363482873
       1      70   -5.030535434 -594.363482818
       1      71   -4.926684039 -585.755055842
       1      72   -4.926684039 -585.755055805
       1      73   -4.768529142 -579.809048994
       1      74   -4.768529142 -579.809049062
       1      75   -4.740411140 -596.677432952
       1      76   -4.740411140 -596.677433031
       1      77   -3.711506758 -560.672625398
       1      78   -3.711506758 -560.672625375
       1      79   -3.665943944 -555.729814488
       1      80   -3.665943944 -555.729814388
       1      81   -3.490123906 -546.636555096
       1      82   -3.490123906 -546.636555124
       1      83   -3.228043398 -531.348578512
       1      84   -3.228043398 -531.348578514
       1      85   -0.842379368 -208.824879573
       1      86   -0.842379368 -208.824879590
       1      87   -0.370984778 -398.697422299
       1      88   -0.370984778 -398.697422214
       1      89   -0.006286193 -292.785746748
       1      90   -0.006286193 -292.785746799
       1      91    0.084590284 -185.372817270
       1      92    0.084590284 -185.372817276
       1      93    0.830398700 -326.574620370
       1      94    0.830398700 -326.574620246
       1      95    1.200861182 -273.649351615
       1      96    1.200861182 -273.649351652
       1      97    1.264713213 -352.946670423
       1      98    1.264713213 -352.946670455
       1      99    1.269372066 -352.682156876
       1     100    1.269372066 -352.682156927
       1     101    1.307708989 -324.407078747
       1     102    1.307708989 -324.407078799
       1     103    1.309213878 -323.113952878
       1     104    1.309213878 -323.113952864
       1     105    2.203352693 -231.191629122
       1     106    2.203352693 -231.191629105
       1     107    2.619968417 -218.822927858
       1     108    2.619968417 -218.822927798
       1     109    2.641538443 -403.768158913
       1     110    2.641538443 -403.768159258
       1     111    2.660741796 -402.842088094
       1     112    2.660741796 -402.842088038
       1     113    2.784204767 -355.331092625
       1     114    2.784204767 -355.331092570
       1     115    2.944108954 -251.144870346
       1     116    2.944108954 -251.144870168
       1     117    3.098870172 -231.735336524
       1     118    3.098870172 -231.735336980
       1     119    3.255175545 -222.689252039
       1     120    3.255175545 -222.689252430
       1     121    3.374609434 -242.569578744
       1     122    3.374609434 -242.569578400
       1     123    3.427777904 -241.047967960
       1     124    3.427777904 -241.047967426
       1     125    3.934153214 -179.290930386
       1     126    3.934153214 -179.290930594
       1     127    4.004821215 -341.462927729
       1     128    4.004821215 -341.462927258
       1     129    4.010074153 -110.314811068
       1     130    4.010074153 -110.314812896
       1     131    4.051568029 -343.837431333
       1     132    4.051568029 -343.837429958
       1     133    4.251319513 -317.828224718
       1     134    4.251319513 -317.828225540
       1     135    4.294866411 -413.720953535
       1     136    4.294866411 -413.720953671
       1     137    4.392115092 -193.267571558
       1     138    4.392115092 -193.267570479
       1     139    4.486167172 -275.226398139
       1     140    4.486167172 -275.226397485
       1     141    4.497400052 -220.487022858
       1     142    4.497400052 -220.487023198
       1     143    4.575853473 -292.468602499
       1     144    4.575853473 -292.468602375
       1     145    5.121059845 -135.182628219
       1     146    5.121059845 -135.182613413
       1     147    5.211840840 -173.411587173
       1     148    5.211840840 -173.411588749
       1     149    5.243144047 -122.111629484
       1     150    5.243144047 -122.111613481
  0.000000000  0.166666667  0.000000000     150
       1       1  -76.725120730 -746.632316523
       1       2  -76.725120730 -746.632316524
       1       3  -76.724913074 -746.631158908
       1       4  -76.724913074 -746.631158908
       1       5  -48.778505388 -710.923824357
       1       6  -48.778505388 -710.923824367
       1       7  -48.777164307 -710.936249187
       1       8  -48.777164307 -710.936249197
       1       9  -47.753134348 -710.028022347
       1      10  -47.753134328 -710.028032356
       1      11  -47.750352846 -709.989009436
       1      12  -47.750352796 -709.989068670
       1      13  -47.748356938 -707.626765841
       1      14  -47.748356888 -707.626824153
       1      15  -47.748105602 -707.557909156
       1      16  -47.748105581 -707.557918268
       1      17  -18.385017292 -442.126923462
       1      18  -18.385017276 -442.126927135
       1      19  -17.691223853 -425.752569022
       1      20  -17.691223841 -425.752565563
       1      21  -17.495178326 -436.040411443
       1      22  -17.495178247 -436.040418994
       1      23  -17.448080222 -433.799161223
       1      24  -17.448080118 -433.799162997
       1      25  -17.332344518 -429.909859798
       1      26  -17.332344146 -429.909920428
       1      27  -17.331205958 -432.378150582
       1      28  -17.331205614 -432.378207191
       1      29   -9.968185120 -452.360035575
       1      30   -9.968184354 -452.360070532
       1      31   -9.535871356 -425.569338988
       1      32   -9.535871024 -425.569344818
       1      33   -9.194614788 -434.792859818
       1      34   -9.194607736 -434.793021659
       1      35   -9.173989538 -435.510339489
       1      36   -9.173979663 -435.510846444
       1      37   -9.046748715 -432.335837050
       1      38   -9.046745001 -432.336055035
       1      39   -8.634965997 -441.707476250
       1      40   -8.634959724 -441.707267318
       1      41   -8.295166349 -450.730743560
       1      42   -8.295158792 -450.730595870
       1      43   -8.040816496 -465.042951505
       1      44   -8.040815754 -465.042990838
       1      45   -7.833773686 -465.970619962
       1      46   -7.833770828 -465.971422582
       1      47   -7.744114360 -450.036006857
       1      48   -7.744112766 -450.036356940
       1      49   -7.647825363 -435.330468758
       1      50   -7.647820825 -435.331086799
       1      51   -7.431702625 -437.397812230
       1      52   -7.431699520 -437.398074819
       1      53   -7.233843513 -409.684652800
       1      54   -7.233840570 -409.684821322
       1      55   -7.013154575 -425.522444367
       1      56   -7.013152644 -425.522630313
       1      57   -6.615804258 -417.138741717
       1      58   -6.615802661 -417.138923800
       1      59   -6.446393772 -433.752966810
       1      60   -6.446392436 -433.752872824
       1      61   -6.136184070 -414.605816414
       1      62   -6.136178519 -414.605747104
       1      63   -5.770279773 -445.478608641
       1      64   -5.770278949 -445.478536109
       1      65   -5.120284831 -605.695877081
       1      66   -5.120284446 -605.695857306
       1      67   -4.988070340 -594.323358463
       1      68   -4.988069760 -594.323400778
       1      69   -4.950751671 -594.193030384
       1      70   -4.950751251 -594.192920911
       1      71   -4.845315162 -590.853983169
       1      72   -4.845313472 -590.853945574
       1      73   -4.778781116 -584.276489417
       1      74   -4.778780145 -584.276258266
       1      75   -4.725072993 -577.006352134
       1      76   -4.725072024 -577.006320722
       1      77   -3.718883148 -556.474706175
       1      78   -3.718882834 -556.474737844
       1      79   -3.647919969 -552.561970461
       1      80   -3.647919727 -552.562012131
       1      81   -3.545309010 -549.345622104
       1      82   -3.545308275 -549.345557079
       1      83   -3.349854523 -536.957551731
       1      84   -3.349854237 -536.957551157
       1      85   -0.588109131 -187.500473525
       1      86   -0.588105991 -187.500939115
       1      87   -0.346467813 -396.501459644
       1      88   -0.346467531 -396.501486791
       1      89    0.130194345  -72.078142562
       1      90    0.130197754  -72.078347482
       1      91    0.448253396 -408.859795012
       1      92    0.448255230 -408.861023995
       1      93    0.573635555 -353.330963404
       1      94    0.573636552 -353.332007560
       1      95    0.830322299 -302.569743267
       1      96    0.830323054 -302.569709379
       1      97    1.194561993 -319.238429544
       1      98    1.194563048 -319.238488593
       1      99    1.396485848 -296.487238024
       1     100    1.396486812 -296.487436059
       1     101    1.461828851 -336.398281006
       1     102    1.461830111 -336.398113666
       1     103    1.685119660 -332.319233868
       1     104    1.685120011 -332.319396108
       1     105    2.081877909 -381.566224137
       1     106    2.081879299 -381.566155585
       1     107    2.316697646 -311.196884908
       1     108    2.316699484 -311.196635843
       1     109    2.486360478 -251.106116070
       1     110    2.486364112 -251.113081723
       1     111    2.516525923 -328.803084399
       1     112    2.516537875 -328.798900878
       1     113    2.591038678 -297.672392917
       1     114    2.591049241 -297.678556943
       1     115    2.762325131 -319.779809864
       1     116    2.762337201 -319.781371182
       1     117    2.803119877 -325.548628296
       1     118    2.803131018 -325.550264139
       1     119    3.103368405 -331.309878637
       1     120    3.103369830 -331.309878699
       1     121    3.158748207 -272.597719964
       1     122    3.158750762 -272.598322057
       1     123    3.313005581 -266.923003961
       1     124    3.313007144 -266.926353043
       1     125    3.372490044 -185.742744685
       1     126    3.372490645 -185.737981977
       1     127    3.734331653 -245.758312826
       1     128    3.734333875 -245.758533633
       1     129    3.868442973 -170.265566063
       1     130    3.868447072 -170.264787252
       1     131    3.990555485 -233.344461627
       1     132    3.990558063 -233.343827180
       1     133    4.092402919 -252.151834950
       1     134    4.092404171 -252.161182899
       1     135    4.106893804 -264.116105597
       1     136    4.106895186 -264.113261101
       1     137    4.394359072 -227.881231436
       1     138    4.394359813 -227.880736061
       1     139    4.529790267 -261.484080067
       1     140    4.529791574 -261.483827481
       1     141    4.739433944 -270.659081776
       1     142    4.739436328 -270.658849467
       1     143    4.838680612 -236.043466059
       1     144    4.838681950 -236.043652056
       1     145    5.022924691 -161.952730316
       1     146    5.022925531 -161.953136103
       1     147    5.103211134 -198.337941137
       1     148    5.103211672 -198.337712308
       1     149    5.337942531 -211.036190989
       1     150    5.337943379 -211.034503212
  0.000000000  0.333333333  0.000000000     150
       1       1  -76.725087105 -746.633188209
       1       2  -76.725087105 -746.633188209
       1       3  -76.724948813 -746.633936605
       1       4  -76.724948813 -746.633936605
       1       5  -48.778273924 -710.925697772
       1       6  -48.778273923 -710.925697786
       1       7  -48.777397328 -710.934244594
       1       8  -48.777397328 -710.934244608
       1       9  -47.752713390 -709.994210184
       1      10  -47.752713358 -709.994227633
       1      11  -47.750932935 -709.920375859
       1      12  -47.750932879 -709.920422030
       1      13  -47.748233589 -707.654520062
       1      14  -47.748233543 -707.654535755
       1      15  -47.748071565 -707.632456384
       1      16  -47.748071542 -707.632443454
       1      17  -18.226984761 -441.224960893
       1      18  -18.226984734 -441.224967726
       1      19  -17.687447571 -437.882845936
       1      20  -17.687447526 -437.882854842
       1      21  -17.602841879 -426.384854208
       1      22  -17.602841869 -426.384847123
       1      23  -17.497002079 -434.040164967
       1      24  -17.497002020 -434.040165261
       1      25  -17.378900647 -430.197049208
       1      26  -17.378900613 -430.197051182
       1      27  -17.353444918 -430.588383791
       1      28  -17.353444854 -430.588383254
       1      29   -9.970653388 -447.199182149
       1      30   -9.970652817 -447.199200094
       1      31   -9.465737510 -430.813091447
       1      32   -9.465736467 -430.813117271
       1      33   -9.259375643 -428.306907227
       1      34   -9.259374363 -428.306863044
       1      35   -9.093671924 -437.705266830
       1      36   -9.093662997 -437.705321617
       1      37   -8.953385183 -432.182207790
       1      38   -8.953378959 -432.182067938
       1      39   -8.416953811 -445.865312122
       1      40   -8.416952946 -445.864989884
       1      41   -8.267554107 -456.282821923
       1      42   -8.267550745 -456.282841375
       1      43   -7.953644312 -458.554768539
       1      44   -7.953640989 -458.554009828
       1      45   -7.892706239 -473.707661467
       1      46   -7.892702149 -473.708745573
       1      47   -7.653070650 -449.986347564
       1      48   -7.653067455 -449.986821455
       1      49   -7.530913964 -421.285476613
       1      50   -7.530911419 -421.286317037
       1      51   -7.412906638 -435.704534912
       1      52   -7.412903019 -435.705115278
       1      53   -7.134321253 -432.851469895
       1      54   -7.134313104 -432.851617191
       1      55   -7.014742444 -436.264458937
       1      56   -7.014733122 -436.265285976
       1      57   -6.798900831 -424.458597027
       1      58   -6.798899476 -424.458841495
       1      59   -6.607013688 -424.693716238
       1      60   -6.607012445 -424.693668502
       1      61   -6.327455789 -410.847257334
       1      62   -6.327451068 -410.847410450
       1      63   -5.967478666 -419.851766114
       1      64   -5.967477539 -419.851792697
       1      65   -5.166115275 -602.851527658
       1      66   -5.166115033 -602.851488573
       1      67   -5.011910812 -579.698458031
       1      68   -5.011910403 -579.698364952
       1      69   -4.929625450 -602.256536811
       1      70   -4.929625187 -602.256502626
       1      71   -4.818110212 -599.763072394
       1      72   -4.818109848 -599.762960089
       1      73   -4.764971570 -586.307694523
       1      74   -4.764969819 -586.307531328
       1      75   -4.662534557 -572.192202716
       1      76   -4.662533885 -572.192226326
       1      77   -3.722287840 -552.292672844
       1      78   -3.722287326 -552.292678559
       1      79   -3.616020316 -542.673600538
       1      80   -3.616019675 -542.673170798
       1      81   -3.582365586 -554.145036072
       1      82   -3.582364583 -554.144558175
       1      83   -3.471399685 -547.464914248
       1      84   -3.471398812 -547.464821953
       1      85   -0.554286126 -395.782307700
       1      86   -0.554285988 -395.782338617
       1      87   -0.061204037 -155.355422523
       1      88   -0.061196637 -155.356319483
       1      89    0.283131560 -125.784527634
       1      90    0.283139097 -125.784846643
       1      91    0.440737423 -367.956515154
       1      92    0.440741947 -367.969270445
       1      93    0.471245671 -280.896708813
       1      94    0.471249638 -280.908893815
       1      95    0.689509154 -307.576509488
       1      96    0.689509913 -307.576130111
       1      97    1.187763156 -350.237192368
       1      98    1.187765708 -350.238204402
       1      99    1.239307246 -313.132912179
       1     100    1.239309282 -313.134462798
       1     101    1.346369229 -361.935914284
       1     102    1.346369741 -361.935488753
       1     103    1.556064953 -339.838665253
       1     104    1.556065726 -339.839292478
       1     105    1.782644318 -327.930118264
       1     106    1.782644865 -327.930735589
       1     107    2.076540712 -291.121168793
       1     108    2.076541747 -291.120339037
       1     109    2.166845556 -373.039326765
       1     110    2.166847343 -373.038419532
       1     111    2.323976055 -312.643967780
       1     112    2.323977257 -312.645270650
       1     113    2.378513883 -363.943176928
       1     114    2.378515287 -363.943117349
       1     115    2.608949123 -299.993300228
       1     116    2.608949943 -299.993613857
       1     117    2.827795525 -226.270296644
       1     118    2.827805397 -226.277135602
       1     119    2.840235491 -211.832769382
       1     120    2.840244854 -211.837910497
       1     121    3.219935182 -344.031095622
       1     122    3.219937695 -344.037165535
       1     123    3.251837493 -227.888946666
       1     124    3.251839171 -227.895726714
       1     125    3.291716048 -228.823834340
       1     126    3.291716732 -228.821795077
       1     127    3.394943491 -316.272313459
       1     128    3.394945260 -316.275097879
       1     129    3.500883212 -352.726205704
       1     130    3.500884508 -352.726925694
       1     131    3.943281677 -179.592853478
       1     132    3.943283792 -179.593581217
       1     133    3.993187656 -217.740267812
       1     134    3.993188892 -217.740530198
       1     135    4.065950173 -312.823360855
       1     136    4.065952267 -312.824815339
       1     137    4.155919708 -206.183627401
       1     138    4.155919767 -206.183195891
       1     139    4.442452290 -172.436251830
       1     140    4.442453278 -172.435708303
       1     141    4.589867202 -299.169757754
       1     142    4.589869912 -299.170272921
       1     143    4.837891657 -273.172861168
       1     144    4.837895208 -273.174135665
       1     145    5.386876134 -123.897888949
       1     146    5.386877790 -123.897483876
       1     147    5.556320801 -178.117732723
       1     148    5.556321812 -178.116687708
       1     149    5.691920575  -89.782465238
       1     150    5.691922219  -89.780926423
  0.000000000 -0.500000000  0.000000000     150
       1       1  -76.725053336 -746.633966280
       1       2  -76.725053336 -746.633966279
       1       3  -76.724973833 -746.635149062
       1       4  -76.724973833 -746.635149061
       1       5  -48.778085896 -710.927375986
       1       6  -48.778085896 -710.927375986
       1       7  -48.777579524 -710.932822441
       1       8  -48.777579524 -710.932822442
       1       9  -47.752367074 -709.965316261
       1      10  -47.752367074 -709.965316259
       1      11  -47.751341081 -709.924771591
       1      12  -47.751341081 -709.924771593
       1      13  -47.748195324 -707.625659733
       1      14  -47.748195324 -707.625659735
       1      15  -47.748042314 -707.686196582
       1      16  -47.748042314 -707.686196559
       1      17  -18.071028183 -440.093013898
       1      18  -18.071028183 -440.093013899
       1      19  -17.859050832 -439.383414359
       1      20  -17.859050832 -439.383414359
       1      21  -17.517992350 -434.162906242
       1      22  -17.517992350 -434.162906243
       1      23  -17.514384606 -426.553252003
       1      24  -17.514384606 -426.553252002
       1      25  -17.451073443 -429.786058053
       1      26  -17.451073443 -429.786058053
       1      27  -17.365090206 -430.479070143
       1      28  -17.365090206 -430.479070144
       1      29   -9.984580994 -445.309855128
       1      30   -9.984580994 -445.309855129
       1      31   -9.382961962 -431.209495314
       1      32   -9.382961962 -431.209495317
       1      33   -9.289059226 -426.953039299
       1      34   -9.289059226 -426.953039303
       1      35   -8.900126936 -432.034390029
       1      36   -8.900126936 -432.034390016
       1      37   -8.888840570 -449.307208704
       1      38   -8.888840570 -449.307208711
       1      39   -8.482219559 -437.062848029
       1      40   -8.482219559 -437.062848031
       1      41   -8.266142517 -449.763494405
       1      42   -8.266142517 -449.763494390
       1      43   -8.043016753 -445.672148449
       1      44   -8.043016753 -445.672148444
       1      45   -7.805360982 -468.134563185
       1      46   -7.805360982 -468.134563180
       1      47   -7.799650268 -454.079798004
       1      48   -7.799650268 -454.079798000
       1      49   -7.458412368 -460.226440820
       1      50   -7.458412368 -460.226440814
       1      51   -7.431095152 -422.547922803
       1      52   -7.431095152 -422.547922807
       1      53   -7.228175323 -456.421244044
       1      54   -7.228175323 -456.421244055
       1      55   -6.862855442 -410.007258266
       1      56   -6.862855442 -410.007258289
       1      57   -6.784022025 -428.173891464
       1      58   -6.784022025 -428.173891470
       1      59   -6.596461909 -419.250459541
       1      60   -6.596461909 -419.250459540
       1      61   -6.385200961 -408.852808624
       1      62   -6.385200961 -408.852808627
       1      63   -5.975178921 -415.028138617
       1      64   -5.975178921 -415.028138600
       1      65   -5.215979739 -605.909000422
       1      66   -5.215979739 -605.909000445
       1      67   -5.073246834 -571.849153917
       1      68   -5.073246834 -571.849153926
       1      69   -4.946900412 -603.311069540
       1      70   -4.946900412 -603.311069558
       1      71   -4.815089968 -602.265222349
       1      72   -4.815089968 -602.265222326
       1      73   -4.745165593 -587.322250665
       1      74   -4.745165593 -587.322250670
       1      75   -4.644018115 -575.385299075
       1      76   -4.644018115 -575.385299079
       1      77   -3.701751056 -544.137646741
       1      78   -3.701751056 -544.137646753
       1      79   -3.617031595 -562.284456924
       1      80   -3.617031595 -562.284456965
       1      81   -3.603520905 -546.501749731
       1      82   -3.603520905 -546.501749748
       1      83   -3.439719195 -543.691079378
       1      84   -3.439719195 -543.691079327
       1      85   -0.798924711 -401.259756138
       1      86   -0.798924711 -401.259756163
       1      87    0.184501626 -336.759789462
       1      88    0.184501626 -336.759789513
       1      89    0.320833143 -205.905597642
       1      90    0.320833143 -205.905597641
       1      91    0.515075106 -257.074174759
       1      92    0.515075106 -257.074174772
       1      93    0.515233368 -143.077288380
       1      94    0.515233368 -143.077288370
       1      95    0.582468183 -243.121780386
       1      96    0.582468183 -243.121780369
       1      97    0.663046106 -266.513417252
       1      98    0.663046106 -266.513417197
       1      99    1.040347242 -376.170748078
       1     100    1.040347242 -376.170747967
       1     101    1.109036531 -289.844492496
       1     102    1.109036531 -289.844492416
       1     103    1.585998813 -381.388270677
       1     104    1.585998813 -381.388270698
       1     105    1.773911657 -399.355229132
       1     106    1.773911657 -399.355229063
       1     107    1.950266972 -387.889993445
       1     108    1.950266972 -387.889993041
       1     109    2.502996128 -349.056607095
       1     110    2.502996128 -349.056607124
       1     111    2.561202465 -375.675009698
       1     112    2.561202465 -375.675009611
       1     113    2.615940997 -256.295841164
       1     114    2.615940997 -256.295841402
       1     115    2.652690237 -344.077977227
       1     116    2.652690237 -344.077976980
       1     117    2.709996551 -211.170513029
       1     118    2.709996551 -211.170512945
       1     119    2.712208061 -123.709602558
       1     120    2.712208061 -123.709602730
       1     121    2.803472118 -356.276373499
       1     122    2.803472118 -356.276373666
       1     123    3.038431678 -289.732795254
       1     124    3.038431678 -289.732794916
       1     125    3.050818837 -237.247232550
       1     126    3.050818837 -237.247232372
       1     127    3.291473599 -302.656081391
       1     128    3.291473599 -302.656081573
       1     129    3.307914957 -363.723563382
       1     130    3.307914957 -363.723563362
       1     131    3.754147604 -228.873508119
       1     132    3.754147604 -228.873508456
       1     133    3.807550748 -223.377993106
       1     134    3.807550748 -223.377993801
       1     135    4.205660842 -126.940263418
       1     136    4.205660842 -126.940263224
       1     137    4.394739417 -320.787680232
       1     138    4.394739417 -320.787677412
       1     139    4.815234593 -283.407793135
       1     140    4.815234593 -283.407793047
       1     141    5.046372434  -97.682392249
       1     142    5.046372434  -97.682386888
       1     143    5.128889421 -104.802298204
       1     144    5.128889421 -104.802298309
       1     145    5.328722953 -277.050863706
       1     146    5.328722953 -277.050863760
       1     147    5.851018291  -77.924592238
       1     148    5.851018291  -77.924592502
       1     149    5.903422330  -88.369164778
       1     150    5.903422330  -88.369162712
  0.166666667  0.166666667  0.000000000     150
       1       1  -76.725095559 -746.632749352
       1       2  -76.725095559 -746.632749350
       1       3  -76.724936413 -746.633384416
       1       4  -76.724936413 -746.633384411
       1       5  -48.778340565 -710.925221053
       1       6  -48.778340563 -710.925221075
       1       7  -48.777328051 -710.934807208
       1       8  -48.777328050 -710.934807227
       1       9  -47.752838208 -710.003420017
       1      10  -47.752838134 -710.003448176
       1      11  -47.750769497 -709.932465272
       1      12  -47.750769272 -709.932710528
       1      13  -47.748274706 -707.633551445
       1      14  -47.748273405 -707.634516934
       1      15  -47.748067680 -707.631284918
       1      16  -47.748066530 -707.632033561
       1      17  -18.276488234 -441.741017050
       1      18  -18.276488209 -441.741023235
       1      19  -17.631651469 -427.112005320
       1      20  -17.631651451 -427.112000149
       1      21  -17.608508827 -434.861262307
       1      22  -17.608508788 -434.861275753
       1      23  -17.511783792 -435.370702483
       1      24  -17.511783783 -435.370695827
       1      25  -17.358915699 -429.333053410
       1      26  -17.358915691 -429.333064443
       1      27  -17.343584641 -431.836254514
       1      28  -17.343584613 -431.836245331
       1      29   -9.925816283 -448.599561190
       1      30   -9.925815163 -448.599617342
       1      31   -9.530270245 -431.306133835
       1      32   -9.530269745 -431.306115880
       1      33   -9.225268947 -433.029721179
       1      34   -9.225267791 -433.029680911
       1      35   -9.154623250 -432.131881674
       1      36   -9.154621877 -432.131976520
       1      37   -9.013512468 -431.595868124
       1      38   -9.013506475 -431.595893037
       1      39   -8.453659916 -443.575180279
       1      40   -8.453657219 -443.575068293
       1      41   -8.215107639 -463.177640575
       1      42   -8.215106010 -463.177912051
       1      43   -8.014620385 -461.867859416
       1      44   -8.014615066 -461.867615495
       1      45   -7.850651101 -467.093437326
       1      46   -7.850649513 -467.093596173
       1      47   -7.726308989 -437.806940336
       1      48   -7.726308226 -437.806864343
       1      49   -7.477071117 -437.561966435
       1      50   -7.477070209 -437.561630714
       1      51   -7.362940892 -429.811482552
       1      52   -7.362939514 -429.812398968
       1      53   -7.248475784 -429.866483783
       1      54   -7.248473114 -429.866796803
       1      55   -7.043576841 -428.385944440
       1      56   -7.043570456 -428.386213181
       1      57   -6.695133216 -421.625247734
       1      58   -6.695131903 -421.625233165
       1      59   -6.514094498 -430.410109182
       1      60   -6.514093099 -430.410288458
       1      61   -6.315946691 -412.384530181
       1      62   -6.315938746 -412.384797469
       1      63   -6.022074160 -440.530926500
       1      64   -6.022072372 -440.531080587
       1      65   -5.071539543 -594.619436798
       1      66   -5.071538958 -594.619481912
       1      67   -5.042111210 -585.924998196
       1      68   -5.042110498 -585.924928530
       1      69   -4.901958189 -599.568425994
       1      70   -4.901957238 -599.568476463
       1      71   -4.836328818 -590.906028741
       1      72   -4.836328407 -590.906153700
       1      73   -4.763132701 -585.054489576
       1      74   -4.763131075 -585.054175806
       1      75   -4.690884527 -574.993365973
       1      76   -4.690883981 -574.993410226
       1      77   -3.752143711 -551.311257573
       1      78   -3.752143094 -551.311173179
       1      79   -3.608388105 -553.011481866
       1      80   -3.608386769 -553.011484961
       1      81   -3.581581762 -550.809806669
       1      82   -3.581580366 -550.809717324
       1      83   -3.420111569 -541.363907024
       1      84   -3.420111033 -541.363865112
       1      85   -0.391179264 -392.092807773
       1      86   -0.391179056 -392.092842102
       1      87   -0.233545711 -171.611656459
       1      88   -0.233540245 -171.612450185
       1      89    0.099913477 -324.228594971
       1      90    0.099915675 -324.231287168
       1      91    0.278440683 -130.105557659
       1      92    0.278444388 -130.103768426
       1      93    0.636748240 -349.811356331
       1      94    0.636748263 -349.811295146
       1      95    0.817000769 -291.496151460
       1      96    0.817001013 -291.496350695
       1      97    1.145344987 -382.366602798
       1      98    1.145345541 -382.366746604
       1      99    1.413155792 -301.107053851
       1     100    1.413156258 -301.107156688
       1     101    1.499766157 -283.893499006
       1     102    1.499766707 -283.893095501
       1     103    1.728554816 -377.795030700
       1     104    1.728555233 -377.794586159
       1     105    1.838645102 -353.885123290
       1     106    1.838645485 -353.885555036
       1     107    1.853154806 -334.552777730
       1     108    1.853155393 -334.551526812
       1     109    2.107973044 -331.134130331
       1     110    2.107973898 -331.133209870
       1     111    2.127370833 -338.868330455
       1     112    2.127371140 -338.867892345
       1     113    2.459804061 -233.723007771
       1     114    2.459804165 -233.723057735
       1     115    2.524056757 -243.321574914
       1     116    2.524057264 -243.321856534
       1     117    2.671403069 -298.501496573
       1     118    2.671403481 -298.501721701
       1     119    2.877315768 -318.124043602
       1     120    2.877316387 -318.123756034
       1     121    3.173539570 -291.296133949
       1     122    3.173541206 -291.296708892
       1     123    3.493889268 -162.771615689
       1     124    3.493889622 -162.771624519
       1     125    3.638174814 -236.096632246
       1     126    3.638174909 -236.096084931
       1     127    3.682173682 -287.441011262
       1     128    3.682174552 -287.442342821
       1     129    3.784531994 -289.848995513
       1     130    3.784533481 -289.847702634
       1     131    3.813280058 -261.023465414
       1     132    3.813282403 -261.022845232
       1     133    3.947305677 -277.537315966
       1     134    3.947306065 -277.537821722
       1     135    4.103618398 -264.815895280
       1     136    4.103619273 -264.815734671
       1     137    4.333570633 -209.212020363
       1     138    4.333571562 -209.212142172
       1     139    4.564047026 -132.104309990
       1     140    4.564048134 -132.102683793
       1     141    4.599676064 -340.268029568
       1     142    4.599676677 -340.266490773
       1     143    5.177607630 -225.615271828
       1     144    5.177608959 -225.616061485
       1     145    5.231966068 -257.709694391
       1     146    5.231966778 -257.709889908
       1     147    5.425175807 -272.739397170
       1     148    5.425176814 -272.739661276
       1     149    5.466589457 -221.870155188
       1     150    5.466589786 -221.869504115
  0.166666667  0.333333333  0.000000000     150
       1       1  -76.725055884 -746.633294587
       1       2  -76.725055884 -746.633294583
       1       3  -76.724974951 -746.633794355
       1       4  -76.724974951 -746.633794353
       1       5  -48.778086783 -710.927520673
       1       6  -48.778086778 -710.927520769
       1       7  -48.777581235 -710.932694668
       1       8  -48.777581230 -710.932694754
       1       9  -47.752375413 -709.956081736
       1      10  -47.752375099 -709.956205167
       1      11  -47.751328280 -709.945417333
       1      12  -47.751327723 -709.945830455
       1      13  -47.748252700 -707.576252946
       1      14  -47.748250836 -707.576383718
       1      15  -47.747994164 -707.723954424
       1      16  -47.747992542 -707.723795442
       1      17  -18.093662469 -440.636985891
       1      18  -18.093662439 -440.636993683
       1      19  -17.798952532 -438.528713972
       1      20  -17.798952497 -438.528723352
       1      21  -17.568917152 -434.443747365
       1      22  -17.568917130 -434.443745899
       1      23  -17.533345219 -427.267694338
       1      24  -17.533345208 -427.267696792
       1      25  -17.419291490 -429.239993494
       1      26  -17.419291476 -429.239991790
       1      27  -17.365478485 -430.343008609
       1      28  -17.365478465 -430.343004766
       1      29   -9.857532375 -445.212502592
       1      30   -9.857531473 -445.212555506
       1      31   -9.454997600 -434.176327088
       1      32   -9.454996130 -434.176352479
       1      33   -9.230526047 -430.359687333
       1      34   -9.230523366 -430.359774228
       1      35   -9.062749997 -437.810005119
       1      36   -9.062742310 -437.810138724
       1      37   -8.897625462 -435.794856772
       1      38   -8.897617508 -435.794692438
       1      39   -8.525516456 -442.380394753
       1      40   -8.525515442 -442.380091040
       1      41   -8.317295387 -444.200162743
       1      42   -8.317292445 -444.200257754
       1      43   -8.053036093 -447.502484272
       1      44   -8.053032048 -447.502519324
       1      45   -7.856510982 -472.658825037
       1      46   -7.856509170 -472.658693937
       1      47   -7.703264920 -444.386664575
       1      48   -7.703263574 -444.386163486
       1      49   -7.539027540 -446.480809213
       1      50   -7.539025344 -446.480882857
       1      51   -7.286692239 -434.027166107
       1      52   -7.286689769 -434.026973777
       1      53   -7.099040054 -437.042540249
       1      54   -7.099038500 -437.042537980
       1      55   -6.895696081 -434.091854224
       1      56   -6.895690223 -434.092136872
       1      57   -6.780308382 -424.942574994
       1      58   -6.780306413 -424.942661084
       1      59   -6.560225606 -421.228613987
       1      60   -6.560223354 -421.228962602
       1      61   -6.361733167 -420.991880958
       1      62   -6.361729098 -420.992247590
       1      63   -6.138221618 -433.695662280
       1      64   -6.138218890 -433.695533539
       1      65   -5.127471239 -586.243448647
       1      66   -5.127470998 -586.243447444
       1      67   -5.030508890 -577.531395015
       1      68   -5.030508614 -577.531359074
       1      69   -4.942005281 -596.890534626
       1      70   -4.942004976 -596.890574748
       1      71   -4.849386677 -586.536070211
       1      72   -4.849385910 -586.535938624
       1      73   -4.740226582 -593.239187090
       1      74   -4.740225517 -593.238873134
       1      75   -4.669634104 -581.220245876
       1      76   -4.669633437 -581.220195693
       1      77   -3.712079713 -555.634249087
       1      78   -3.712079168 -555.634198633
       1      79   -3.597355321 -549.585154357
       1      80   -3.597354675 -549.585033832
       1      81   -3.538925309 -548.715291712
       1      82   -3.538924428 -548.715163536
       1      83   -3.440278372 -540.605930884
       1      84   -3.440277773 -540.605891146
       1      85   -0.659533361 -396.569743848
       1      86   -0.659533198 -396.569749449
       1      87   -0.137024845 -364.053711440
       1      88   -0.137024228 -364.053979478
       1      89    0.167443696 -196.513924068
       1      90    0.167448550 -196.514957096
       1      91    0.306694434 -305.434950732
       1      92    0.306696212 -305.436677447
       1      93    0.544233622 -188.024772984
       1      94    0.544236287 -188.026391787
       1      95    0.580514444 -323.283046406
       1      96    0.580517358 -323.280710653
       1      97    0.873179254 -239.706396842
       1      98    0.873180336 -239.707987516
       1      99    1.027386149 -271.459403650
       1     100    1.027386751 -271.458836963
       1     101    1.169733663 -372.832980110
       1     102    1.169734747 -372.832186733
       1     103    1.377671747 -265.689309521
       1     104    1.377672986 -265.689403632
       1     105    1.504801711 -322.735008498
       1     106    1.504802887 -322.734986152
       1     107    1.888937376 -321.530580786
       1     108    1.888938123 -321.530875903
       1     109    2.107263459 -280.382375799
       1     110    2.107264015 -280.382105335
       1     111    2.178680004 -320.454381869
       1     112    2.178680807 -320.454438882
       1     113    2.428208008 -273.332655027
       1     114    2.428208984 -273.332910801
       1     115    2.629432382 -312.917388852
       1     116    2.629432864 -312.917808055
       1     117    2.688966651 -249.876804882
       1     118    2.688967527 -249.876442485
       1     119    3.105668677 -179.276805876
       1     120    3.105669771 -179.277042261
       1     121    3.183795086 -347.405300613
       1     122    3.183797643 -347.406519995
       1     123    3.315628036 -324.073098583
       1     124    3.315629790 -324.075098779
       1     125    3.402305115 -297.136411073
       1     126    3.402306485 -297.136002940
       1     127    3.685272735 -302.768996809
       1     128    3.685275239 -302.768746534
       1     129    3.806076418 -338.380615572
       1     130    3.806079396 -338.379687470
       1     131    3.989442099 -211.901337242
       1     132    3.989444881 -211.900218430
       1     133    4.040003203 -310.440471067
       1     134    4.040004075 -310.438505312
       1     135    4.364777888 -242.269023341
       1     136    4.364781457 -242.269375051
       1     137    4.643678234 -175.901442732
       1     138    4.643682196 -175.901627895
       1     139    4.872509725 -174.034993313
       1     140    4.872511210 -174.034938099
       1     141    5.155219944 -329.044471864
       1     142    5.155220438 -329.044227669
       1     143    5.345426936 -246.889975648
       1     144    5.345429823 -246.892129675
       1     145    5.480819252 -128.421685304
       1     146    5.480821023 -128.422405626
       1     147    5.504626869 -131.660772901
       1     148    5.504629348 -131.659215399
       1     149    5.660144939 -123.394704991
       1     150    5.660145743 -123.394439979
  0.333333333  0.333333333  0.000000000     150
       1       1  -76.725017004 -746.632338730
       1       2  -76.725017003 -746.632338717
       1       3  -76.725014956 -746.632336801
       1       4  -76.725014955 -746.632336792
       1       5  -48.777836513 -710.929737427
       1       6  -48.777834592 -710.929792997
       1       7  -48.777834465 -710.929735557
       1       8  -48.777832544 -710.929791126
       1       9  -47.752035626 -709.840441451
       1      10  -47.752033948 -709.840042974
       1      11  -47.751692932 -710.064590094
       1      12  -47.751690910 -710.064588129
       1      13  -47.748285029 -707.535852427
       1      14  -47.748282954 -707.535850288
       1      15  -47.747939539 -707.760519673
       1      16  -47.747937807 -707.760120954
       1      17  -17.928582690 -439.743523517
       1      18  -17.928581906 -439.743539152
       1      19  -17.927373716 -439.743498737
       1      20  -17.927372933 -439.743513452
       1      21  -17.634054952 -434.477054836
       1      22  -17.634054951 -434.477054782
       1      23  -17.460797264 -428.417845061
       1      24  -17.460796829 -428.417861312
       1      25  -17.460672337 -428.421005026
       1      26  -17.460671900 -428.421021281
       1      27  -17.385482590 -429.720021341
       1      28  -17.385482589 -429.720021433
       1      29   -9.605655160 -441.706764706
       1      30   -9.605654789 -441.706773720
       1      31   -9.558513992 -439.815600871
       1      32   -9.558509620 -439.815762755
       1      33   -9.144664670 -440.504309527
       1      34   -9.144664613 -440.504334617
       1      35   -9.061317682 -432.231455151
       1      36   -9.061317536 -432.231441526
       1      37   -9.011514964 -439.461247026
       1      38   -9.011504791 -439.461534062
       1      39   -8.597646398 -428.402800102
       1      40   -8.597646196 -428.402788221
       1      41   -8.335062591 -448.305480175
       1      42   -8.335062441 -448.305470719
       1      43   -8.308688338 -440.949375592
       1      44   -8.308681191 -440.949506039
       1      45   -7.836544464 -462.939454675
       1      46   -7.836544004 -462.939475864
       1      47   -7.732458777 -454.653616663
       1      48   -7.732458022 -454.653605854
       1      49   -7.345565998 -434.332640248
       1      50   -7.345565935 -434.332651714
       1      51   -7.228707556 -431.842169438
       1      52   -7.228704984 -431.842180286
       1      53   -7.018550216 -441.422002537
       1      54   -7.018549964 -441.421971910
       1      55   -6.791935684 -427.087736874
       1      56   -6.791935479 -427.087731239
       1      57   -6.781153203 -440.923430250
       1      58   -6.781142351 -440.923653444
       1      59   -6.517125175 -428.385878618
       1      60   -6.517125039 -428.385884256
       1      61   -6.395592855 -436.738296673
       1      62   -6.395582426 -436.738445100
       1      63   -6.293786470 -437.831147431
       1      64   -6.293786296 -437.831202080
       1      65   -5.023434322 -563.366450961
       1      66   -5.023433571 -563.366198034
       1      67   -5.002893204 -603.607760500
       1      68   -5.002892119 -603.607911613
       1      69   -4.983026037 -573.807705278
       1      70   -4.983025423 -573.807389032
       1      71   -4.917308340 -573.454245552
       1      72   -4.917308113 -573.454742027
       1      73   -4.724824066 -595.661969035
       1      74   -4.724823762 -595.661942887
       1      75   -4.692328986 -592.994683690
       1      76   -4.692327617 -592.994366102
       1      77   -3.697310459 -562.166286970
       1      78   -3.697310133 -562.166295950
       1      79   -3.545078497 -547.220458034
       1      80   -3.545077450 -547.220485468
       1      81   -3.535503976 -545.656643358
       1      82   -3.535502751 -545.656661418
       1      83   -3.376235938 -537.254866977
       1      84   -3.376235670 -537.254865112
       1      85   -0.561588444 -393.864091837
       1      86   -0.561588086 -393.864037153
       1      87   -0.557211348 -393.013370601
       1      88   -0.557211152 -393.013348849
       1      89    0.032801801 -275.205067257
       1      90    0.032801815 -275.205070430
       1      91    0.328413304 -335.290300462
       1      92    0.328414907 -335.291031947
       1      93    0.340100605 -335.949495396
       1      94    0.340100777 -335.949490078
       1      95    0.730749362 -252.847053074
       1      96    0.730750043 -252.846997473
       1      97    0.735747040 -254.139235468
       1      98    0.735747943 -254.138764164
       1      99    0.910131679 -304.154688167
       1     100    0.910131704 -304.154641145
       1     101    1.122134958 -172.075468414
       1     102    1.122134973 -172.075467082
       1     103    1.278233550 -195.904687599
       1     104    1.278233703 -195.904762749
       1     105    1.278907232 -194.043721016
       1     106    1.278907410 -194.043527376
       1     107    1.494961909 -346.778372710
       1     108    1.494961942 -346.778365249
       1     109    2.068574706 -299.307058800
       1     110    2.068575682 -299.307179990
       1     111    2.071021614 -298.292182430
       1     112    2.071022124 -298.292233997
       1     113    2.532144196 -263.929195598
       1     114    2.532144251 -263.929180722
       1     115    2.670622005 -251.716787770
       1     116    2.670622248 -251.716871297
       1     117    2.682124538 -235.692356310
       1     118    2.682124845 -235.692174500
       1     119    2.809965548 -419.185641971
       1     120    2.809965617 -419.185538780
       1     121    3.142067411 -217.918039624
       1     122    3.142067453 -217.918057483
       1     123    3.736597707 -359.174973452
       1     124    3.736598078 -359.175093626
       1     125    3.763142476 -347.113650036
       1     126    3.763142590 -347.113717604
       1     127    4.164543734 -323.900947097
       1     128    4.164548529 -323.901524927
       1     129    4.198732659 -322.637038048
       1     130    4.198733080 -322.637132304
       1     131    4.258562833 -271.736126750
       1     132    4.258562989 -271.736210806
       1     133    4.692673707 -158.687462499
       1     134    4.692677692 -158.687181196
       1     135    4.714337644 -156.619954872
       1     136    4.714337892 -156.619901036
       1     137    4.786619837 -146.565360993
       1     138    4.786620032 -146.565371619
       1     139    5.199609005 -153.741971887
       1     140    5.199610660 -153.742971630
       1     141    5.209615808 -158.785995879
       1     142    5.209616174 -158.786100360
       1     143    5.339291277 -151.399697440
       1     144    5.339291327 -151.399720380
       1     145    5.751119040 -384.026549820
       1     146    5.751119145 -384.026967125
       1     147    5.850263098 -170.704341812
       1     148    5.850269135 -170.702484033
       1     149    5.871472391 -160.566505372
       1     150    5.871472706 -160.566297237
 -0.166666667  0.500000000  0.000000000     150
       1       1  -76.725055891 -746.633915588
       1       2  -76.725055891 -746.633915587
       1       3  -76.724974947 -746.633920129
       1       4  -76.724974947 -746.633920131
       1       5  -48.778086789 -710.927599319
       1       6  -48.778086783 -710.927599422
       1       7  -48.777581227 -710.932392133
       1       8  -48.777581222 -710.932392240
       1       9  -47.752375412 -709.956051542
       1      10  -47.752375107 -709.956170683
       1      11  -47.751328268 -709.945446055
       1      12  -47.751327724 -709.945851433
       1      13  -47.748252700 -707.576244966
       1      14  -47.748250841 -707.576379913
       1      15  -47.747994161 -707.723643178
       1      16  -47.747992541 -707.723491773
       1      17  -18.093664226 -440.119810858
       1      18  -18.093664195 -440.119818601
       1      19  -17.798936516 -439.799619921
       1      20  -17.798936479 -439.799628940
       1      21  -17.568908839 -433.704646413
       1      22  -17.568908817 -433.704645497
       1      23  -17.533459839 -426.892023134
       1      24  -17.533459830 -426.892029480
       1      25  -17.419067655 -430.517750241
       1      26  -17.419067639 -430.517749947
       1      27  -17.365610314 -429.418384910
       1      28  -17.365610294 -429.418382196
       1      29   -9.857463863 -445.358400459
       1      30   -9.857462949 -445.358454775
       1      31   -9.455012913 -434.737790827
       1      32   -9.455011472 -434.737813480
       1      33   -9.231187555 -429.767159102
       1      34   -9.231184881 -429.767259159
       1      35   -9.062257663 -436.978959169
       1      36   -9.062249993 -436.979097333
       1      37   -8.896962690 -436.043024994
       1      38   -8.896954556 -436.042881413
       1      39   -8.526652706 -442.383277281
       1      40   -8.526651479 -442.382979794
       1      41   -8.317999722 -445.170453206
       1      42   -8.317996557 -445.170569938
       1      43   -8.050063285 -446.814178310
       1      44   -8.050059365 -446.814214126
       1      45   -7.856656639 -473.627486018
       1      46   -7.856654956 -473.627559900
       1      47   -7.704943030 -443.720618239
       1      48   -7.704941608 -443.720202390
       1      49   -7.539496840 -446.637337345
       1      50   -7.539494587 -446.637457749
       1      51   -7.284448811 -433.618107775
       1      52   -7.284446524 -433.617904419
       1      53   -7.103064239 -437.484007011
       1      54   -7.103062509 -437.484015312
       1      55   -6.893717789 -433.708773108
       1      56   -6.893711541 -433.709082836
       1      57   -6.779305900 -424.734992683
       1      58   -6.779304343 -424.735069229
       1      59   -6.560603672 -421.010183734
       1      60   -6.560601251 -421.010553754
       1      61   -6.362315478 -420.960111918
       1      62   -6.362311404 -420.960509112
       1      63   -6.137568201 -434.201285865
       1      64   -6.137565470 -434.201144194
       1      65   -5.128784424 -586.250976881
       1      66   -5.128784204 -586.250916533
       1      67   -5.028631598 -576.615416706
       1      68   -5.028631188 -576.615428560
       1      69   -4.944002606 -597.745322531
       1      70   -4.944002405 -597.745540656
       1      71   -4.848158622 -586.657481290
       1      72   -4.848157859 -586.657310466
       1      73   -4.740218059 -593.152173392
       1      74   -4.740217062 -593.151924174
       1      75   -4.669888199 -581.363107501
       1      76   -4.669887777 -581.363105762
       1      77   -3.711293420 -555.444569713
       1      78   -3.711292600 -555.444514187
       1      79   -3.596432363 -548.914879104
       1      80   -3.596431107 -548.914814942
       1      81   -3.540557899 -549.514921689
       1      82   -3.540557002 -549.514840900
       1      83   -3.440209183 -540.722786134
       1      84   -3.440208854 -540.722766973
       1      85   -0.658517381 -396.534866325
       1      86   -0.658517226 -396.534871019
       1      87   -0.138635961 -364.923514708
       1      88   -0.138635310 -364.923795072
       1      89    0.164144125 -197.635657544
       1      90    0.164148784 -197.636875712
       1      91    0.314033210 -302.331714450
       1      92    0.314034786 -302.333580601
       1      93    0.542759398 -190.738625933
       1      94    0.542762133 -190.740381443
       1      95    0.575735388 -321.537584525
       1      96    0.575738247 -321.535562131
       1      97    0.869891726 -239.783338435
       1      98    0.869892843 -239.784890939
       1      99    1.037722615 -273.045169760
       1     100    1.037723228 -273.044307620
       1     101    1.166700723 -368.949229064
       1     102    1.166701875 -368.948238155
       1     103    1.381585370 -264.702369989
       1     104    1.381586598 -264.702444995
       1     105    1.500958762 -325.080873751
       1     106    1.500959865 -325.080850039
       1     107    1.884929483 -325.893327167
       1     108    1.884930191 -325.893608204
       1     109    2.104434811 -273.757297355
       1     110    2.104435491 -273.757083354
       1     111    2.182649679 -323.707125593
       1     112    2.182650383 -323.706972319
       1     113    2.426805535 -275.442859675
       1     114    2.426806504 -275.443069104
       1     115    2.637573311 -299.304625106
       1     116    2.637573915 -299.304850731
       1     117    2.687974904 -260.529939669
       1     118    2.687976077 -260.529700044
       1     119    3.110375566 -184.216640565
       1     120    3.110376764 -184.216821741
       1     121    3.180379551 -343.441350817
       1     122    3.180382205 -343.442756900
       1     123    3.306470084 -321.459749659
       1     124    3.306472168 -321.461700506
       1     125    3.404034123 -298.850152030
       1     126    3.404035345 -298.849796544
       1     127    3.682352995 -303.299469999
       1     128    3.682355550 -303.299257988
       1     129    3.803158974 -338.455481326
       1     130    3.803162017 -338.454709460
       1     131    3.992157649 -208.789746373
       1     132    3.992160621 -208.788401799
       1     133    4.044782708 -310.671010761
       1     134    4.044783529 -310.669129406
       1     135    4.366589678 -244.861845114
       1     136    4.366593253 -244.862179995
       1     137    4.643407390 -176.922302238
       1     138    4.643411299 -176.922513371
       1     139    4.873461126 -173.053979381
       1     140    4.873462623 -173.053915494
       1     141    5.157934571 -330.396578109
       1     142    5.157935092 -330.396410895
       1     143    5.344662639 -243.633850603
       1     144    5.344665502 -243.636031517
       1     145    5.478784810 -125.988945802
       1     146    5.478786466 -125.989382007
       1     147    5.501991937 -134.877402411
       1     148    5.501994567 -134.876170890
       1     149    5.663421047 -126.365136367
       1     150    5.663421891 -126.364581526
