# x y z (snapped to FFT grid (20, 20, 75), 256 unique)
# density: scalar
# weight: scalar charge density ρ(r)
# intended channels: γ̃^0 (charge) ISDF
0.600000 0.200000 0.973333
0.800000 0.400000 0.973333
0.500000 0.250000 0.013333
0.750000 0.500000 0.000000
0.800000 0.350000 0.026667
0.650000 0.350000 0.960000
0.650000 0.250000 0.026667
0.550000 0.400000 0.013333
0.750000 0.200000 0.000000
0.500000 0.300000 0.973333
0.650000 0.350000 0.026667
0.600000 0.150000 0.000000
0.850000 0.500000 0.013333
0.750000 0.500000 0.973333
0.750000 0.250000 0.973333
0.850000 0.350000 0.986667
0.550000 0.400000 0.973333
0.750000 0.500000 0.040000
0.550000 0.150000 0.026667
0.550000 0.250000 0.000000
0.750000 0.400000 0.026667
0.700000 0.300000 0.053333
0.600000 0.500000 0.000000
0.800000 0.400000 0.000000
0.450000 0.600000 0.106667
0.100000 0.550000 0.120000
0.300000 0.750000 0.826667
0.450000 0.750000 0.173333
0.450000 0.600000 0.880000
0.200000 0.700000 0.893333
0.450000 0.850000 0.093333
0.450000 0.100000 0.000000
0.500000 0.900000 0.893333
0.150000 0.450000 0.853333
0.700000 0.450000 0.013333
0.550000 0.250000 0.053333
0.250000 0.800000 0.146667
0.300000 0.450000 0.146667
0.300000 0.550000 0.906667
0.700000 0.450000 0.986667
0.700000 0.250000 0.986667
0.450000 0.250000 0.986667
0.550000 0.750000 0.853333
0.250000 0.500000 0.080000
0.250000 0.600000 0.186667
0.900000 0.500000 0.973333
0.600000 0.300000 0.986667
0.600000 0.400000 0.053333
0.300000 0.600000 0.826667
0.300000 0.800000 0.093333
0.350000 0.900000 0.866667
0.700000 0.250000 0.933333
0.650000 0.500000 0.973333
0.600000 0.100000 0.973333
0.950000 0.400000 0.040000
0.500000 0.850000 0.133333
0.350000 0.750000 0.906667
0.150000 0.600000 0.840000
0.750000 0.200000 0.040000
0.550000 0.350000 0.946667
0.750000 0.400000 0.933333
0.000000 0.400000 0.933333
0.900000 0.550000 0.053333
0.550000 0.750000 0.933333
0.600000 0.500000 0.040000
0.450000 0.050000 0.040000
0.350000 0.700000 0.066667
0.350000 0.300000 0.013333
0.750000 0.400000 0.986667
0.550000 0.650000 0.160000
0.450000 0.100000 0.933333
0.850000 0.650000 0.000000
0.450000 0.400000 0.946667
0.800000 0.200000 0.973333
0.800000 0.350000 0.080000
0.300000 0.400000 0.853333
0.600000 0.000000 0.000000
0.150000 0.500000 0.133333
0.450000 0.300000 0.093333
0.500000 0.750000 0.120000
0.150000 0.550000 0.880000
0.100000 0.600000 0.013333
0.150000 0.550000 0.093333
0.700000 0.550000 0.893333
0.200000 0.600000 0.920000
0.500000 0.550000 0.026667
0.650000 0.600000 0.080000
0.200000 0.950000 0.986667
0.600000 0.150000 0.053333
0.900000 0.400000 0.013333
0.700000 0.950000 0.066667
0.450000 0.800000 0.853333
0.450000 0.150000 0.973333
0.950000 0.300000 0.986667
0.400000 0.050000 0.120000
0.600000 0.500000 0.960000
0.800000 0.200000 0.866667
0.950000 0.600000 0.946667
0.500000 0.350000 0.026667
0.450000 0.850000 0.973333
0.950000 0.200000 0.120000
0.300000 0.450000 0.986667
0.800000 0.400000 0.040000
0.450000 0.400000 0.986667
0.950000 0.700000 0.120000
0.450000 0.600000 0.840000
0.600000 0.100000 0.013333
0.650000 0.600000 0.000000
0.250000 0.850000 0.906667
0.600000 0.300000 0.026667
0.050000 0.200000 0.920000
0.400000 0.600000 0.173333
0.450000 0.750000 0.893333
0.350000 0.100000 0.013333
0.950000 0.000000 0.026667
0.800000 0.650000 0.946667
0.350000 0.200000 0.946667
0.550000 0.250000 0.946667
0.450000 0.350000 0.893333
0.050000 0.300000 0.040000
0.550000 0.950000 0.933333
0.450000 0.550000 0.133333
0.400000 0.850000 0.173333
0.300000 0.800000 0.053333
0.050000 0.850000 0.853333
0.850000 0.550000 0.986667
0.300000 0.500000 0.880000
0.500000 0.450000 0.053333
0.450000 0.050000 0.960000
0.900000 0.500000 0.906667
0.600000 0.250000 0.093333
0.950000 0.550000 0.013333
0.100000 0.550000 0.160000
0.800000 0.100000 0.013333
0.550000 0.150000 0.866667
0.750000 0.550000 0.066667
0.800000 0.300000 0.946667
0.600000 0.950000 0.160000
0.550000 0.000000 0.040000
0.300000 0.500000 0.106667
0.650000 0.100000 0.080000
0.100000 0.850000 0.080000
0.800000 0.900000 0.893333
0.750000 0.600000 0.026667
0.200000 0.700000 0.120000
0.100000 0.700000 0.973333
0.600000 0.700000 0.040000
0.450000 0.750000 0.813333
0.450000 0.700000 0.093333
0.450000 0.550000 0.960000
0.000000 0.450000 0.080000
0.250000 0.300000 0.093333
0.050000 0.500000 0.986667
0.450000 0.350000 0.146667
0.650000 0.450000 0.960000
0.400000 0.850000 0.133333
0.300000 0.750000 0.866667
0.800000 0.550000 0.960000
0.700000 0.050000 0.973333
0.900000 0.400000 0.973333
0.150000 0.450000 0.160000
0.400000 0.950000 0.066667
0.350000 0.450000 0.906667
0.650000 0.500000 0.826667
0.450000 0.150000 0.066667
0.950000 0.100000 0.973333
0.150000 0.900000 0.160000
0.500000 0.500000 0.920000
0.350000 0.900000 0.000000
0.450000 0.200000 0.013333
0.550000 0.950000 0.866667
0.600000 0.400000 0.920000
0.300000 0.700000 0.093333
0.400000 0.650000 0.933333
0.500000 0.950000 0.826667
0.600000 0.700000 0.120000
0.000000 0.700000 0.000000
0.250000 0.000000 0.040000
0.750000 0.450000 0.053333
0.600000 0.700000 0.880000
0.600000 0.150000 0.933333
0.050000 0.600000 0.880000
0.200000 0.700000 0.173333
0.600000 0.750000 0.080000
0.500000 0.000000 0.000000
0.150000 0.700000 0.080000
0.850000 0.500000 0.160000
0.400000 0.950000 0.920000
0.700000 0.050000 0.906667
0.150000 0.500000 0.946667
0.350000 0.050000 0.840000
0.850000 0.750000 0.026667
0.250000 0.400000 0.040000
0.150000 0.400000 0.813333
0.050000 0.400000 0.106667
0.250000 0.750000 0.946667
0.650000 0.900000 0.013333
0.900000 0.500000 0.000000
0.250000 0.650000 0.146667
0.350000 0.200000 0.000000
0.450000 0.500000 0.093333
0.050000 0.500000 0.906667
0.950000 0.600000 0.093333
0.250000 0.850000 0.120000
0.050000 0.900000 0.920000
0.200000 0.400000 0.906667
0.450000 0.800000 0.933333
0.700000 0.200000 0.946667
0.700000 0.700000 0.960000
0.900000 0.300000 0.066667
0.700000 0.100000 0.040000
0.150000 0.750000 0.853333
0.100000 0.300000 0.186667
0.200000 0.400000 0.106667
0.500000 0.600000 0.920000
0.800000 0.300000 0.906667
0.300000 0.200000 0.040000
0.900000 0.250000 0.026667
0.000000 0.600000 0.840000
0.600000 0.500000 0.120000
0.350000 0.300000 0.973333
0.500000 0.250000 0.053333
0.100000 0.550000 0.053333
0.700000 0.850000 0.160000
0.550000 0.900000 0.093333
0.100000 0.400000 0.906667
0.850000 0.600000 0.040000
0.250000 0.650000 0.026667
0.250000 0.300000 0.880000
0.600000 0.850000 0.893333
0.400000 0.550000 0.813333
0.200000 0.400000 0.866667
0.100000 0.450000 0.013333
0.500000 0.800000 0.066667
0.400000 0.550000 0.080000
0.350000 0.550000 0.146667
0.100000 0.650000 0.920000
0.550000 0.600000 0.853333
0.100000 0.650000 0.146667
0.700000 0.500000 0.933333
0.500000 0.700000 0.986667
0.100000 0.700000 0.040000
0.550000 0.000000 0.133333
0.950000 0.800000 0.973333
0.650000 0.700000 0.920000
0.950000 0.450000 0.120000
0.550000 0.750000 0.160000
0.300000 0.700000 0.800000
0.450000 0.050000 0.173333
0.050000 0.750000 0.893333
0.150000 0.450000 0.066667
0.400000 0.450000 0.173333
0.000000 0.400000 0.866667
0.200000 0.100000 0.000000
0.100000 0.350000 0.960000
0.600000 0.250000 0.906667
