# Generated by LORRAX unknown at 2026-07-18 02:27:59 UTC
# Sigma frequency debug decomposition (per-(k, n) diagonals; all energies in eV).
# k               	n               	E_dft           	Edft-Ef         	kin_ion         	V_H             	x_bare          	x_head          	sig_c(Edft).Re  	sig_c(Edft).Im  	sig_c_head(Edft).Re	sig_c_head(Edft).Im	eqp0            	eqp1            

k-point 0:
               0	               0	      -65.372251	      -61.028670	     -633.537809	     +594.492770	      -40.088066	       -3.563713	       +3.999064	       +0.009965	       +0.309332	       +0.000000	      -75.134041	      -75.134041
               0	               1	      -65.372251	      -61.028670	     -633.537809	     +594.492770	      -40.088066	       -3.563713	       +3.999064	       +0.009965	       +0.309332	       +0.000000	      -75.134041	      -75.134041
               0	               2	      -41.997237	      -37.653657	     -603.125173	     +585.513764	      -34.020027	       -3.563713	       +3.815909	    +5633.865179	       +0.482844	       +0.000000	      -47.815527	      -47.815527
               0	               3	      -41.997237	      -37.653657	     -603.125173	     +585.513764	      -34.020027	       -3.563713	       +3.815909	    +5633.865179	       +0.482844	       +0.000000	      -47.815527	      -47.815527
               0	               4	      -39.497232	      -35.153652	     -594.659640	     +578.350196	      -33.317815	       -3.563713	       +3.933964	    -1270.737238	       +0.513660	       +0.000000	      -45.693295	      -45.693295
               0	               5	      -39.497232	      -35.153652	     -594.659640	     +578.350196	      -33.317815	       -3.563713	       +3.933964	    -1270.737236	       +0.513660	       +0.000000	      -45.693295	      -45.693295
               0	               6	      -39.272875	      -34.929294	     -604.047485	     +589.044259	      -33.394925	       -3.563713	       +3.906750	    -4388.306044	       +0.516619	       +0.000000	      -44.491402	      -44.491402
               0	               7	      -39.272875	      -34.929294	     -604.047485	     +589.044259	      -33.394925	       -3.563713	       +3.906750	    -4388.306044	       +0.516619	       +0.000000	      -44.491402	      -44.491402
               0	               8	      -19.398604	      -15.055023	     -389.060444	     +384.005081	      -22.404077	       -3.563713	       +6.519116	       +0.066680	       +1.054927	       +0.000001	      -20.940325	      -20.940325
               0	               9	      -19.398604	      -15.055023	     -389.060444	     +384.005081	      -22.404077	       -3.563713	       +6.519116	       +0.066680	       +1.054927	       +0.000001	      -20.940325	      -20.940325
               0	              10	      -18.214280	      -13.870699	     -356.022194	     +352.882186	      -22.163375	       -3.563713	       +6.586010	       +2.313289	       +1.124767	       +0.000001	      -18.717372	      -18.717372
               0	              11	      -18.214280	      -13.870699	     -356.022194	     +352.882186	      -22.163375	       -3.563713	       +6.586010	       +2.313290	       +1.124767	       +0.000001	      -18.717372	      -18.717372
               0	              12	      -10.873768	       -6.530187	     -391.985356	     +395.453885	      -18.077190	       -3.563713	       +5.010876	       -0.271087	       +1.435438	       +0.000001	       -9.597784	       -9.970592
               0	              13	      -10.873768	       -6.530187	     -391.985356	     +395.453885	      -18.077190	       -3.563713	       +5.010876	       -0.271087	       +1.435438	       +0.000001	       -9.597784	       -9.970592
               0	              14	       -7.815640	       -3.472059	     -486.095273	     +494.098401	      -19.099378	       -3.563713	       +3.778907	     -100.302401	       +1.435425	       +0.000001	       -7.317344	       -7.447746
               0	              15	       -7.815640	       -3.472059	     -486.095273	     +494.098401	      -19.099378	       -3.563713	       +3.778907	     -100.302401	       +1.435425	       +0.000001	       -7.317344	       -7.447746
               0	              16	       -7.759785	       -3.416205	     -481.256740	     +489.181833	      -18.948902	       -3.563713	       +3.736180	      +67.636909	       +1.435580	       +0.000001	       -7.287629	       -7.410529
               0	              17	       -7.759785	       -3.416205	     -481.256740	     +489.181833	      -18.948902	       -3.563713	       +3.736180	      +67.636910	       +1.435580	       +0.000001	       -7.287629	       -7.410529
               0	              18	       -7.145276	       -2.801695	     -295.385241	     +301.475990	      -16.441717	       -3.563713	       +3.688705	      +12.535277	       +1.435765	       +0.000001	       -6.662262	       -6.777553
               0	              19	       -7.145276	       -2.801695	     -295.385241	     +301.475990	      -16.441717	       -3.563713	       +3.688705	      +12.535277	       +1.435765	       +0.000001	       -6.662262	       -6.777553
               0	              20	       -6.779803	       -2.436222	     -451.346233	     +461.161920	      -18.737636	       -3.563713	       +3.070266	     +105.335109	       +1.435529	       +0.000001	       -5.851684	       -6.077754
               0	              21	       -6.779803	       -2.436222	     -451.346233	     +461.161920	      -18.737636	       -3.563713	       +3.070266	     +105.335107	       +1.435529	       +0.000001	       -5.851684	       -6.077754
               0	              22	       -6.699109	       -2.355529	     -450.857049	     +460.728160	      -18.634702	       -3.563713	       +3.015199	     -105.073288	       +1.435701	       +0.000001	       -5.748392	       -5.979060
               0	              23	       -6.699109	       -2.355529	     -450.857049	     +460.728160	      -18.634702	       -3.563713	       +3.015199	     -105.073288	       +1.435701	       +0.000001	       -5.748392	       -5.979060
               0	              24	       -5.386093	       -1.042513	     -403.814655	     +414.705414	      -17.298051	       -3.563713	       +2.241557	      -15.710098	       +1.435478	       +0.000001	       -4.165735	       -4.467680
               0	              25	       -5.386093	       -1.042513	     -403.814655	     +414.705414	      -17.298051	       -3.563713	       +2.241557	      -15.710098	       +1.435478	       +0.000001	       -4.165735	       -4.467680
               0	              26	       -2.581488	       +1.762093	     -411.238693	     +423.475970	      -11.061767	       +0.000000	       -2.099622	     +128.752243	       -1.435786	       -0.000001	       -0.924112	       -1.309615
               0	              27	       -2.581488	       +1.762093	     -411.238693	     +423.475970	      -11.061767	       +0.000000	       -2.099622	     +128.752242	       -1.435786	       -0.000001	       -0.924112	       -1.309615
               0	              28	       -2.505729	       +1.837851	     -409.528103	     +421.945724	      -10.985258	       +0.000000	       -2.125000	     -194.695702	       -1.435726	       -0.000001	       -0.692637	       -1.114598
               0	              29	       -2.505729	       +1.837851	     -409.528103	     +421.945724	      -10.985258	       +0.000000	       -2.125000	     -194.695703	       -1.435726	       -0.000001	       -0.692637	       -1.114598
               0	              30	       -2.332526	       +2.011054	     -393.289649	     +406.394840	      -11.078369	       +0.000000	       -1.969562	     +235.456770	       -1.435372	       -0.000001	       +0.057259	       -0.514053
               0	              31	       -2.332526	       +2.011054	     -393.289649	     +406.394840	      -11.078369	       +0.000000	       -1.969562	     +235.456768	       -1.435372	       -0.000001	       +0.057259	       -0.514053
               0	              32	       -2.326587	       +2.016993	     -391.266440	     +404.513622	      -11.081025	       +0.000000	       -1.953952	     -147.128227	       -1.435393	       -0.000001	       +0.212205	       -0.393329
               0	              33	       -2.326587	       +2.016993	     -391.266440	     +404.513622	      -11.081025	       +0.000000	       -1.953952	     -147.128225	       -1.435393	       -0.000001	       +0.212205	       -0.393329
               0	              34	       +1.113320	       +5.456900	     -422.123788	     +436.485201	       -6.072047	       +0.000000	       -2.464407	       -0.293447	       -1.435471	       -0.000001	       +5.824960	       +4.998850
               0	              35	       +1.113320	       +5.456900	     -422.123788	     +436.485201	       -6.072047	       +0.000000	       -2.464407	       -0.293449	       -1.435471	       -0.000001	       +5.824960	       +4.998850
               0	              36	       +3.714012	       +8.057593	     -324.509872	     +331.703632	       -5.885614	       +0.000000	       -2.268708	       -2.638367	       -1.435523	       -0.000001	       -0.960562	       -0.155998
               0	              37	       +3.714012	       +8.057593	     -324.509872	     +331.703632	       -5.885614	       +0.000000	       -2.268708	       -2.638365	       -1.435523	       -0.000001	       -0.960562	       -0.155998
               0	              38	       +3.951990	       +8.295571	     -128.775701	     +156.089630	       -4.022609	       +0.000000	       -2.470410	       +0.466873	       -1.435770	       -0.000001	      +20.820911	      +17.901834
               0	              39	       +3.951990	       +8.295571	     -128.775701	     +156.089630	       -4.022609	       +0.000000	       -2.470410	       +0.466873	       -1.435770	       -0.000001	      +20.820911	      +17.901834
               0	              40	       +4.776397	       +9.119977	      -16.658213	      +58.331258	       -2.568461	       +0.000000	       -2.073246	       -3.177815	       -1.435671	       -0.000001	      +37.031337	      +32.450833
               0	              41	       +4.776397	       +9.119977	      -16.658213	      +58.331258	       -2.568461	       +0.000000	       -2.073246	       -3.177815	       -1.435671	       -0.000001	      +37.031337	      +32.450833
               0	              42	       +5.486221	       +9.829802	     -344.609149	     +361.855092	       -5.848330	       +0.000000	       -2.732851	     -236.905530	       -1.435737	       -0.000001	       +8.664762	       +8.186887
               0	              43	       +5.486221	       +9.829802	     -344.609149	     +361.855092	       -5.848330	       +0.000000	       -2.732851	     -236.905529	       -1.435737	       -0.000001	       +8.664762	       +8.186887
               0	              44	       +5.562324	       +9.905905	     -343.080102	     +360.423510	       -5.845625	       +0.000000	       -2.716954	     +236.224813	       -1.435604	       -0.000001	       +8.780829	       +8.346093
               0	              45	       +5.562324	       +9.905905	     -343.080102	     +360.423510	       -5.845625	       +0.000000	       -2.716954	     +236.224811	       -1.435604	       -0.000001	       +8.780829	       +8.346093

k-point 1:
               1	               0	      -65.392797	      -61.049216	     -633.749367	     +593.496871	      -40.065425	       -3.563713	       +4.003674	    -3100.616451	       +0.309234	       +0.000000	      -76.314247	      -76.314247
               1	               1	      -65.392797	      -61.049216	     -633.749367	     +593.496871	      -40.065425	       -3.563713	       +4.005111	    -3091.397203	       +0.309234	       +0.000000	      -76.312811	      -76.312811
               1	               2	      -42.080405	      -37.736824	     -603.472685	     +585.451049	      -34.022431	       -3.563713	       +3.834497	   +14702.087740	       +0.481883	       +0.000000	      -48.209570	      -48.209570
               1	               3	      -42.080405	      -37.736824	     -603.472685	     +585.451049	      -34.022431	       -3.563713	       +3.834721	   +10830.546255	       +0.481883	       +0.000000	      -48.209347	      -48.209347
               1	               4	      -39.576632	      -35.233051	     -596.501339	     +579.705780	      -33.313869	       -3.563713	       +3.946436	    +4316.741276	       +0.512621	       +0.000000	      -46.162991	      -46.162991
               1	               5	      -39.576632	      -35.233051	     -596.501335	     +579.705780	      -33.313869	       -3.563713	       +3.943870	    +3704.740049	       +0.512621	       +0.000000	      -46.165554	      -46.165554
               1	               6	      -39.426545	      -35.082965	     -600.838783	     +585.118514	      -33.361330	       -3.563713	       +3.941930	    +3949.257433	       +0.514589	       +0.000000	      -45.139669	      -45.139669
               1	               7	      -39.426545	      -35.082965	     -600.838787	     +585.118514	      -33.361330	       -3.563713	       +3.938964	     +841.543904	       +0.514589	       +0.000000	      -45.142639	      -45.142639
               1	               8	      -18.084493	      -13.740912	     -387.755495	     +384.409955	      -22.415377	       -3.563713	       +6.593165	   +10976.997831	       +1.132987	       +0.000001	      -19.167752	      -19.167752
               1	               9	      -18.084493	      -13.740912	     -387.755496	     +384.409955	      -22.415377	       -3.563713	       +6.592149	   +10797.219978	       +1.132987	       +0.000001	      -19.168769	      -19.168769
               1	              10	      -17.638782	      -13.295202	     -371.715016	     +368.502513	      -22.366934	       -3.563713	       +6.723819	   +11931.016019	       +1.162154	       +0.000001	      -18.855618	      -18.855618
               1	              11	      -17.638782	      -13.295202	     -371.715016	     +368.502513	      -22.366934	       -3.563713	       +6.725146	   +11916.437068	       +1.162154	       +0.000001	      -18.854291	      -18.854291
               1	              12	      -10.524665	       -6.181085	     -417.797231	     +421.259134	      -18.329902	       -3.563713	       +4.755577	    -1243.618092	       +1.435757	       +0.000001	      -10.112422	      -10.230414
               1	              13	      -10.524665	       -6.181085	     -417.797237	     +421.259134	      -18.329902	       -3.563713	       +4.755359	    -1380.217588	       +1.435757	       +0.000001	      -10.112647	      -10.230571
               1	              14	       -9.566582	       -5.223002	     -378.705674	     +383.483582	      -17.791066	       -3.563713	       +4.145072	    +4298.474438	       +1.435784	       +0.000001	       -8.868087	       -9.053912
               1	              15	       -9.566582	       -5.223002	     -378.705677	     +383.483582	      -17.791066	       -3.563713	       +4.144784	    +4342.268241	       +1.435784	       +0.000001	       -8.868377	       -9.054103
               1	              16	       -9.176330	       -4.832749	     -371.675651	     +376.421021	      -17.692398	       -3.563713	       +4.244896	     +581.967708	       +1.435733	       +0.000001	       -8.702132	       -8.828266
               1	              17	       -9.176330	       -4.832749	     -371.675649	     +376.421021	      -17.692398	       -3.563713	       +4.244540	     +343.029713	       +1.435733	       +0.000001	       -8.702486	       -8.828532
               1	              18	       -8.120290	       -3.776710	     -440.824745	     +448.092825	      -18.832721	       -3.563713	       +3.719270	     +976.823043	       +1.435781	       +0.000001	       -7.845371	       -7.915358
               1	              19	       -8.120290	       -3.776709	     -440.824755	     +448.092825	      -18.832721	       -3.563713	       +3.718839	     +549.193966	       +1.435781	       +0.000001	       -7.845812	       -7.915678
               1	              20	       -7.044058	       -2.700477	     -314.721589	     +321.780500	      -17.139885	       -3.563713	       +3.633411	    -3219.146966	       +1.435773	       +0.000001	       -6.447563	       -6.592512
               1	              21	       -7.044058	       -2.700477	     -314.721600	     +321.780500	      -17.139885	       -3.563713	       +3.633586	    -3302.473084	       +1.435773	       +0.000001	       -6.447399	       -6.592382
               1	              22	       -6.595082	       -2.251502	     -417.091142	     +426.154346	      -17.899150	       -3.563713	       +3.348805	     -771.395013	       +1.435788	       +0.000001	       -5.487141	       -5.754404
               1	              23	       -6.595079	       -2.251499	     -417.090837	     +426.154346	      -17.899150	       -3.563713	       +3.347633	    -5037.392611	       +1.435788	       +0.000001	       -5.488008	       -5.755018
               1	              24	       -6.289900	       -1.946319	     -453.898437	     +462.200868	      -17.455276	       -3.563713	       +2.715861	    +1101.263468	       +1.435501	       +0.000001	       -6.436984	       -6.400773
               1	              25	       -6.289896	       -1.946316	     -453.898116	     +462.200868	      -17.455276	       -3.563713	       +2.714170	    -3466.593143	       +1.435501	       +0.000001	       -6.438354	       -6.401821
               1	              26	       -3.056465	       +1.287115	     -471.082876	     +485.434094	      -12.327986	       +0.000000	       -2.223722	    +5130.506966	       -1.435775	       -0.000001	       -0.200490	       -0.911332
               1	              27	       -3.056463	       +1.287117	     -471.083409	     +485.434094	      -12.327986	       +0.000000	       -2.222616	   +15440.203188	       -1.435775	       -0.000001	       -0.199917	       -0.910794
               1	              28	       -2.954589	       +1.388992	     -443.853367	     +457.946746	      -11.733884	       +0.000000	       -2.356486	     -606.837220	       -1.435640	       -0.000001	       +0.003009	       -0.728895
               1	              29	       -2.954586	       +1.388994	     -443.853896	     +457.946746	      -11.733884	       +0.000000	       -2.356061	    +9807.795886	       -1.435640	       -0.000001	       +0.002905	       -0.728875
               1	              30	       -1.863615	       +2.479965	     -423.441397	     +438.039399	      -10.671136	       +0.000000	       -2.711418	    -9896.657872	       -1.435399	       -0.000001	       +1.215447	       +0.501120
               1	              31	       -1.863615	       +2.479966	     -423.441432	     +438.039399	      -10.671136	       +0.000000	       -2.712399	   -12651.166531	       -1.435399	       -0.000001	       +1.214431	       +0.500178
               1	              32	       -1.263892	       +3.079689	     -409.709458	     +425.070807	      -11.291394	       +0.000000	       -2.606970	    -1150.097939	       -1.435582	       -0.000001	       +1.462985	       +0.792239
               1	              33	       -1.263891	       +3.079689	     -409.709490	     +425.070807	      -11.291394	       +0.000000	       -2.607984	    -3295.749323	       -1.435582	       -0.000001	       +1.461938	       +0.791215
               1	              34	       +2.649881	       +6.993461	     -331.609799	     +347.451293	       -6.129214	       +0.000000	       -2.908595	       -8.585518	       -1.435354	       -0.000001	       +6.803685	       +5.954656
               1	              35	       +2.649881	       +6.993461	     -331.609837	     +347.451293	       -6.129214	       +0.000000	       -2.908632	      +69.428656	       -1.435354	       -0.000001	       +6.803609	       +5.953601
               1	              36	       +2.893228	       +7.236809	     -306.248823	     +320.415278	       -5.592306	       +0.000000	       -2.655762	    +9729.660944	       -1.435787	       -0.000001	       +5.918386	       +5.349184
               1	              37	       +2.893228	       +7.236809	     -306.248827	     +320.415278	       -5.592306	       +0.000000	       -2.656171	    +9576.637117	       -1.435787	       -0.000001	       +5.917974	       +5.348448
               1	              38	       +3.304597	       +7.648178	     -317.505181	     +332.474069	       -6.237752	       +0.000000	       -3.195381	     -498.563393	       -1.435718	       -0.000001	       +5.535754	       +5.050215
               1	              39	       +3.304598	       +7.648178	     -317.505227	     +332.474069	       -6.237752	       +0.000000	       -3.195662	     -668.824103	       -1.435718	       -0.000001	       +5.535427	       +5.050099
               1	              40	       +5.155271	       +9.498851	     -198.008805	     +213.662873	       -4.762370	       +0.000000	       -3.245128	     -421.242724	       -1.435335	       -0.000001	       +7.646571	       +7.099421
               1	              41	       +5.155271	       +9.498851	     -198.008784	     +213.662873	       -4.762370	       +0.000000	       -3.246723	     -479.783770	       -1.435335	       -0.000001	       +7.644997	       +7.097982
               1	              42	       +5.593535	       +9.937116	     -276.755986	     +295.503460	       -5.897436	       +0.000000	       -3.438680	    -4269.008783	       -1.435527	       -0.000001	       +9.411359	       +8.804918
               1	              43	       +5.593536	       +9.937116	     -276.755960	     +295.503460	       -5.897436	       +0.000000	       -3.438846	    -3566.060199	       -1.435527	       -0.000001	       +9.411218	       +8.806467
               1	              44	       +7.168539	      +11.512120	     -355.897112	     +376.443435	       -6.065668	       +0.000000	       -3.059023	    -7583.198439	       -1.295582	       -0.000001	      +11.421632	      +11.421632
               1	              45	       +7.168540	      +11.512120	     -355.897199	     +376.443435	       -6.065668	       +0.000000	       -3.063354	    -8557.679073	       -1.295582	       -0.000001	      +11.417215	      +11.417215

k-point 2:
               2	               0	      -65.392797	      -61.049216	     -633.749367	     +593.496871	      -40.065425	       -3.563713	       +4.003674	    -3100.616451	       +0.309234	       +0.000000	      -76.314247	      -76.314247
               2	               1	      -65.392797	      -61.049216	     -633.749367	     +593.496871	      -40.065425	       -3.563713	       +4.005111	    -3091.397203	       +0.309234	       +0.000000	      -76.312811	      -76.312811
               2	               2	      -42.080405	      -37.736824	     -603.472685	     +585.451049	      -34.022431	       -3.563713	       +3.834497	   +14702.087746	       +0.481883	       +0.000000	      -48.209570	      -48.209570
               2	               3	      -42.080405	      -37.736824	     -603.472685	     +585.451049	      -34.022431	       -3.563713	       +3.834721	   +10830.546251	       +0.481883	       +0.000000	      -48.209347	      -48.209347
               2	               4	      -39.576632	      -35.233051	     -596.501339	     +579.705780	      -33.313869	       -3.563713	       +3.946436	    +4316.741283	       +0.512621	       +0.000000	      -46.162991	      -46.162991
               2	               5	      -39.576632	      -35.233051	     -596.501335	     +579.705780	      -33.313869	       -3.563713	       +3.943870	    +3704.740043	       +0.512621	       +0.000000	      -46.165554	      -46.165554
               2	               6	      -39.426545	      -35.082965	     -600.838783	     +585.118514	      -33.361330	       -3.563713	       +3.941930	    +3949.257430	       +0.514589	       +0.000000	      -45.139669	      -45.139669
               2	               7	      -39.426545	      -35.082965	     -600.838787	     +585.118514	      -33.361330	       -3.563713	       +3.938964	     +841.543903	       +0.514589	       +0.000000	      -45.142639	      -45.142639
               2	               8	      -18.084493	      -13.740912	     -387.755495	     +384.409955	      -22.415377	       -3.563713	       +6.593165	   +10976.997832	       +1.132987	       +0.000001	      -19.167752	      -19.167752
               2	               9	      -18.084493	      -13.740912	     -387.755496	     +384.409955	      -22.415377	       -3.563713	       +6.592149	   +10797.219979	       +1.132987	       +0.000001	      -19.168769	      -19.168769
               2	              10	      -17.638782	      -13.295202	     -371.715016	     +368.502513	      -22.366934	       -3.563713	       +6.723819	   +11931.016020	       +1.162154	       +0.000001	      -18.855618	      -18.855618
               2	              11	      -17.638782	      -13.295202	     -371.715016	     +368.502513	      -22.366934	       -3.563713	       +6.725146	   +11916.437070	       +1.162154	       +0.000001	      -18.854291	      -18.854291
               2	              12	      -10.524665	       -6.181085	     -417.797231	     +421.259134	      -18.329902	       -3.563713	       +4.755577	    -1243.618094	       +1.435757	       +0.000001	      -10.112422	      -10.230414
               2	              13	      -10.524665	       -6.181085	     -417.797237	     +421.259134	      -18.329902	       -3.563713	       +4.755359	    -1380.217587	       +1.435757	       +0.000001	      -10.112647	      -10.230571
               2	              14	       -9.566582	       -5.223002	     -378.705674	     +383.483582	      -17.791066	       -3.563713	       +4.145072	    +4298.474433	       +1.435784	       +0.000001	       -8.868087	       -9.053912
               2	              15	       -9.566582	       -5.223002	     -378.705677	     +383.483582	      -17.791066	       -3.563713	       +4.144784	    +4342.268239	       +1.435784	       +0.000001	       -8.868377	       -9.054103
               2	              16	       -9.176330	       -4.832749	     -371.675651	     +376.421021	      -17.692398	       -3.563713	       +4.244896	     +581.967709	       +1.435733	       +0.000001	       -8.702132	       -8.828266
               2	              17	       -9.176330	       -4.832749	     -371.675649	     +376.421021	      -17.692398	       -3.563713	       +4.244540	     +343.029710	       +1.435733	       +0.000001	       -8.702486	       -8.828532
               2	              18	       -8.120290	       -3.776710	     -440.824745	     +448.092825	      -18.832721	       -3.563713	       +3.719270	     +976.823043	       +1.435781	       +0.000001	       -7.845371	       -7.915358
               2	              19	       -8.120290	       -3.776709	     -440.824755	     +448.092825	      -18.832721	       -3.563713	       +3.718839	     +549.193966	       +1.435781	       +0.000001	       -7.845812	       -7.915678
               2	              20	       -7.044058	       -2.700477	     -314.721589	     +321.780500	      -17.139885	       -3.563713	       +3.633411	    -3219.146965	       +1.435773	       +0.000001	       -6.447563	       -6.592512
               2	              21	       -7.044058	       -2.700477	     -314.721600	     +321.780500	      -17.139885	       -3.563713	       +3.633586	    -3302.473087	       +1.435773	       +0.000001	       -6.447399	       -6.592382
               2	              22	       -6.595082	       -2.251502	     -417.091142	     +426.154346	      -17.899150	       -3.563713	       +3.348805	     -771.395014	       +1.435788	       +0.000001	       -5.487141	       -5.754404
               2	              23	       -6.595079	       -2.251499	     -417.090837	     +426.154346	      -17.899150	       -3.563713	       +3.347633	    -5037.392610	       +1.435788	       +0.000001	       -5.488008	       -5.755018
               2	              24	       -6.289900	       -1.946319	     -453.898437	     +462.200868	      -17.455276	       -3.563713	       +2.715861	    +1101.263465	       +1.435501	       +0.000001	       -6.436984	       -6.400773
               2	              25	       -6.289896	       -1.946316	     -453.898116	     +462.200868	      -17.455276	       -3.563713	       +2.714170	    -3466.593145	       +1.435501	       +0.000001	       -6.438354	       -6.401821
               2	              26	       -3.056465	       +1.287115	     -471.082876	     +485.434094	      -12.327986	       +0.000000	       -2.223722	    +5130.506966	       -1.435775	       -0.000001	       -0.200490	       -0.911332
               2	              27	       -3.056463	       +1.287117	     -471.083409	     +485.434094	      -12.327986	       +0.000000	       -2.222616	   +15440.203184	       -1.435775	       -0.000001	       -0.199917	       -0.910794
               2	              28	       -2.954589	       +1.388992	     -443.853367	     +457.946746	      -11.733884	       +0.000000	       -2.356486	     -606.837218	       -1.435640	       -0.000001	       +0.003009	       -0.728895
               2	              29	       -2.954586	       +1.388994	     -443.853896	     +457.946746	      -11.733884	       +0.000000	       -2.356061	    +9807.795879	       -1.435640	       -0.000001	       +0.002905	       -0.728875
               2	              30	       -1.863615	       +2.479965	     -423.441397	     +438.039399	      -10.671136	       +0.000000	       -2.711418	    -9896.657870	       -1.435399	       -0.000001	       +1.215447	       +0.501120
               2	              31	       -1.863615	       +2.479966	     -423.441432	     +438.039399	      -10.671136	       +0.000000	       -2.712399	   -12651.166532	       -1.435399	       -0.000001	       +1.214431	       +0.500178
               2	              32	       -1.263892	       +3.079689	     -409.709458	     +425.070807	      -11.291394	       +0.000000	       -2.606970	    -1150.097939	       -1.435582	       -0.000001	       +1.462985	       +0.792239
               2	              33	       -1.263891	       +3.079689	     -409.709490	     +425.070807	      -11.291394	       +0.000000	       -2.607984	    -3295.749323	       -1.435582	       -0.000001	       +1.461938	       +0.791215
               2	              34	       +2.649881	       +6.993461	     -331.609799	     +347.451293	       -6.129214	       +0.000000	       -2.908595	       -8.585518	       -1.435354	       -0.000001	       +6.803685	       +5.954656
               2	              35	       +2.649881	       +6.993461	     -331.609837	     +347.451293	       -6.129214	       +0.000000	       -2.908632	      +69.428658	       -1.435354	       -0.000001	       +6.803609	       +5.953601
               2	              36	       +2.893228	       +7.236809	     -306.248823	     +320.415278	       -5.592306	       +0.000000	       -2.655762	    +9729.660945	       -1.435787	       -0.000001	       +5.918386	       +5.349184
               2	              37	       +2.893228	       +7.236809	     -306.248827	     +320.415278	       -5.592306	       +0.000000	       -2.656171	    +9576.637125	       -1.435787	       -0.000001	       +5.917974	       +5.348448
               2	              38	       +3.304597	       +7.648178	     -317.505181	     +332.474069	       -6.237752	       +0.000000	       -3.195381	     -498.563390	       -1.435718	       -0.000001	       +5.535754	       +5.050215
               2	              39	       +3.304598	       +7.648178	     -317.505227	     +332.474069	       -6.237752	       +0.000000	       -3.195662	     -668.824094	       -1.435718	       -0.000001	       +5.535427	       +5.050099
               2	              40	       +5.155271	       +9.498851	     -198.008805	     +213.662873	       -4.762370	       +0.000000	       -3.245128	     -421.242722	       -1.435335	       -0.000001	       +7.646571	       +7.099421
               2	              41	       +5.155271	       +9.498851	     -198.008784	     +213.662873	       -4.762370	       +0.000000	       -3.246723	     -479.783772	       -1.435335	       -0.000001	       +7.644997	       +7.097982
               2	              42	       +5.593535	       +9.937116	     -276.755986	     +295.503460	       -5.897436	       +0.000000	       -3.438680	    -4269.008782	       -1.435527	       -0.000001	       +9.411359	       +8.804918
               2	              43	       +5.593536	       +9.937116	     -276.755960	     +295.503460	       -5.897436	       +0.000000	       -3.438846	    -3566.060195	       -1.435527	       -0.000001	       +9.411218	       +8.806467
               2	              44	       +7.168539	      +11.512120	     -355.897112	     +376.443435	       -6.065668	       +0.000000	       -3.059023	    -7583.198438	       -1.295582	       -0.000001	      +11.421632	      +11.421632
               2	              45	       +7.168540	      +11.512120	     -355.897199	     +376.443435	       -6.065668	       +0.000000	       -3.063354	    -8557.679074	       -1.295582	       -0.000001	      +11.417215	      +11.417215

k-point 3:
               3	               0	      -65.392797	      -61.049216	     -633.749367	     +593.597670	      -40.082688	       -3.563713	       +4.000087	    -3851.035277	       +0.309234	       +0.000000	      -76.234298	      -76.234298
               3	               1	      -65.392797	      -61.049216	     -633.749367	     +593.597670	      -40.082688	       -3.563713	       +4.001513	    -3826.925604	       +0.309234	       +0.000000	      -76.232872	      -76.232872
               3	               2	      -42.080405	      -37.736824	     -603.472684	     +585.511367	      -34.025277	       -3.563713	       +3.812891	   +16442.363875	       +0.481883	       +0.000000	      -48.173703	      -48.173703
               3	               3	      -42.080405	      -37.736824	     -603.472684	     +585.511367	      -34.025277	       -3.563713	       +3.823461	   +10431.224322	       +0.481883	       +0.000000	      -48.163132	      -48.163132
               3	               4	      -39.576632	      -35.233051	     -596.501331	     +579.634695	      -33.314100	       -3.563713	       +3.946779	    +9128.265757	       +0.512621	       +0.000000	      -46.233957	      -46.233957
               3	               5	      -39.576632	      -35.233051	     -596.501331	     +579.634695	      -33.314100	       -3.563713	       +3.944051	    +8378.870630	       +0.512621	       +0.000000	      -46.236685	      -46.236685
               3	               6	      -39.426544	      -35.082964	     -600.838794	     +585.395875	      -33.369578	       -3.563713	       +3.903916	    +2887.357653	       +0.514589	       +0.000000	      -44.908581	      -44.908581
               3	               7	      -39.426544	      -35.082964	     -600.838795	     +585.395875	      -33.369578	       -3.563713	       +3.908169	    -1787.796538	       +0.514589	       +0.000000	      -44.904328	      -44.904328
               3	               8	      -18.084495	      -13.740915	     -387.755481	     +384.499835	      -22.395217	       -3.563713	       +6.576409	    +2522.255990	       +1.132987	       +0.000001	      -19.074454	      -19.074454
               3	               9	      -18.084495	      -13.740914	     -387.755480	     +384.499835	      -22.395217	       -3.563713	       +6.575969	    +2606.883539	       +1.132987	       +0.000001	      -19.074894	      -19.074894
               3	              10	      -17.638785	      -13.295204	     -371.715002	     +368.676526	      -22.347133	       -3.563713	       +6.724973	    +5441.504604	       +1.162154	       +0.000001	      -18.660635	      -18.660635
               3	              11	      -17.638785	      -13.295204	     -371.715002	     +368.676526	      -22.347133	       -3.563713	       +6.724696	    +5304.664986	       +1.162154	       +0.000001	      -18.660912	      -18.660912
               3	              12	      -10.524665	       -6.181085	     -417.797220	     +421.522369	      -18.364186	       -3.563713	       +4.760295	    +3439.023343	       +1.435757	       +0.000001	       -9.878742	      -10.062124
               3	              13	      -10.524665	       -6.181085	     -417.797225	     +421.522369	      -18.364186	       -3.563713	       +4.760496	    +3269.219520	       +1.435757	       +0.000001	       -9.878546	      -10.062218
               3	              14	       -9.566583	       -5.223003	     -378.705633	     +383.248846	      -17.840805	       -3.563713	       +4.168820	    -4961.876572	       +1.435784	       +0.000001	       -9.128772	       -9.245480
               3	              15	       -9.566583	       -5.223003	     -378.705638	     +383.248846	      -17.840805	       -3.563713	       +4.168684	    -5051.642426	       +1.435784	       +0.000001	       -9.128913	       -9.245602
               3	              16	       -9.176334	       -4.832753	     -371.675790	     +376.376198	      -17.706343	       -3.563713	       +4.253510	    -2124.161634	       +1.435733	       +0.000001	       -8.752424	       -8.864746
               3	              17	       -9.176334	       -4.832753	     -371.675785	     +376.376198	      -17.706343	       -3.563713	       +4.253055	    -1729.338305	       +1.435733	       +0.000001	       -8.752875	       -8.865000
               3	              18	       -8.120282	       -3.776701	     -440.824827	     +447.911542	      -18.846013	       -3.563713	       +3.716936	    -2583.667786	       +1.435781	       +0.000001	       -8.042363	       -8.062213
               3	              19	       -8.120282	       -3.776701	     -440.824839	     +447.911542	      -18.846013	       -3.563713	       +3.717208	    -2810.030578	       +1.435781	       +0.000001	       -8.042102	       -8.062025
               3	              20	       -7.044059	       -2.700479	     -314.721571	     +321.740548	      -17.124405	       -3.563713	       +3.623381	     -823.543395	       +1.435773	       +0.000001	       -6.482047	       -6.618491
               3	              21	       -7.044059	       -2.700479	     -314.721562	     +321.740548	      -17.124405	       -3.563713	       +3.622520	     -709.889433	       +1.435773	       +0.000001	       -6.482899	       -6.619123
               3	              22	       -6.595074	       -2.251494	     -417.091320	     +425.438029	      -17.897257	       -3.563713	       +3.326936	     -450.600819	       +1.435788	       +0.000001	       -6.223612	       -6.313460
               3	              23	       -6.595073	       -2.251492	     -417.091165	     +425.438029	      -17.897257	       -3.563713	       +3.326126	    -1414.807813	       +1.435788	       +0.000001	       -6.224267	       -6.313959
               3	              24	       -6.289901	       -1.946321	     -453.898174	     +462.914569	      -17.486206	       -3.563713	       +2.729689	    -3723.659921	       +1.435501	       +0.000001	       -5.740122	       -5.875218
               3	              25	       -6.289899	       -1.946319	     -453.898015	     +462.914569	      -17.486206	       -3.563713	       +2.728204	    -5314.974484	       +1.435501	       +0.000001	       -5.741448	       -5.876202
               3	              26	       -3.056462	       +1.287119	     -471.082314	     +484.853679	      -12.348120	       +0.000000	       -2.231859	    -4583.552438	       -1.435775	       -0.000001	       -0.808614	       -1.369636
               3	              27	       -3.056461	       +1.287120	     -471.082659	     +484.853679	      -12.348120	       +0.000000	       -2.230270	   +13137.343130	       -1.435775	       -0.000001	       -0.807371	       -1.369285
               3	              28	       -2.954589	       +1.388992	     -443.854064	     +458.178057	      -11.745279	       +0.000000	       -2.366845	    -6443.072807	       -1.435640	       -0.000001	       +0.211869	       -0.574538
               3	              29	       -2.954587	       +1.388993	     -443.854414	     +458.178057	      -11.745279	       +0.000000	       -2.365687	   +11423.939992	       -1.435640	       -0.000001	       +0.212677	       -0.574688
               3	              30	       -1.863615	       +2.479966	     -423.441487	     +437.469998	      -10.671935	       +0.000000	       -2.709218	    +8821.329455	       -1.435399	       -0.000001	       +0.647359	       +0.065467
               3	              31	       -1.863614	       +2.479967	     -423.441516	     +437.469998	      -10.671935	       +0.000000	       -2.709757	    +8611.776002	       -1.435399	       -0.000001	       +0.646791	       +0.064958
               3	              32	       -1.263889	       +3.079692	     -409.709444	     +425.108678	      -11.352292	       +0.000000	       -2.616649	    +2330.814161	       -1.435582	       -0.000001	       +1.430292	       +0.764016
               3	              33	       -1.263888	       +3.079692	     -409.709472	     +425.108678	      -11.352292	       +0.000000	       -2.616729	    +2189.408762	       -1.435582	       -0.000001	       +1.430185	       +0.764177
               3	              34	       +2.649881	       +6.993461	     -331.610148	     +347.086650	       -6.152187	       +0.000000	       -2.911784	    -5674.615732	       -1.435354	       -0.000001	       +6.412532	       +5.634053
               3	              35	       +2.649881	       +6.993462	     -331.610187	     +347.086650	       -6.152187	       +0.000000	       -2.912116	    -5460.221048	       -1.435354	       -0.000001	       +6.412161	       +5.634013
               3	              36	       +2.893231	       +7.236811	     -306.248690	     +320.114008	       -5.599472	       +0.000000	       -2.651352	    -1172.461607	       -1.435787	       -0.000001	       +5.614495	       +5.097160
               3	              37	       +2.893231	       +7.236811	     -306.248693	     +320.114008	       -5.599472	       +0.000000	       -2.651471	    -1128.620057	       -1.435787	       -0.000001	       +5.614371	       +5.097097
               3	              38	       +3.304595	       +7.648176	     -317.504813	     +332.183063	       -6.244516	       +0.000000	       -3.163604	    -2419.815201	       -1.435718	       -0.000001	       +5.270131	       +4.842174
               3	              39	       +3.304596	       +7.648177	     -317.504858	     +332.183063	       -6.244516	       +0.000000	       -3.163919	    -2583.771778	       -1.435718	       -0.000001	       +5.269770	       +4.841330
               3	              40	       +5.155271	       +9.498851	     -198.009053	     +215.648340	       -4.764072	       +0.000000	       -3.195332	    -8856.148419	       -1.435335	       -0.000001	       +9.679883	       +8.718900
               3	              41	       +5.155271	       +9.498851	     -198.009034	     +215.648340	       -4.764072	       +0.000000	       -3.195712	    -8861.436233	       -1.435335	       -0.000001	       +9.679521	       +8.719673
               3	              42	       +5.593533	       +9.937113	     -276.756130	     +296.013142	       -5.887108	       +0.000000	       -3.405453	    +1274.176950	       -1.435527	       -0.000001	       +9.964451	       +9.288724
               3	              43	       +5.593533	       +9.937114	     -276.756108	     +296.013142	       -5.887108	       +0.000000	       -3.406850	     +866.212904	       -1.435527	       -0.000001	       +9.963075	       +9.289570
               3	              44	       +7.168550	      +11.512130	     -355.897073	     +377.892374	       -6.115815	       +0.000000	       -3.075916	    -4814.530501	       -1.295581	       -0.000001	      +12.803571	      +12.803571
               3	              45	       +7.168550	      +11.512130	     -355.897179	     +377.892374	       -6.115815	       +0.000000	       -3.077030	    -5166.960551	       -1.295581	       -0.000001	      +12.802350	      +12.802350

k-point 4:
               4	               0	      -65.289461	      -60.945880	     -633.619886	     +593.796976	      -40.082683	       -3.563713	       +4.009193	    -6756.149262	       +0.309726	       +0.000000	      -75.896400	      -75.896400
               4	               1	      -65.289456	      -60.945876	     -633.619926	     +593.796976	      -40.082683	       -3.563713	       +4.012085	    -6704.790697	       +0.309726	       +0.000000	      -75.893548	      -75.893548
               4	               2	      -42.122163	      -37.778583	     -603.516515	     +585.475793	      -33.997453	       -3.563713	       +3.837655	    +9021.075124	       +0.481401	       +0.000000	      -48.200519	      -48.200519
               4	               3	      -42.099979	      -37.756398	     -603.618857	     +585.479767	      -34.044231	       -3.563713	       +3.871622	   +32894.186744	       +0.481657	       +0.000000	      -48.311700	      -48.311700
               4	               4	      -39.582216	      -35.238636	     -602.486754	     +586.394162	      -33.308748	       -3.563713	       +3.991695	    -1006.405733	       +0.512548	       +0.000000	      -45.409644	      -45.409644
               4	               5	      -39.538367	      -35.194786	     -593.861666	     +577.307195	      -33.294674	       -3.563713	       +3.913156	    +3399.948833	       +0.513121	       +0.000000	      -45.935989	      -45.935989
               4	               6	      -39.534506	      -35.190925	     -602.918316	     +586.630716	      -33.382328	       -3.563713	       +4.029666	   +35260.769376	       +0.513172	       +0.000000	      -45.640262	      -45.640262
               4	               7	      -39.522505	      -35.178924	     -594.089378	     +577.468889	      -33.319594	       -3.563713	       +3.930117	   +14798.670606	       +0.513329	       +0.000000	      -46.009965	      -46.009965
               4	               8	      -17.273677	      -12.930096	     -391.233977	     +389.109038	      -22.528277	       -3.563713	       +6.656121	   +10244.811206	       +1.187189	       +0.000001	      -17.997095	      -17.997095
               4	               9	      -17.230830	      -12.887250	     -380.910609	     +377.937949	      -22.517854	       -3.563713	       +6.808301	   +16938.299400	       +1.190198	       +0.000001	      -18.682213	      -18.682213
               4	              10	      -17.227364	      -12.883784	     -380.742951	     +377.768950	      -22.514636	       -3.563713	       +6.809498	   +16880.648686	       +1.190442	       +0.000001	      -18.679140	      -18.679140
               4	              11	      -17.210674	      -12.867094	     -390.127160	     +388.132220	      -22.548531	       -3.563713	       +6.665243	    +9790.658374	       +1.191618	       +0.000001	      -17.878227	      -17.878227
               4	              12	      -10.760539	       -6.416958	     -417.636630	     +420.599762	      -18.554567	       -3.563713	       +4.722980	    +2520.386076	       +1.435578	       +0.000001	      -10.868455	      -10.837608
               4	              13	      -10.751426	       -6.407846	     -418.957602	     +422.010167	      -18.560710	       -3.563713	       +4.708106	    +2805.875125	       +1.435600	       +0.000001	      -10.800039	      -10.786157
               4	              14	       -9.925139	       -5.581559	     -379.195521	     +382.487736	      -17.952653	       -3.563713	       +4.624988	    +6843.616163	       +1.435587	       +0.000001	      -10.035450	      -10.005195
               4	              15	       -9.889646	       -5.546065	     -379.427884	     +382.807831	      -17.918352	       -3.563713	       +4.605082	    +6952.030482	       +1.435488	       +0.000001	       -9.933323	       -9.921364
               4	              16	       -9.441757	       -5.098177	     -392.062324	     +395.635475	      -16.661225	       -3.563713	       +3.865159	    +5562.110008	       +1.435626	       +0.000001	       -9.222916	       -9.278648
               4	              17	       -9.382374	       -5.038793	     -390.160319	     +393.872663	      -16.726137	       -3.563713	       +3.872160	    +4795.693453	       +1.435466	       +0.000001	       -9.141632	       -9.202964
               4	              18	       -8.864993	       -4.521412	     -365.619050	     +371.453792	      -18.356934	       -3.563713	       +4.254757	    -5650.717492	       +1.435409	       +0.000001	       -8.267435	       -8.427697
               4	              19	       -8.839967	       -4.496386	     -368.789025	     +374.717432	      -18.437451	       -3.563713	       +4.257483	    -6861.808030	       +1.435344	       +0.000001	       -8.251562	       -8.409202
               4	              20	       -8.314099	       -3.970519	     -343.207733	     +348.410843	      -16.935204	       -3.563713	       +3.832355	    -3181.856505	       +1.435429	       +0.000001	       -7.899739	       -8.001461
               4	              21	       -8.264529	       -3.920949	     -343.040753	     +348.380173	      -16.863483	       -3.563713	       +3.792292	    -3119.878107	       +1.435568	       +0.000001	       -7.731771	       -7.862090
               4	              22	       -7.587982	       -3.244401	     -338.002543	     +345.676371	      -18.252876	       -3.563713	       +3.783037	    +1942.402313	       +1.435788	       +0.000001	       -6.796012	       -6.999397
               4	              23	       -7.566418	       -3.222838	     -337.111910	     +344.755365	      -18.206947	       -3.563713	       +3.766326	    +1918.848130	       +1.435784	       +0.000001	       -6.797166	       -6.994411
               4	              24	       -5.326194	       -0.982614	     -495.154499	     +505.930961	      -18.116928	       -3.563713	       +2.353799	   -15757.697576	       +1.435390	       +0.000001	       -4.986667	       -5.071164
               4	              25	       -5.193615	       -0.850034	     -492.750208	     +503.534248	      -17.862749	       -3.563713	       +2.250408	   -14715.213155	       +1.435709	       +0.000001	       -4.828301	       -4.918597
               4	              26	       -3.493546	       +0.850034	     -513.244873	     +526.820992	      -12.694205	       +0.000000	       -2.322945	    +9041.167295	       -1.435709	       -0.000001	       -1.441031	       -1.962761
               4	              27	       -3.489961	       +0.853619	     -512.713604	     +526.287272	      -12.662660	       +0.000000	       -2.342912	    +8600.601782	       -1.435704	       -0.000001	       -1.431903	       -1.954901
               4	              28	       -2.349114	       +1.994466	     -390.555489	     +404.100163	      -10.506211	       +0.000000	       -2.536273	    -3179.904624	       -1.435350	       -0.000001	       +0.502189	       -0.164846
               4	              29	       -2.318861	       +2.024720	     -390.912256	     +404.373753	      -10.510277	       +0.000000	       -2.538814	    -3180.069136	       -1.435420	       -0.000001	       +0.412405	       -0.226722
               4	              30	       -1.737564	       +2.606016	     -463.487937	     +480.929407	      -12.304981	       +0.000000	       -2.644573	    -9110.665541	       -1.435643	       -0.000001	       +2.491916	       +1.409766
               4	              31	       -1.607455	       +2.736125	     -465.382506	     +483.016979	      -12.166000	       +0.000000	       -2.736612	    -7606.185646	       -1.435787	       -0.000001	       +2.731860	       +1.617678
               4	              32	       -0.396867	       +3.946713	     -465.251277	     +483.799828	      -11.707741	       +0.000000	       -3.291433	    -6194.607953	       -1.435500	       -0.000001	       +3.549377	       +2.546679
               4	              33	       -0.320176	       +4.023404	     -465.834626	     +484.445713	      -11.650862	       +0.000000	       -3.327807	    -5947.663867	       -1.435415	       -0.000001	       +3.632418	       +2.626562
               4	              34	       +2.059712	       +6.403293	     -360.757957	     +374.631351	       -7.029830	       +0.000000	       -3.090387	    -3412.658012	       -1.435610	       -0.000001	       +3.753177	       +3.390082
               4	              35	       +2.197665	       +6.541246	     -358.202873	     +372.287131	       -6.982283	       +0.000000	       -3.083717	    -3596.737263	       -1.435474	       -0.000001	       +4.018259	       +3.628791
               4	              36	       +2.544441	       +6.888021	     -286.613473	     +300.427350	       -5.585766	       +0.000000	       -2.993656	    +5722.660776	       -1.435642	       -0.000001	       +5.234455	       +4.683836
               4	              37	       +2.547607	       +6.891188	     -286.069988	     +299.960337	       -5.572099	       +0.000000	       -2.981820	    +5747.143820	       -1.435636	       -0.000001	       +5.336430	       +4.766552
               4	              38	       +4.779963	       +9.123543	     -218.949361	     +233.405408	       -4.282502	       +0.000000	       -2.800444	     -869.445702	       -1.435677	       -0.000001	       +7.373100	       +6.881364
               4	              39	       +4.790013	       +9.133594	     -218.945757	     +233.319162	       -4.282846	       +0.000000	       -2.787894	     -790.256888	       -1.435695	       -0.000001	       +7.302666	       +6.826766
               4	              40	       +5.792460	      +10.136041	     -332.524273	     +349.118974	       -6.248893	       +0.000000	       -3.007656	   -12856.937093	       -1.421536	       -0.000001	       +7.338152	       +7.191824
               4	              41	       +5.847473	      +10.191054	     -330.818938	     +346.940870	       -6.253205	       +0.000000	       -2.974943	   -12258.020974	       -1.416032	       -0.000001	       +6.893784	       +6.809652
               4	              42	       +6.356890	      +10.700471	     -357.730568	     +377.459390	       -5.792906	       +0.000000	       -2.446416	    -8095.407599	       -1.367024	       -0.000001	      +11.489500	      +11.489500
               4	              43	       +6.375933	      +10.719514	     -358.615709	     +378.553693	       -5.805610	       +0.000000	       -2.440271	    -8402.603275	       -1.365258	       -0.000001	      +11.692102	      +11.692102
               4	              44	       +7.147368	      +11.490948	     -197.010686	     +210.432669	       -4.579116	       +0.000000	       -3.174294	   -11050.576854	       -1.297350	       -0.000001	       +5.668574	       +5.668574
               4	              45	       +7.164537	      +11.508117	     -197.475600	     +210.996766	       -4.574418	       +0.000000	       -3.176349	   -11409.602547	       -1.295916	       -0.000001	       +5.770400	       +5.770400

k-point 5:
               5	               0	      -65.392797	      -61.049216	     -633.749368	     +593.547184	      -40.079140	       -3.563713	       +4.011454	    -8623.744973	       +0.309234	       +0.000000	      -76.269869	      -76.269869
               5	               1	      -65.392797	      -61.049216	     -633.749368	     +593.547184	      -40.079140	       -3.563713	       +4.015159	    -8611.516960	       +0.309234	       +0.000000	      -76.266164	      -76.266164
               5	               2	      -42.080405	      -37.736824	     -603.472686	     +585.485916	      -34.026019	       -3.563713	       +3.819467	   +13935.612057	       +0.481883	       +0.000000	      -48.193321	      -48.193321
               5	               3	      -42.080405	      -37.736824	     -603.472686	     +585.485916	      -34.026019	       -3.563713	       +3.820435	   +21506.871470	       +0.481883	       +0.000000	      -48.192354	      -48.192354
               5	               4	      -39.576631	      -35.233051	     -596.501331	     +580.225436	      -33.329521	       -3.563713	       +3.951550	    +9444.487385	       +0.512621	       +0.000000	      -45.653867	      -45.653867
               5	               5	      -39.576631	      -35.233051	     -596.501328	     +580.225436	      -33.329521	       -3.563713	       +3.951577	   +10624.621439	       +0.512621	       +0.000000	      -45.653837	      -45.653837
               5	               6	      -39.426546	      -35.082966	     -600.838790	     +584.620556	      -33.353023	       -3.563713	       +3.900470	    +7154.184124	       +0.514589	       +0.000000	      -45.670787	      -45.670787
               5	               7	      -39.426546	      -35.082966	     -600.838793	     +584.620556	      -33.353023	       -3.563713	       +3.898318	   +13239.360259	       +0.514589	       +0.000000	      -45.672942	      -45.672942
               5	               8	      -18.084493	      -13.740913	     -387.755570	     +384.577380	      -22.419337	       -3.563713	       +6.588774	   +15826.674865	       +1.132987	       +0.000001	      -19.008753	      -19.008753
               5	               9	      -18.084493	      -13.740913	     -387.755569	     +384.577380	      -22.419337	       -3.563713	       +6.589106	   +15852.738068	       +1.132987	       +0.000001	      -19.008420	      -19.008420
               5	              10	      -17.638777	      -13.295196	     -371.714912	     +368.531767	      -22.364727	       -3.563713	       +6.733392	   +17023.735747	       +1.162154	       +0.000001	      -18.814479	      -18.814479
               5	              11	      -17.638777	      -13.295196	     -371.714912	     +368.531767	      -22.364727	       -3.563713	       +6.732790	   +16989.325887	       +1.162154	       +0.000001	      -18.815081	      -18.815081
               5	              12	      -10.524665	       -6.181084	     -417.797234	     +421.845952	      -18.347967	       -3.563713	       +4.755457	    -2498.630218	       +1.435757	       +0.000001	       -9.543792	       -9.823768
               5	              13	      -10.524665	       -6.181084	     -417.797232	     +421.845952	      -18.347967	       -3.563713	       +4.755754	    -3121.567466	       +1.435757	       +0.000001	       -9.543494	       -9.823823
               5	              14	       -9.566582	       -5.223001	     -378.705810	     +382.889548	      -17.835375	       -3.563713	       +4.170140	    -6932.521157	       +1.435784	       +0.000001	       -9.481498	       -9.504300
               5	              15	       -9.566581	       -5.223001	     -378.705812	     +382.889548	      -17.835375	       -3.563713	       +4.169796	    -7321.425559	       +1.435784	       +0.000001	       -9.481843	       -9.504552
               5	              16	       -9.176332	       -4.832752	     -371.675852	     +376.239383	      -17.719645	       -3.563713	       +4.257130	    -8014.650697	       +1.435733	       +0.000001	       -8.898984	       -8.972855
               5	              17	       -9.176332	       -4.832752	     -371.675855	     +376.239383	      -17.719645	       -3.563713	       +4.257474	    -8337.266479	       +1.435733	       +0.000001	       -8.898643	       -8.972657
               5	              18	       -8.120308	       -3.776728	     -440.824812	     +447.926736	      -18.865422	       -3.563713	       +3.725415	   +15041.553862	       +1.435781	       +0.000001	       -8.038083	       -8.059043
               5	              19	       -8.120308	       -3.776728	     -440.824811	     +447.926736	      -18.865422	       -3.563713	       +3.725408	   +15513.285036	       +1.435781	       +0.000001	       -8.038089	       -8.059044
               5	              20	       -7.044052	       -2.700472	     -314.721623	     +321.551070	      -17.110769	       -3.563713	       +3.622139	    -4754.870207	       +1.435773	       +0.000001	       -6.659183	       -6.752527
               5	              21	       -7.044052	       -2.700472	     -314.721626	     +321.551070	      -17.110769	       -3.563713	       +3.621488	    -4760.148153	       +1.435773	       +0.000001	       -6.659837	       -6.753013
               5	              22	       -6.595087	       -2.251506	     -417.090723	     +425.342678	      -17.900515	       -3.563713	       +3.340097	    -7110.040819	       +1.435788	       +0.000001	       -6.308463	       -6.377581
               5	              23	       -6.595085	       -2.251505	     -417.090573	     +425.342678	      -17.900515	       -3.563713	       +3.339926	   -10102.333921	       +1.435788	       +0.000001	       -6.308484	       -6.377621
               5	              24	       -6.289884	       -1.946304	     -453.898047	     +462.386116	      -17.452172	       -3.563713	       +2.712530	    +5433.666336	       +1.435501	       +0.000001	       -6.251573	       -6.260987
               5	              25	       -6.289883	       -1.946303	     -453.897884	     +462.386116	      -17.452172	       -3.563713	       +2.712052	     +791.130935	       +1.435501	       +0.000001	       -6.251889	       -6.261227
               5	              26	       -3.056468	       +1.287112	     -471.083276	     +485.342735	      -12.339345	       +0.000000	       -2.218078	    +6046.748912	       -1.435775	       -0.000001	       -0.297964	       -0.985782
               5	              27	       -3.056467	       +1.287113	     -471.083464	     +485.342735	      -12.339345	       +0.000000	       -2.221495	   +11416.529074	       -1.435775	       -0.000001	       -0.301568	       -0.988092
               5	              28	       -2.954590	       +1.388990	     -443.853313	     +457.726218	      -11.738552	       +0.000000	       -2.360813	    +6601.094556	       -1.435640	       -0.000001	       -0.226459	       -0.903669
               5	              29	       -2.954589	       +1.388991	     -443.853491	     +457.726218	      -11.738552	       +0.000000	       -2.364413	   +12112.352928	       -1.435640	       -0.000001	       -0.230238	       -0.906151
               5	              30	       -1.863630	       +2.479951	     -423.441519	     +438.392645	      -10.677892	       +0.000000	       -2.705713	    -1186.595259	       -1.435399	       -0.000001	       +1.567520	       +0.770104
               5	              31	       -1.863630	       +2.479951	     -423.441525	     +438.392645	      -10.677892	       +0.000000	       -2.706013	      +20.521330	       -1.435399	       -0.000001	       +1.567215	       +0.769821
               5	              32	       -1.263885	       +3.079695	     -409.709218	     +424.132030	      -11.318991	       +0.000000	       -2.616025	   -15562.780349	       -1.435582	       -0.000001	       +0.487796	       +0.057157
               5	              33	       -1.263885	       +3.079695	     -409.709224	     +424.132030	      -11.318991	       +0.000000	       -2.616585	   -14558.302213	       -1.435582	       -0.000001	       +0.487231	       +0.056644
               5	              34	       +2.649882	       +6.993462	     -331.610306	     +346.180763	       -6.132683	       +0.000000	       -2.907684	    -3650.166087	       -1.435354	       -0.000001	       +5.530091	       +4.931694
               5	              35	       +2.649882	       +6.993462	     -331.610305	     +346.180763	       -6.132683	       +0.000000	       -2.908284	    -3558.685688	       -1.435354	       -0.000001	       +5.529491	       +4.931300
               5	              36	       +2.893229	       +7.236810	     -306.248850	     +320.099278	       -5.605029	       +0.000000	       -2.663317	     -695.896294	       -1.435787	       -0.000001	       +5.582082	       +5.074526
               5	              37	       +2.893229	       +7.236810	     -306.248849	     +320.099278	       -5.605029	       +0.000000	       -2.662625	     -701.580460	       -1.435787	       -0.000001	       +5.582775	       +5.075142
               5	              38	       +3.304594	       +7.648174	     -317.505391	     +331.948542	       -6.235295	       +0.000000	       -3.182069	    -9852.422762	       -1.435718	       -0.000001	       +5.025788	       +4.656263
               5	              39	       +3.304594	       +7.648174	     -317.505389	     +331.948542	       -6.235295	       +0.000000	       -3.182886	    -9722.354373	       -1.435718	       -0.000001	       +5.024972	       +4.656027
               5	              40	       +5.155266	       +9.498846	     -198.008552	     +214.485225	       -4.765227	       +0.000000	       -3.242657	    +2181.606373	       -1.435335	       -0.000001	       +8.468789	       +7.749764
               5	              41	       +5.155266	       +9.498846	     -198.008550	     +214.485225	       -4.765227	       +0.000000	       -3.243109	    +2118.470458	       -1.435335	       -0.000001	       +8.468338	       +7.747705
               5	              42	       +5.593547	       +9.937127	     -276.755076	     +294.334743	       -5.899693	       +0.000000	       -3.451518	    -6251.956690	       -1.435527	       -0.000001	       +8.228455	       +7.830905
               5	              43	       +5.593547	       +9.937127	     -276.755072	     +294.334743	       -5.899693	       +0.000000	       -3.451018	    -6524.251461	       -1.435527	       -0.000001	       +8.228960	       +7.833336
               5	              44	       +7.168536	      +11.512117	     -355.897173	     +375.414262	       -6.092025	       +0.000000	       -3.078667	    -6356.076087	       -1.295582	       -0.000001	      +10.346396	      +10.346396
               5	              45	       +7.168536	      +11.512117	     -355.897153	     +375.414262	       -6.092025	       +0.000000	       -3.082748	    -7803.060021	       -1.295582	       -0.000001	      +10.342335	      +10.342335

k-point 6:
               6	               0	      -65.392797	      -61.049216	     -633.749367	     +593.597670	      -40.082688	       -3.563713	       +4.000087	    -3851.035276	       +0.309234	       +0.000000	      -76.234298	      -76.234298
               6	               1	      -65.392797	      -61.049216	     -633.749367	     +593.597670	      -40.082688	       -3.563713	       +4.001513	    -3826.925604	       +0.309234	       +0.000000	      -76.232872	      -76.232872
               6	               2	      -42.080405	      -37.736824	     -603.472684	     +585.511367	      -34.025277	       -3.563713	       +3.812891	   +16442.363879	       +0.481883	       +0.000000	      -48.173703	      -48.173703
               6	               3	      -42.080405	      -37.736824	     -603.472684	     +585.511367	      -34.025277	       -3.563713	       +3.823461	   +10431.224322	       +0.481883	       +0.000000	      -48.163132	      -48.163132
               6	               4	      -39.576632	      -35.233051	     -596.501331	     +579.634695	      -33.314100	       -3.563713	       +3.946779	    +9128.265760	       +0.512621	       +0.000000	      -46.233957	      -46.233957
               6	               5	      -39.576632	      -35.233051	     -596.501331	     +579.634695	      -33.314100	       -3.563713	       +3.944051	    +8378.870629	       +0.512621	       +0.000000	      -46.236685	      -46.236685
               6	               6	      -39.426544	      -35.082964	     -600.838794	     +585.395875	      -33.369578	       -3.563713	       +3.903916	    +2887.357650	       +0.514589	       +0.000000	      -44.908581	      -44.908581
               6	               7	      -39.426544	      -35.082964	     -600.838795	     +585.395875	      -33.369578	       -3.563713	       +3.908169	    -1787.796542	       +0.514589	       +0.000000	      -44.904328	      -44.904328
               6	               8	      -18.084495	      -13.740915	     -387.755481	     +384.499835	      -22.395217	       -3.563713	       +6.576409	    +2522.255989	       +1.132987	       +0.000001	      -19.074454	      -19.074454
               6	               9	      -18.084495	      -13.740914	     -387.755480	     +384.499835	      -22.395217	       -3.563713	       +6.575969	    +2606.883539	       +1.132987	       +0.000001	      -19.074894	      -19.074894
               6	              10	      -17.638785	      -13.295204	     -371.715002	     +368.676526	      -22.347133	       -3.563713	       +6.724973	    +5441.504605	       +1.162154	       +0.000001	      -18.660635	      -18.660635
               6	              11	      -17.638785	      -13.295204	     -371.715002	     +368.676526	      -22.347133	       -3.563713	       +6.724696	    +5304.664987	       +1.162154	       +0.000001	      -18.660912	      -18.660912
               6	              12	      -10.524665	       -6.181085	     -417.797220	     +421.522369	      -18.364186	       -3.563713	       +4.760295	    +3439.023344	       +1.435757	       +0.000001	       -9.878742	      -10.062124
               6	              13	      -10.524665	       -6.181085	     -417.797225	     +421.522369	      -18.364186	       -3.563713	       +4.760496	    +3269.219522	       +1.435757	       +0.000001	       -9.878546	      -10.062218
               6	              14	       -9.566583	       -5.223003	     -378.705633	     +383.248846	      -17.840805	       -3.563713	       +4.168820	    -4961.876573	       +1.435784	       +0.000001	       -9.128772	       -9.245480
               6	              15	       -9.566583	       -5.223003	     -378.705638	     +383.248846	      -17.840805	       -3.563713	       +4.168684	    -5051.642426	       +1.435784	       +0.000001	       -9.128913	       -9.245602
               6	              16	       -9.176334	       -4.832753	     -371.675790	     +376.376198	      -17.706343	       -3.563713	       +4.253510	    -2124.161634	       +1.435733	       +0.000001	       -8.752424	       -8.864746
               6	              17	       -9.176334	       -4.832753	     -371.675785	     +376.376198	      -17.706343	       -3.563713	       +4.253055	    -1729.338304	       +1.435733	       +0.000001	       -8.752875	       -8.865000
               6	              18	       -8.120282	       -3.776701	     -440.824827	     +447.911542	      -18.846013	       -3.563713	       +3.716936	    -2583.667786	       +1.435781	       +0.000001	       -8.042363	       -8.062213
               6	              19	       -8.120282	       -3.776701	     -440.824839	     +447.911542	      -18.846013	       -3.563713	       +3.717208	    -2810.030578	       +1.435781	       +0.000001	       -8.042102	       -8.062025
               6	              20	       -7.044059	       -2.700479	     -314.721571	     +321.740548	      -17.124405	       -3.563713	       +3.623381	     -823.543394	       +1.435773	       +0.000001	       -6.482047	       -6.618491
               6	              21	       -7.044059	       -2.700479	     -314.721562	     +321.740548	      -17.124405	       -3.563713	       +3.622520	     -709.889432	       +1.435773	       +0.000001	       -6.482899	       -6.619123
               6	              22	       -6.595074	       -2.251494	     -417.091320	     +425.438029	      -17.897257	       -3.563713	       +3.326936	     -450.600820	       +1.435788	       +0.000001	       -6.223612	       -6.313460
               6	              23	       -6.595073	       -2.251492	     -417.091165	     +425.438029	      -17.897257	       -3.563713	       +3.326126	    -1414.807815	       +1.435788	       +0.000001	       -6.224267	       -6.313959
               6	              24	       -6.289901	       -1.946321	     -453.898174	     +462.914569	      -17.486206	       -3.563713	       +2.729689	    -3723.659923	       +1.435501	       +0.000001	       -5.740122	       -5.875218
               6	              25	       -6.289899	       -1.946319	     -453.898015	     +462.914569	      -17.486206	       -3.563713	       +2.728204	    -5314.974486	       +1.435501	       +0.000001	       -5.741448	       -5.876202
               6	              26	       -3.056462	       +1.287119	     -471.082314	     +484.853679	      -12.348120	       +0.000000	       -2.231859	    -4583.552436	       -1.435775	       -0.000001	       -0.808614	       -1.369636
               6	              27	       -3.056461	       +1.287120	     -471.082659	     +484.853679	      -12.348120	       +0.000000	       -2.230270	   +13137.343126	       -1.435775	       -0.000001	       -0.807371	       -1.369285
               6	              28	       -2.954589	       +1.388992	     -443.854064	     +458.178057	      -11.745279	       +0.000000	       -2.366845	    -6443.072805	       -1.435640	       -0.000001	       +0.211869	       -0.574538
               6	              29	       -2.954587	       +1.388993	     -443.854414	     +458.178057	      -11.745279	       +0.000000	       -2.365687	   +11423.939995	       -1.435640	       -0.000001	       +0.212677	       -0.574688
               6	              30	       -1.863615	       +2.479966	     -423.441487	     +437.469998	      -10.671935	       +0.000000	       -2.709218	    +8821.329457	       -1.435399	       -0.000001	       +0.647359	       +0.065467
               6	              31	       -1.863614	       +2.479967	     -423.441516	     +437.469998	      -10.671935	       +0.000000	       -2.709757	    +8611.775999	       -1.435399	       -0.000001	       +0.646791	       +0.064958
               6	              32	       -1.263889	       +3.079692	     -409.709444	     +425.108678	      -11.352292	       +0.000000	       -2.616649	    +2330.814159	       -1.435582	       -0.000001	       +1.430292	       +0.764016
               6	              33	       -1.263888	       +3.079692	     -409.709472	     +425.108678	      -11.352292	       +0.000000	       -2.616729	    +2189.408763	       -1.435582	       -0.000001	       +1.430185	       +0.764177
               6	              34	       +2.649881	       +6.993461	     -331.610148	     +347.086650	       -6.152187	       +0.000000	       -2.911784	    -5674.615733	       -1.435354	       -0.000001	       +6.412532	       +5.634053
               6	              35	       +2.649881	       +6.993462	     -331.610187	     +347.086650	       -6.152187	       +0.000000	       -2.912116	    -5460.221045	       -1.435354	       -0.000001	       +6.412161	       +5.634013
               6	              36	       +2.893231	       +7.236811	     -306.248690	     +320.114008	       -5.599472	       +0.000000	       -2.651352	    -1172.461606	       -1.435787	       -0.000001	       +5.614495	       +5.097160
               6	              37	       +2.893231	       +7.236811	     -306.248693	     +320.114008	       -5.599472	       +0.000000	       -2.651471	    -1128.620058	       -1.435787	       -0.000001	       +5.614371	       +5.097097
               6	              38	       +3.304595	       +7.648176	     -317.504813	     +332.183063	       -6.244516	       +0.000000	       -3.163604	    -2419.815202	       -1.435718	       -0.000001	       +5.270131	       +4.842174
               6	              39	       +3.304596	       +7.648177	     -317.504858	     +332.183063	       -6.244516	       +0.000000	       -3.163919	    -2583.771778	       -1.435718	       -0.000001	       +5.269770	       +4.841330
               6	              40	       +5.155271	       +9.498851	     -198.009053	     +215.648340	       -4.764072	       +0.000000	       -3.195332	    -8856.148418	       -1.435335	       -0.000001	       +9.679883	       +8.718900
               6	              41	       +5.155271	       +9.498851	     -198.009034	     +215.648340	       -4.764072	       +0.000000	       -3.195712	    -8861.436236	       -1.435335	       -0.000001	       +9.679521	       +8.719673
               6	              42	       +5.593533	       +9.937113	     -276.756130	     +296.013142	       -5.887108	       +0.000000	       -3.405453	    +1274.176950	       -1.435527	       -0.000001	       +9.964451	       +9.288724
               6	              43	       +5.593533	       +9.937114	     -276.756108	     +296.013142	       -5.887108	       +0.000000	       -3.406850	     +866.212903	       -1.435527	       -0.000001	       +9.963075	       +9.289570
               6	              44	       +7.168550	      +11.512130	     -355.897073	     +377.892374	       -6.115815	       +0.000000	       -3.075916	    -4814.530498	       -1.295581	       -0.000001	      +12.803571	      +12.803571
               6	              45	       +7.168550	      +11.512130	     -355.897179	     +377.892374	       -6.115815	       +0.000000	       -3.077030	    -5166.960551	       -1.295581	       -0.000001	      +12.802350	      +12.802350

k-point 7:
               7	               0	      -65.392797	      -61.049216	     -633.749368	     +593.547184	      -40.079140	       -3.563713	       +4.011454	    -8623.744974	       +0.309234	       +0.000000	      -76.269869	      -76.269869
               7	               1	      -65.392797	      -61.049216	     -633.749368	     +593.547184	      -40.079140	       -3.563713	       +4.015159	    -8611.516961	       +0.309234	       +0.000000	      -76.266164	      -76.266164
               7	               2	      -42.080405	      -37.736824	     -603.472686	     +585.485916	      -34.026019	       -3.563713	       +3.819467	   +13935.612052	       +0.481883	       +0.000000	      -48.193321	      -48.193321
               7	               3	      -42.080405	      -37.736824	     -603.472686	     +585.485916	      -34.026019	       -3.563713	       +3.820435	   +21506.871472	       +0.481883	       +0.000000	      -48.192354	      -48.192354
               7	               4	      -39.576631	      -35.233051	     -596.501331	     +580.225436	      -33.329521	       -3.563713	       +3.951550	    +9444.487383	       +0.512621	       +0.000000	      -45.653867	      -45.653867
               7	               5	      -39.576631	      -35.233051	     -596.501328	     +580.225436	      -33.329521	       -3.563713	       +3.951577	   +10624.621440	       +0.512621	       +0.000000	      -45.653837	      -45.653837
               7	               6	      -39.426546	      -35.082966	     -600.838790	     +584.620556	      -33.353023	       -3.563713	       +3.900470	    +7154.184125	       +0.514589	       +0.000000	      -45.670787	      -45.670787
               7	               7	      -39.426546	      -35.082966	     -600.838793	     +584.620556	      -33.353023	       -3.563713	       +3.898318	   +13239.360262	       +0.514589	       +0.000000	      -45.672942	      -45.672942
               7	               8	      -18.084493	      -13.740913	     -387.755570	     +384.577380	      -22.419337	       -3.563713	       +6.588774	   +15826.674863	       +1.132987	       +0.000001	      -19.008753	      -19.008753
               7	               9	      -18.084493	      -13.740913	     -387.755569	     +384.577380	      -22.419337	       -3.563713	       +6.589106	   +15852.738067	       +1.132987	       +0.000001	      -19.008420	      -19.008420
               7	              10	      -17.638777	      -13.295196	     -371.714912	     +368.531767	      -22.364727	       -3.563713	       +6.733392	   +17023.735747	       +1.162154	       +0.000001	      -18.814479	      -18.814479
               7	              11	      -17.638777	      -13.295196	     -371.714912	     +368.531767	      -22.364727	       -3.563713	       +6.732790	   +16989.325886	       +1.162154	       +0.000001	      -18.815081	      -18.815081
               7	              12	      -10.524665	       -6.181084	     -417.797234	     +421.845952	      -18.347967	       -3.563713	       +4.755457	    -2498.630218	       +1.435757	       +0.000001	       -9.543792	       -9.823768
               7	              13	      -10.524665	       -6.181084	     -417.797232	     +421.845952	      -18.347967	       -3.563713	       +4.755754	    -3121.567466	       +1.435757	       +0.000001	       -9.543494	       -9.823823
               7	              14	       -9.566582	       -5.223001	     -378.705810	     +382.889548	      -17.835375	       -3.563713	       +4.170140	    -6932.521159	       +1.435784	       +0.000001	       -9.481498	       -9.504300
               7	              15	       -9.566581	       -5.223001	     -378.705812	     +382.889548	      -17.835375	       -3.563713	       +4.169796	    -7321.425558	       +1.435784	       +0.000001	       -9.481843	       -9.504552
               7	              16	       -9.176332	       -4.832752	     -371.675852	     +376.239383	      -17.719645	       -3.563713	       +4.257130	    -8014.650697	       +1.435733	       +0.000001	       -8.898984	       -8.972855
               7	              17	       -9.176332	       -4.832752	     -371.675855	     +376.239383	      -17.719645	       -3.563713	       +4.257474	    -8337.266478	       +1.435733	       +0.000001	       -8.898643	       -8.972657
               7	              18	       -8.120308	       -3.776728	     -440.824812	     +447.926736	      -18.865422	       -3.563713	       +3.725415	   +15041.553861	       +1.435781	       +0.000001	       -8.038083	       -8.059043
               7	              19	       -8.120308	       -3.776728	     -440.824811	     +447.926736	      -18.865422	       -3.563713	       +3.725408	   +15513.285037	       +1.435781	       +0.000001	       -8.038089	       -8.059044
               7	              20	       -7.044052	       -2.700472	     -314.721623	     +321.551070	      -17.110769	       -3.563713	       +3.622139	    -4754.870206	       +1.435773	       +0.000001	       -6.659183	       -6.752527
               7	              21	       -7.044052	       -2.700472	     -314.721626	     +321.551070	      -17.110769	       -3.563713	       +3.621488	    -4760.148153	       +1.435773	       +0.000001	       -6.659837	       -6.753013
               7	              22	       -6.595087	       -2.251506	     -417.090723	     +425.342678	      -17.900515	       -3.563713	       +3.340097	    -7110.040819	       +1.435788	       +0.000001	       -6.308463	       -6.377581
               7	              23	       -6.595085	       -2.251505	     -417.090573	     +425.342678	      -17.900515	       -3.563713	       +3.339926	   -10102.333922	       +1.435788	       +0.000001	       -6.308484	       -6.377621
               7	              24	       -6.289884	       -1.946304	     -453.898047	     +462.386116	      -17.452172	       -3.563713	       +2.712530	    +5433.666336	       +1.435501	       +0.000001	       -6.251573	       -6.260987
               7	              25	       -6.289883	       -1.946303	     -453.897884	     +462.386116	      -17.452172	       -3.563713	       +2.712052	     +791.130936	       +1.435501	       +0.000001	       -6.251889	       -6.261227
               7	              26	       -3.056468	       +1.287112	     -471.083276	     +485.342735	      -12.339345	       +0.000000	       -2.218078	    +6046.748903	       -1.435775	       -0.000001	       -0.297964	       -0.985782
               7	              27	       -3.056467	       +1.287113	     -471.083464	     +485.342735	      -12.339345	       +0.000000	       -2.221495	   +11416.529072	       -1.435775	       -0.000001	       -0.301568	       -0.988092
               7	              28	       -2.954590	       +1.388990	     -443.853313	     +457.726218	      -11.738552	       +0.000000	       -2.360813	    +6601.094556	       -1.435640	       -0.000001	       -0.226459	       -0.903669
               7	              29	       -2.954589	       +1.388991	     -443.853491	     +457.726218	      -11.738552	       +0.000000	       -2.364413	   +12112.352924	       -1.435640	       -0.000001	       -0.230238	       -0.906151
               7	              30	       -1.863630	       +2.479951	     -423.441519	     +438.392645	      -10.677892	       +0.000000	       -2.705713	    -1186.595260	       -1.435399	       -0.000001	       +1.567520	       +0.770104
               7	              31	       -1.863630	       +2.479951	     -423.441525	     +438.392645	      -10.677892	       +0.000000	       -2.706013	      +20.521333	       -1.435399	       -0.000001	       +1.567215	       +0.769821
               7	              32	       -1.263885	       +3.079695	     -409.709218	     +424.132030	      -11.318991	       +0.000000	       -2.616025	   -15562.780343	       -1.435582	       -0.000001	       +0.487796	       +0.057157
               7	              33	       -1.263885	       +3.079695	     -409.709224	     +424.132030	      -11.318991	       +0.000000	       -2.616585	   -14558.302211	       -1.435582	       -0.000001	       +0.487231	       +0.056644
               7	              34	       +2.649882	       +6.993462	     -331.610306	     +346.180763	       -6.132683	       +0.000000	       -2.907684	    -3650.166085	       -1.435354	       -0.000001	       +5.530091	       +4.931694
               7	              35	       +2.649882	       +6.993462	     -331.610305	     +346.180763	       -6.132683	       +0.000000	       -2.908284	    -3558.685689	       -1.435354	       -0.000001	       +5.529491	       +4.931300
               7	              36	       +2.893229	       +7.236810	     -306.248850	     +320.099278	       -5.605029	       +0.000000	       -2.663317	     -695.896297	       -1.435787	       -0.000001	       +5.582082	       +5.074526
               7	              37	       +2.893229	       +7.236810	     -306.248849	     +320.099278	       -5.605029	       +0.000000	       -2.662625	     -701.580459	       -1.435787	       -0.000001	       +5.582775	       +5.075142
               7	              38	       +3.304594	       +7.648174	     -317.505391	     +331.948542	       -6.235295	       +0.000000	       -3.182069	    -9852.422764	       -1.435718	       -0.000001	       +5.025788	       +4.656263
               7	              39	       +3.304594	       +7.648174	     -317.505389	     +331.948542	       -6.235295	       +0.000000	       -3.182886	    -9722.354370	       -1.435718	       -0.000001	       +5.024972	       +4.656027
               7	              40	       +5.155266	       +9.498846	     -198.008552	     +214.485225	       -4.765227	       +0.000000	       -3.242657	    +2181.606368	       -1.435335	       -0.000001	       +8.468789	       +7.749764
               7	              41	       +5.155266	       +9.498846	     -198.008550	     +214.485225	       -4.765227	       +0.000000	       -3.243109	    +2118.470456	       -1.435335	       -0.000001	       +8.468338	       +7.747705
               7	              42	       +5.593547	       +9.937127	     -276.755076	     +294.334743	       -5.899693	       +0.000000	       -3.451518	    -6251.956690	       -1.435527	       -0.000001	       +8.228455	       +7.830905
               7	              43	       +5.593547	       +9.937127	     -276.755072	     +294.334743	       -5.899693	       +0.000000	       -3.451018	    -6524.251458	       -1.435527	       -0.000001	       +8.228960	       +7.833336
               7	              44	       +7.168536	      +11.512117	     -355.897173	     +375.414262	       -6.092025	       +0.000000	       -3.078667	    -6356.076084	       -1.295582	       -0.000001	      +10.346396	      +10.346396
               7	              45	       +7.168536	      +11.512117	     -355.897153	     +375.414262	       -6.092025	       +0.000000	       -3.082748	    -7803.060021	       -1.295582	       -0.000001	      +10.342335	      +10.342335

k-point 8:
               8	               0	      -65.289461	      -60.945880	     -633.619886	     +593.796976	      -40.082683	       -3.563713	       +4.009193	    -6756.149262	       +0.309726	       +0.000000	      -75.896400	      -75.896400
               8	               1	      -65.289456	      -60.945876	     -633.619926	     +593.796976	      -40.082683	       -3.563713	       +4.012085	    -6704.790697	       +0.309726	       +0.000000	      -75.893548	      -75.893548
               8	               2	      -42.122163	      -37.778583	     -603.516515	     +585.475793	      -33.997453	       -3.563713	       +3.837655	    +9021.075129	       +0.481401	       +0.000000	      -48.200519	      -48.200519
               8	               3	      -42.099979	      -37.756398	     -603.618857	     +585.479767	      -34.044231	       -3.563713	       +3.871622	   +32894.186737	       +0.481657	       +0.000000	      -48.311700	      -48.311700
               8	               4	      -39.582216	      -35.238636	     -602.486754	     +586.394162	      -33.308748	       -3.563713	       +3.991695	    -1006.405729	       +0.512548	       +0.000000	      -45.409644	      -45.409644
               8	               5	      -39.538367	      -35.194786	     -593.861666	     +577.307195	      -33.294674	       -3.563713	       +3.913156	    +3399.948831	       +0.513121	       +0.000000	      -45.935989	      -45.935989
               8	               6	      -39.534506	      -35.190925	     -602.918316	     +586.630716	      -33.382328	       -3.563713	       +4.029666	   +35260.769371	       +0.513172	       +0.000000	      -45.640262	      -45.640262
               8	               7	      -39.522505	      -35.178924	     -594.089378	     +577.468889	      -33.319594	       -3.563713	       +3.930117	   +14798.670611	       +0.513329	       +0.000000	      -46.009965	      -46.009965
               8	               8	      -17.273677	      -12.930096	     -391.233977	     +389.109038	      -22.528277	       -3.563713	       +6.656121	   +10244.811207	       +1.187189	       +0.000001	      -17.997095	      -17.997095
               8	               9	      -17.230830	      -12.887250	     -380.910609	     +377.937949	      -22.517854	       -3.563713	       +6.808301	   +16938.299399	       +1.190198	       +0.000001	      -18.682213	      -18.682213
               8	              10	      -17.227364	      -12.883784	     -380.742951	     +377.768950	      -22.514636	       -3.563713	       +6.809498	   +16880.648686	       +1.190442	       +0.000001	      -18.679140	      -18.679140
               8	              11	      -17.210674	      -12.867094	     -390.127160	     +388.132220	      -22.548531	       -3.563713	       +6.665243	    +9790.658375	       +1.191618	       +0.000001	      -17.878227	      -17.878227
               8	              12	      -10.760539	       -6.416958	     -417.636630	     +420.599762	      -18.554567	       -3.563713	       +4.722980	    +2520.386076	       +1.435578	       +0.000001	      -10.868455	      -10.837608
               8	              13	      -10.751426	       -6.407846	     -418.957602	     +422.010167	      -18.560710	       -3.563713	       +4.708106	    +2805.875125	       +1.435600	       +0.000001	      -10.800039	      -10.786157
               8	              14	       -9.925139	       -5.581559	     -379.195521	     +382.487736	      -17.952653	       -3.563713	       +4.624988	    +6843.616162	       +1.435587	       +0.000001	      -10.035450	      -10.005195
               8	              15	       -9.889646	       -5.546065	     -379.427884	     +382.807831	      -17.918352	       -3.563713	       +4.605082	    +6952.030482	       +1.435488	       +0.000001	       -9.933323	       -9.921364
               8	              16	       -9.441757	       -5.098177	     -392.062324	     +395.635475	      -16.661225	       -3.563713	       +3.865159	    +5562.110010	       +1.435626	       +0.000001	       -9.222916	       -9.278648
               8	              17	       -9.382374	       -5.038793	     -390.160319	     +393.872663	      -16.726137	       -3.563713	       +3.872160	    +4795.693454	       +1.435466	       +0.000001	       -9.141632	       -9.202964
               8	              18	       -8.864993	       -4.521412	     -365.619050	     +371.453792	      -18.356934	       -3.563713	       +4.254757	    -5650.717493	       +1.435409	       +0.000001	       -8.267435	       -8.427697
               8	              19	       -8.839967	       -4.496386	     -368.789025	     +374.717432	      -18.437451	       -3.563713	       +4.257483	    -6861.808031	       +1.435344	       +0.000001	       -8.251562	       -8.409202
               8	              20	       -8.314099	       -3.970519	     -343.207733	     +348.410843	      -16.935204	       -3.563713	       +3.832355	    -3181.856506	       +1.435429	       +0.000001	       -7.899739	       -8.001461
               8	              21	       -8.264529	       -3.920949	     -343.040753	     +348.380173	      -16.863483	       -3.563713	       +3.792292	    -3119.878108	       +1.435568	       +0.000001	       -7.731771	       -7.862090
               8	              22	       -7.587982	       -3.244401	     -338.002543	     +345.676371	      -18.252876	       -3.563713	       +3.783037	    +1942.402312	       +1.435788	       +0.000001	       -6.796012	       -6.999397
               8	              23	       -7.566418	       -3.222838	     -337.111910	     +344.755365	      -18.206947	       -3.563713	       +3.766326	    +1918.848129	       +1.435784	       +0.000001	       -6.797166	       -6.994411
               8	              24	       -5.326194	       -0.982614	     -495.154499	     +505.930961	      -18.116928	       -3.563713	       +2.353799	   -15757.697576	       +1.435390	       +0.000001	       -4.986667	       -5.071164
               8	              25	       -5.193615	       -0.850034	     -492.750208	     +503.534248	      -17.862749	       -3.563713	       +2.250408	   -14715.213161	       +1.435709	       +0.000001	       -4.828301	       -4.918597
               8	              26	       -3.493546	       +0.850034	     -513.244873	     +526.820992	      -12.694205	       +0.000000	       -2.322945	    +9041.167296	       -1.435709	       -0.000001	       -1.441031	       -1.962761
               8	              27	       -3.489961	       +0.853619	     -512.713604	     +526.287272	      -12.662660	       +0.000000	       -2.342912	    +8600.601781	       -1.435704	       -0.000001	       -1.431903	       -1.954901
               8	              28	       -2.349114	       +1.994466	     -390.555489	     +404.100163	      -10.506211	       +0.000000	       -2.536273	    -3179.904627	       -1.435350	       -0.000001	       +0.502189	       -0.164846
               8	              29	       -2.318861	       +2.024720	     -390.912256	     +404.373753	      -10.510277	       +0.000000	       -2.538814	    -3180.069137	       -1.435420	       -0.000001	       +0.412405	       -0.226722
               8	              30	       -1.737564	       +2.606016	     -463.487937	     +480.929407	      -12.304981	       +0.000000	       -2.644573	    -9110.665540	       -1.435643	       -0.000001	       +2.491916	       +1.409766
               8	              31	       -1.607455	       +2.736125	     -465.382506	     +483.016979	      -12.166000	       +0.000000	       -2.736612	    -7606.185640	       -1.435787	       -0.000001	       +2.731860	       +1.617678
               8	              32	       -0.396867	       +3.946713	     -465.251277	     +483.799828	      -11.707741	       +0.000000	       -3.291433	    -6194.607956	       -1.435500	       -0.000001	       +3.549377	       +2.546679
               8	              33	       -0.320176	       +4.023404	     -465.834626	     +484.445713	      -11.650862	       +0.000000	       -3.327807	    -5947.663866	       -1.435415	       -0.000001	       +3.632418	       +2.626562
               8	              34	       +2.059712	       +6.403293	     -360.757957	     +374.631351	       -7.029830	       +0.000000	       -3.090387	    -3412.658008	       -1.435610	       -0.000001	       +3.753177	       +3.390082
               8	              35	       +2.197665	       +6.541246	     -358.202873	     +372.287131	       -6.982283	       +0.000000	       -3.083717	    -3596.737265	       -1.435474	       -0.000001	       +4.018259	       +3.628791
               8	              36	       +2.544441	       +6.888021	     -286.613473	     +300.427350	       -5.585766	       +0.000000	       -2.993656	    +5722.660775	       -1.435642	       -0.000001	       +5.234455	       +4.683836
               8	              37	       +2.547607	       +6.891188	     -286.069988	     +299.960337	       -5.572099	       +0.000000	       -2.981820	    +5747.143817	       -1.435636	       -0.000001	       +5.336430	       +4.766552
               8	              38	       +4.779963	       +9.123543	     -218.949361	     +233.405408	       -4.282502	       +0.000000	       -2.800444	     -869.445701	       -1.435677	       -0.000001	       +7.373100	       +6.881364
               8	              39	       +4.790013	       +9.133594	     -218.945757	     +233.319162	       -4.282846	       +0.000000	       -2.787894	     -790.256893	       -1.435695	       -0.000001	       +7.302666	       +6.826766
               8	              40	       +5.792460	      +10.136041	     -332.524273	     +349.118974	       -6.248893	       +0.000000	       -3.007656	   -12856.937091	       -1.421536	       -0.000001	       +7.338152	       +7.191824
               8	              41	       +5.847473	      +10.191054	     -330.818938	     +346.940870	       -6.253205	       +0.000000	       -2.974943	   -12258.020974	       -1.416032	       -0.000001	       +6.893784	       +6.809652
               8	              42	       +6.356890	      +10.700471	     -357.730568	     +377.459390	       -5.792906	       +0.000000	       -2.446416	    -8095.407596	       -1.367024	       -0.000001	      +11.489500	      +11.489500
               8	              43	       +6.375933	      +10.719514	     -358.615709	     +378.553693	       -5.805610	       +0.000000	       -2.440271	    -8402.603274	       -1.365258	       -0.000001	      +11.692102	      +11.692102
               8	              44	       +7.147368	      +11.490948	     -197.010686	     +210.432669	       -4.579116	       +0.000000	       -3.174294	   -11050.576852	       -1.297350	       -0.000001	       +5.668574	       +5.668574
               8	              45	       +7.164537	      +11.508117	     -197.475600	     +210.996766	       -4.574418	       +0.000000	       -3.176349	   -11409.602545	       -1.295916	       -0.000001	       +5.770400	       +5.770400
