# x y z (snapped to FFT grid (45, 45, 120), 300 unique)
# density: scalar
# weight: scalar charge density ρ(r)
# intended channels: γ̃^0 (charge) ISDF
0.311111 0.644444 0.008333
0.111111 0.733333 0.050000
0.088889 0.288889 0.950000
0.022222 0.622222 0.125000
0.022222 0.533333 0.066667
0.266667 0.600000 0.991667
0.066667 0.688889 0.016667
0.155556 0.377778 0.891667
0.066667 0.488889 0.908333
0.111111 0.644444 0.050000
0.200000 0.733333 0.025000
0.044444 0.333333 0.866667
0.133333 0.400000 0.958333
0.133333 0.711111 0.116667
0.066667 0.266667 0.883333
0.311111 0.666667 0.991667
0.088889 0.577778 0.925000
0.044444 0.755556 0.108333
0.133333 0.600000 0.975000
0.155556 0.466667 0.916667
0.111111 0.644444 0.083333
0.066667 0.466667 0.950000
0.288889 0.577778 0.008333
0.044444 0.244444 0.916667
0.111111 0.355556 0.925000
0.244444 0.644444 0.050000
0.000000 0.288889 0.975000
0.111111 0.444444 0.883333
0.266667 0.644444 0.008333
0.155556 0.488889 0.991667
0.133333 0.577778 0.016667
0.044444 0.422222 0.850000
0.244444 0.644444 0.983333
0.222222 0.666667 0.000000
0.088889 0.711111 0.150000
0.177778 0.511111 0.041667
0.111111 0.844444 0.091667
0.088889 0.577778 0.100000
0.311111 0.622222 0.033333
0.022222 0.488889 0.883333
0.244444 0.733333 0.975000
0.133333 0.755556 0.083333
0.044444 0.755556 0.066667
0.022222 0.444444 0.975000
0.222222 0.733333 0.066667
0.311111 0.622222 0.966667
0.000000 0.355556 0.950000
0.244444 0.577778 0.008333
0.200000 0.555556 0.941667
0.200000 0.777778 0.925000
0.333333 0.688889 0.008333
0.622222 0.888889 0.050000
0.200000 0.911111 0.950000
0.600000 0.977778 0.125000
0.511111 0.977778 0.066667
0.333333 0.733333 0.991667
0.622222 0.933333 0.016667
0.222222 0.844444 0.891667
0.422222 0.933333 0.908333
0.533333 0.888889 0.050000
0.533333 0.800000 0.025000
0.288889 0.955556 0.866667
0.266667 0.866667 0.958333
0.577778 0.866667 0.116667
0.200000 0.933333 0.883333
0.355556 0.688889 0.991667
0.488889 0.911111 0.925000
0.711111 0.955556 0.108333
0.466667 0.866667 0.975000
0.311111 0.844444 0.916667
0.533333 0.888889 0.083333
0.400000 0.933333 0.950000
0.288889 0.711111 0.008333
0.200000 0.955556 0.916667
0.244444 0.888889 0.925000
0.400000 0.755556 0.050000
0.288889 0.000000 0.975000
0.333333 0.888889 0.883333
0.377778 0.733333 0.008333
0.333333 0.844444 0.991667
0.444444 0.866667 0.016667
0.377778 0.955556 0.850000
0.400000 0.755556 0.983333
0.444444 0.777778 0.000000
0.622222 0.911111 0.150000
0.333333 0.822222 0.041667
0.733333 0.888889 0.091667
0.488889 0.911111 0.100000
0.311111 0.688889 0.033333
0.466667 0.977778 0.883333
0.488889 0.755556 0.975000
0.622222 0.866667 0.083333
0.711111 0.955556 0.066667
0.422222 0.977778 0.975000
0.511111 0.777778 0.066667
0.311111 0.688889 0.966667
0.355556 0.000000 0.950000
0.333333 0.755556 0.008333
0.355556 0.800000 0.941667
0.577778 0.800000 0.925000
0.355556 0.666667 0.008333
0.266667 0.377778 0.050000
0.711111 0.800000 0.950000
0.377778 0.400000 0.125000
0.466667 0.488889 0.066667
0.400000 0.666667 0.991667
0.311111 0.377778 0.016667
0.622222 0.777778 0.891667
0.511111 0.577778 0.908333
0.355556 0.466667 0.050000
0.266667 0.466667 0.025000
0.666667 0.711111 0.866667
0.600000 0.733333 0.958333
0.288889 0.422222 0.116667
0.733333 0.800000 0.883333
0.333333 0.644444 0.991667
0.422222 0.511111 0.925000
0.244444 0.288889 0.108333
0.400000 0.533333 0.975000
0.533333 0.688889 0.916667
0.355556 0.466667 0.083333
0.533333 0.600000 0.950000
0.422222 0.711111 0.008333
0.755556 0.800000 0.916667
0.644444 0.755556 0.925000
0.355556 0.600000 0.050000
0.711111 0.711111 0.975000
0.555556 0.666667 0.883333
0.355556 0.622222 0.008333
0.511111 0.666667 0.991667
0.422222 0.555556 0.016667
0.577778 0.622222 0.850000
0.355556 0.600000 0.983333
0.333333 0.555556 0.000000
0.288889 0.377778 0.150000
0.488889 0.666667 0.041667
0.155556 0.266667 0.091667
0.422222 0.511111 0.100000
0.377778 0.688889 0.033333
0.511111 0.533333 0.883333
0.266667 0.511111 0.975000
0.244444 0.377778 0.083333
0.244444 0.288889 0.066667
0.555556 0.577778 0.975000
0.266667 0.488889 0.066667
0.377778 0.688889 0.966667
0.644444 0.644444 0.950000
0.422222 0.666667 0.008333
0.444444 0.644444 0.941667
0.222222 0.422222 0.925000
0.688889 0.355556 0.991667
0.888889 0.266667 0.950000
0.911111 0.711111 0.050000
0.977778 0.377778 0.875000
0.977778 0.466667 0.933333
0.733333 0.400000 0.008333
0.933333 0.311111 0.983333
0.844444 0.622222 0.108333
0.933333 0.511111 0.091667
0.888889 0.355556 0.950000
0.800000 0.266667 0.975000
0.955556 0.666667 0.133333
0.866667 0.600000 0.041667
0.866667 0.288889 0.883333
0.933333 0.733333 0.116667
0.688889 0.333333 0.008333
0.911111 0.422222 0.075000
0.955556 0.244444 0.891667
0.866667 0.400000 0.025000
0.844444 0.533333 0.083333
0.888889 0.355556 0.916667
0.933333 0.533333 0.050000
0.711111 0.422222 0.991667
0.955556 0.755556 0.083333
0.888889 0.644444 0.075000
0.755556 0.355556 0.950000
0.000000 0.711111 0.025000
0.888889 0.555556 0.116667
0.733333 0.355556 0.991667
0.844444 0.511111 0.008333
0.866667 0.422222 0.983333
0.955556 0.577778 0.150000
0.755556 0.355556 0.016667
0.777778 0.333333 0.000000
0.911111 0.288889 0.850000
0.822222 0.488889 0.958333
0.888889 0.155556 0.908333
0.911111 0.422222 0.900000
0.688889 0.377778 0.966667
0.977778 0.511111 0.116667
0.755556 0.266667 0.025000
0.866667 0.244444 0.916667
0.955556 0.244444 0.933333
0.977778 0.555556 0.025000
0.777778 0.266667 0.933333
0.688889 0.377778 0.033333
0.000000 0.644444 0.050000
0.755556 0.422222 0.991667
0.800000 0.444444 0.058333
0.800000 0.222222 0.075000
0.666667 0.311111 0.991667
0.377778 0.111111 0.950000
0.800000 0.088889 0.050000
0.400000 0.022222 0.875000
0.488889 0.022222 0.933333
0.666667 0.266667 0.008333
0.377778 0.066667 0.983333
0.777778 0.155556 0.108333
0.577778 0.066667 0.091667
0.466667 0.111111 0.950000
0.466667 0.200000 0.975000
0.711111 0.044444 0.133333
0.733333 0.133333 0.041667
0.422222 0.133333 0.883333
0.800000 0.066667 0.116667
0.644444 0.311111 0.008333
0.511111 0.088889 0.075000
0.288889 0.044444 0.891667
0.533333 0.133333 0.025000
0.688889 0.155556 0.083333
0.466667 0.111111 0.916667
0.600000 0.066667 0.050000
0.711111 0.288889 0.991667
0.800000 0.044444 0.083333
0.755556 0.111111 0.075000
0.600000 0.244444 0.950000
0.711111 0.000000 0.025000
0.666667 0.111111 0.116667
0.622222 0.266667 0.991667
0.666667 0.155556 0.008333
0.555556 0.133333 0.983333
0.622222 0.044444 0.150000
0.600000 0.244444 0.016667
0.555556 0.222222 0.000000
0.377778 0.088889 0.850000
0.666667 0.177778 0.958333
0.266667 0.111111 0.908333
0.511111 0.088889 0.900000
0.688889 0.311111 0.966667
0.533333 0.022222 0.116667
0.511111 0.244444 0.025000
0.377778 0.133333 0.916667
0.288889 0.044444 0.933333
0.577778 0.022222 0.025000
0.488889 0.222222 0.933333
0.688889 0.311111 0.033333
0.644444 0.000000 0.050000
0.666667 0.244444 0.991667
0.644444 0.200000 0.058333
0.422222 0.200000 0.075000
0.644444 0.333333 0.991667
0.733333 0.622222 0.950000
0.288889 0.200000 0.050000
0.622222 0.600000 0.875000
0.533333 0.511111 0.933333
0.600000 0.333333 0.008333
0.688889 0.622222 0.983333
0.377778 0.222222 0.108333
0.488889 0.422222 0.091667
0.644444 0.533333 0.950000
0.733333 0.533333 0.975000
0.333333 0.288889 0.133333
0.400000 0.266667 0.041667
0.711111 0.577778 0.883333
0.266667 0.200000 0.116667
0.666667 0.355556 0.008333
0.577778 0.488889 0.075000
0.755556 0.711111 0.891667
0.600000 0.466667 0.025000
0.466667 0.311111 0.083333
0.644444 0.533333 0.916667
0.466667 0.400000 0.050000
0.577778 0.288889 0.991667
0.244444 0.200000 0.083333
0.355556 0.244444 0.075000
0.644444 0.400000 0.950000
0.288889 0.288889 0.025000
0.444444 0.333333 0.116667
0.644444 0.377778 0.991667
0.488889 0.333333 0.008333
0.577778 0.444444 0.983333
0.422222 0.377778 0.150000
0.644444 0.400000 0.016667
0.666667 0.444444 0.000000
0.711111 0.622222 0.850000
0.511111 0.333333 0.958333
0.844444 0.733333 0.908333
0.577778 0.488889 0.900000
0.622222 0.311111 0.966667
0.488889 0.466667 0.116667
0.733333 0.488889 0.025000
0.755556 0.622222 0.916667
0.755556 0.711111 0.933333
0.444444 0.422222 0.025000
0.733333 0.511111 0.933333
0.622222 0.311111 0.033333
0.355556 0.355556 0.050000
0.577778 0.333333 0.991667
0.555556 0.355556 0.058333
0.777778 0.577778 0.075000
