# Generated by LORRAX 0.1.0 at 2026-07-11 08:53:44 UTC
  0.000000000  0.000000000  0.000000000      30
       1       1  -66.060191736  -76.639826969
       1       2  -66.060191736  -76.639826969
       1       3  -41.782007644  -48.015344494
       1       4  -41.782007644  -48.015344493
       1       5  -39.377763781  -45.212958536
       1       6  -39.377763781  -45.212958538
       1       7  -39.158299115  -44.039154638
       1       8  -39.158299115  -44.039154639
       1       9  -19.434594551  -22.183916849
       1      10  -19.434594551  -22.183916849
       1      11  -18.207170492  -20.339440254
       1      12  -18.207170492  -20.339440254
       1      13  -10.915038366  -10.210925724
       1      14  -10.915038366  -10.210925723
       1      15   -7.788309736   -6.025036620
       1      16   -7.788309736   -6.025036619
       1      17   -7.724953643   -6.009376807
       1      18   -7.724953643   -6.009376809
       1      19   -7.137726948   -6.007558056
       1      20   -7.137726948   -6.007558055
       1      21   -6.753142103   -4.716577341
       1      22   -6.753142103   -4.716577343
       1      23   -6.667987811   -4.471156544
       1      24   -6.667987811   -4.471156546
       1      25   -5.362751539   -3.257523446
       1      26   -5.362751539   -3.257523446
       1      27   -2.572545035    1.829681750
       1      28   -2.572545035    1.829681754
       1      29   -2.495091071    2.129145161
       1      30   -2.495091071    2.129145162
  0.000000000  0.333333333  0.000000000      30
       1       1  -66.029997939  -76.727550320
       1       2  -66.029997939  -76.727224272
       1       3  -41.863236760  -45.780560085
       1       4  -41.863236712  -45.780762792
       1       5  -39.456867640  -46.849822655
       1       6  -39.456867631  -46.851107365
       1       7  -39.301753518  -44.851669211
       1       8  -39.301753466  -44.854927680
       1       9  -18.095628720  -20.148448719
       1      10  -18.095628712  -20.148360267
       1      11  -17.625296535  -19.524386343
       1      12  -17.625296533  -19.524332705
       1      13  -10.514493892   -9.712721806
       1      14  -10.514493832   -9.712801142
       1      15   -9.542166398   -8.481500717
       1      16   -9.542166343   -8.481531595
       1      17   -9.205317081   -7.967456381
       1      18   -9.205317017   -7.967908842
       1      19   -8.082841420   -6.287362573
       1      20   -8.082841293   -6.287483938
       1      21   -7.032539919   -5.660067988
       1      22   -7.032539899   -5.659932675
       1      23   -6.570320544   -4.690543180
       1      24   -6.570317489   -4.691995197
       1      25   -6.264701704   -4.292354515
       1      26   -6.264698330   -4.293775553
       1      27   -3.034353301    0.774831683
       1      28   -3.034350595    0.772302522
       1      29   -2.930765738    0.611634499
       1      30   -2.930762661    0.608888043
  0.000000000  0.666666667  0.000000000      30
       1       1  -66.029997939  -76.727550320
       1       2  -66.029997939  -76.727224272
       1       3  -41.863236760  -45.780560085
       1       4  -41.863236712  -45.780762792
       1       5  -39.456867640  -46.849822655
       1       6  -39.456867631  -46.851107365
       1       7  -39.301753518  -44.851669211
       1       8  -39.301753466  -44.854927680
       1       9  -18.095628720  -20.148448719
       1      10  -18.095628712  -20.148360267
       1      11  -17.625296535  -19.524386343
       1      12  -17.625296533  -19.524332705
       1      13  -10.514493892   -9.712721806
       1      14  -10.514493832   -9.712801142
       1      15   -9.542166398   -8.481500717
       1      16   -9.542166343   -8.481531595
       1      17   -9.205317081   -7.967456381
       1      18   -9.205317017   -7.967908842
       1      19   -8.082841420   -6.287362573
       1      20   -8.082841293   -6.287483938
       1      21   -7.032539919   -5.660067988
       1      22   -7.032539899   -5.659932675
       1      23   -6.570320544   -4.690543180
       1      24   -6.570317489   -4.691995197
       1      25   -6.264701704   -4.292354515
       1      26   -6.264698330   -4.293775553
       1      27   -3.034353301    0.774831683
       1      28   -3.034350595    0.772302522
       1      29   -2.930765738    0.611634499
       1      30   -2.930762661    0.608888043
  0.333333333  0.000000000  0.000000000      30
       1       1  -66.029998072  -76.549601337
       1       2  -66.029998072  -76.549234097
       1       3  -41.863236502  -45.820930984
       1       4  -41.863236496  -45.822423760
       1       5  -39.456867858  -45.655652676
       1       6  -39.456867858  -45.656600315
       1       7  -39.301752508  -46.150327945
       1       8  -39.301752505  -46.149892084
       1       9  -18.095631198  -20.077486152
       1      10  -18.095631138  -20.077575959
       1      11  -17.625298767  -19.392469238
       1      12  -17.625298760  -19.392244718
       1      13  -10.514494445   -9.624522536
       1      14  -10.514494348   -9.624215247
       1      15   -9.542167198   -8.266268012
       1      16   -9.542167137   -8.266274486
       1      17   -9.205321385   -7.805582916
       1      18   -9.205321355   -7.805734709
       1      19   -8.082833170   -6.555498069
       1      20   -8.082833051   -6.555046793
       1      21   -7.032541572   -5.566798827
       1      22   -7.032541569   -5.567028391
       1      23   -6.570312654   -4.739690752
       1      24   -6.570310775   -4.740180819
       1      25   -6.264703066   -4.378825215
       1      26   -6.264700996   -4.379310857
       1      27   -3.034350023    0.794419664
       1      28   -3.034348394    0.801920570
       1      29   -2.930765589    0.671394869
       1      30   -2.930763651    0.678155166
  0.333333333  0.333333333  0.000000000      30
       1       1  -66.014993819  -76.519089690
       1       2  -66.014990985  -76.519095872
       1       3  -41.914529390  -45.813313065
       1       4  -41.891920149  -45.919153330
       1       5  -39.475755621  -46.061039552
       1       6  -39.427907425  -46.205056230
       1       7  -39.426906748  -45.833992558
       1       8  -39.411056963  -45.870024916
       1       9  -17.261984725  -18.818492089
       1      10  -17.217618552  -18.824807171
       1      11  -17.213907917  -18.826086216
       1      12  -17.201962726  -18.811785587
       1      13  -10.726245865   -9.981441331
       1      14  -10.718456938   -9.971154200
       1      15   -9.976669775   -9.069205113
       1      16   -9.941233028   -9.065279241
       1      17   -9.426638359   -8.308281106
       1      18   -9.372141493   -8.291048332
       1      19   -8.847986298   -7.271321833
       1      20   -8.827111483   -7.242184688
       1      21   -8.308532881   -6.992818783
       1      22   -8.258880877   -7.014220392
       1      23   -7.566233542   -5.881022250
       1      24   -7.543019619   -5.894688146
       1      25   -5.307443486   -3.029599056
       1      26   -5.163122574   -3.104386065
       1      27   -3.501037732    0.144730203
       1      28   -3.498772375    0.151641906
       1      29   -2.360124125    2.145823478
       1      30   -2.326972709    2.163246995
  0.333333333  0.666666667  0.000000000      30
       1       1  -66.029997850  -76.497700751
       1       2  -66.029997850  -76.497215254
       1       3  -41.863236865  -45.830344463
       1       4  -41.863236823  -45.830899215
       1       5  -39.456867152  -45.466214918
       1       6  -39.456867144  -45.467312895
       1       7  -39.301754458  -46.243640630
       1       8  -39.301754408  -46.245758337
       1       9  -18.095629376  -20.215954159
       1      10  -18.095629325  -20.215873898
       1      11  -17.625290715  -19.439986235
       1      12  -17.625290711  -19.439868012
       1      13  -10.514493407   -9.654813661
       1      14  -10.514493370   -9.654955631
       1      15   -9.542165394   -8.395555426
       1      16   -9.542165387   -8.395418213
       1      17   -9.205319448   -7.858469494
       1      18   -9.205319413   -7.858810198
       1      19   -8.082859348   -6.340951855
       1      20   -8.082859340   -6.341172711
       1      21   -7.032534607   -5.508313366
       1      22   -7.032534584   -5.508541627
       1      23   -6.570325057   -4.679552050
       1      24   -6.570323881   -4.679625723
       1      25   -6.264686878   -4.308926563
       1      26   -6.264685574   -4.309167098
       1      27   -3.034355808    0.859874852
       1      28   -3.034354731    0.847844866
       1      29   -2.930767335    0.745328381
       1      30   -2.930766196    0.733081863
  0.666666667 -0.000000000  0.000000000      30
       1       1  -66.029998072  -76.549601337
       1       2  -66.029998072  -76.549234097
       1       3  -41.863236502  -45.820930984
       1       4  -41.863236496  -45.822423760
       1       5  -39.456867858  -45.655652676
       1       6  -39.456867858  -45.656600315
       1       7  -39.301752508  -46.150327945
       1       8  -39.301752505  -46.149892084
       1       9  -18.095631198  -20.077486152
       1      10  -18.095631138  -20.077575959
       1      11  -17.625298767  -19.392469238
       1      12  -17.625298760  -19.392244718
       1      13  -10.514494445   -9.624522536
       1      14  -10.514494348   -9.624215247
       1      15   -9.542167198   -8.266268012
       1      16   -9.542167137   -8.266274486
       1      17   -9.205321385   -7.805582916
       1      18   -9.205321355   -7.805734709
       1      19   -8.082833170   -6.555498069
       1      20   -8.082833051   -6.555046793
       1      21   -7.032541572   -5.566798827
       1      22   -7.032541569   -5.567028391
       1      23   -6.570312654   -4.739690752
       1      24   -6.570310775   -4.740180819
       1      25   -6.264703066   -4.378825215
       1      26   -6.264700996   -4.379310857
       1      27   -3.034350023    0.794419664
       1      28   -3.034348394    0.801920570
       1      29   -2.930765589    0.671394869
       1      30   -2.930763651    0.678155166
  0.666666667  0.333333333  0.000000000      30
       1       1  -66.029997850  -76.497700751
       1       2  -66.029997850  -76.497215254
       1       3  -41.863236865  -45.830344463
       1       4  -41.863236823  -45.830899215
       1       5  -39.456867152  -45.466214918
       1       6  -39.456867144  -45.467312895
       1       7  -39.301754458  -46.243640630
       1       8  -39.301754408  -46.245758337
       1       9  -18.095629376  -20.215954159
       1      10  -18.095629325  -20.215873898
       1      11  -17.625290715  -19.439986235
       1      12  -17.625290711  -19.439868012
       1      13  -10.514493407   -9.654813661
       1      14  -10.514493370   -9.654955631
       1      15   -9.542165394   -8.395555426
       1      16   -9.542165387   -8.395418213
       1      17   -9.205319448   -7.858469494
       1      18   -9.205319413   -7.858810198
       1      19   -8.082859348   -6.340951855
       1      20   -8.082859340   -6.341172711
       1      21   -7.032534607   -5.508313366
       1      22   -7.032534584   -5.508541627
       1      23   -6.570325057   -4.679552050
       1      24   -6.570323881   -4.679625723
       1      25   -6.264686878   -4.308926563
       1      26   -6.264685574   -4.309167098
       1      27   -3.034355808    0.859874852
       1      28   -3.034354731    0.847844866
       1      29   -2.930767335    0.745328381
       1      30   -2.930766196    0.733081863
  0.666666667  0.666666667  0.000000000      30
       1       1  -66.014993819  -76.519089690
       1       2  -66.014990985  -76.519095872
       1       3  -41.914529390  -45.813313065
       1       4  -41.891920149  -45.919153330
       1       5  -39.475755621  -46.061039552
       1       6  -39.427907425  -46.205056230
       1       7  -39.426906748  -45.833992558
       1       8  -39.411056963  -45.870024916
       1       9  -17.261984725  -18.818492089
       1      10  -17.217618552  -18.824807171
       1      11  -17.213907917  -18.826086216
       1      12  -17.201962726  -18.811785587
       1      13  -10.726245865   -9.981441331
       1      14  -10.718456938   -9.971154200
       1      15   -9.976669775   -9.069205113
       1      16   -9.941233028   -9.065279241
       1      17   -9.426638359   -8.308281106
       1      18   -9.372141493   -8.291048332
       1      19   -8.847986298   -7.271321833
       1      20   -8.827111483   -7.242184688
       1      21   -8.308532881   -6.992818783
       1      22   -8.258880877   -7.014220392
       1      23   -7.566233542   -5.881022250
       1      24   -7.543019619   -5.894688146
       1      25   -5.307443486   -3.029599056
       1      26   -5.163122574   -3.104386065
       1      27   -3.501037732    0.144730203
       1      28   -3.498772375    0.151641906
       1      29   -2.360124125    2.145823478
       1      30   -2.326972709    2.163246995
