# idx_k idx_b kx ky kz s energy
   0    0  0.00000000  0.00000000  0.00000000  0.00000000 -4.50598285
   0    1  0.00000000  0.00000000  0.00000000  0.00000000 -4.50598285
   0    2  0.00000000  0.00000000  0.00000000  0.00000000 -2.72160445
   0    3  0.00000000  0.00000000  0.00000000  0.00000000 -2.72160445
   0    4  0.00000000  0.00000000  0.00000000  0.00000000 -2.54315322
   0    5  0.00000000  0.00000000  0.00000000  0.00000000 -2.54315322
   0    6  0.00000000  0.00000000  0.00000000  0.00000000 -2.53122931
   0    7  0.00000000  0.00000000  0.00000000  0.00000000 -2.53122931
   0    8  0.00000000  0.00000000  0.00000000  0.00000000 -1.07149978
   0    9  0.00000000  0.00000000  0.00000000  0.00000000 -1.07149978
   0   10  0.00000000  0.00000000  0.00000000  0.00000000 -0.97998673
   0   11  0.00000000  0.00000000  0.00000000  0.00000000 -0.97998673
   0   12  0.00000000  0.00000000  0.00000000  0.00000000 -0.44677431
   0   13  0.00000000  0.00000000  0.00000000  0.00000000 -0.44677431
   0   14  0.00000000  0.00000000  0.00000000  0.00000000 -0.22030560
   0   15  0.00000000  0.00000000  0.00000000  0.00000000 -0.22030560
   0   16  0.00000000  0.00000000  0.00000000  0.00000000 -0.21539630
   0   17  0.00000000  0.00000000  0.00000000  0.00000000 -0.21539630
   0   18  0.00000000  0.00000000  0.00000000  0.00000000 -0.16721428
   0   19  0.00000000  0.00000000  0.00000000  0.00000000 -0.16721428
   0   20  0.00000000  0.00000000  0.00000000  0.00000000 -0.14013218
   0   21  0.00000000  0.00000000  0.00000000  0.00000000 -0.14013218
   0   22  0.00000000  0.00000000  0.00000000  0.00000000 -0.13380886
   0   23  0.00000000  0.00000000  0.00000000  0.00000000 -0.13380886
   0   24  0.00000000  0.00000000  0.00000000  0.00000000 -0.03719969
   0   25  0.00000000  0.00000000  0.00000000  0.00000000 -0.03719969
   0   26  0.00000000  0.00000000  0.00000000  0.00000000  0.16881181
   0   27  0.00000000  0.00000000  0.00000000  0.00000000  0.16881181
   0   28  0.00000000  0.00000000  0.00000000  0.00000000  0.17448985
   0   29  0.00000000  0.00000000  0.00000000  0.00000000  0.17448985
   1    0  0.00000000  0.05000000  0.00000000  0.38117440 -4.50478388
   1    1  0.00000000  0.05000000  0.00000000  0.38117440 -4.50478388
   1    2  0.00000000  0.05000000  0.00000000  0.38117440 -2.72003026
   1    3  0.00000000  0.05000000  0.00000000  0.38117440 -2.72003026
   1    4  0.00000000  0.05000000  0.00000000  0.38117440 -2.54182141
   1    5  0.00000000  0.05000000  0.00000000  0.38117440 -2.54182141
   1    6  0.00000000  0.05000000  0.00000000  0.38117440 -2.52887276
   1    7  0.00000000  0.05000000  0.00000000  0.38117440 -2.52887276
   1    8  0.00000000  0.05000000  0.00000000  0.38117440 -1.06312598
   1    9  0.00000000  0.05000000  0.00000000  0.38117440 -1.06312598
   1   10  0.00000000  0.05000000  0.00000000  0.38117440 -0.97251490
   1   11  0.00000000  0.05000000  0.00000000  0.38117440 -0.97251490
   1   12  0.00000000  0.05000000  0.00000000  0.38117440 -0.44062822
   1   13  0.00000000  0.05000000  0.00000000  0.38117440 -0.44062822
   1   14  0.00000000  0.05000000  0.00000000  0.38117440 -0.21798327
   1   15  0.00000000  0.05000000  0.00000000  0.38117440 -0.21798327
   1   16  0.00000000  0.05000000  0.00000000  0.38117440 -0.21128860
   1   17  0.00000000  0.05000000  0.00000000  0.38117440 -0.21128860
   1   18  0.00000000  0.05000000  0.00000000  0.38117440 -0.16448522
   1   19  0.00000000  0.05000000  0.00000000  0.38117440 -0.16448522
   1   20  0.00000000  0.05000000  0.00000000  0.38117440 -0.14062021
   1   21  0.00000000  0.05000000  0.00000000  0.38117440 -0.14062021
   1   22  0.00000000  0.05000000  0.00000000  0.38117440 -0.13156553
   1   23  0.00000000  0.05000000  0.00000000  0.38117440 -0.13156553
   1   24  0.00000000  0.05000000  0.00000000  0.38117440 -0.03603612
   1   25  0.00000000  0.05000000  0.00000000  0.38117440 -0.03603612
   1   26  0.00000000  0.05000000  0.00000000  0.38117440  0.15416184
   1   27  0.00000000  0.05000000  0.00000000  0.38117440  0.15416184
   1   28  0.00000000  0.05000000  0.00000000  0.38117440  0.15740920
   1   29  0.00000000  0.05000000  0.00000000  0.38117440  0.15740920
   2    0  0.00000000  0.10000000  0.00000000  0.76234881 -4.50163941
   2    1  0.00000000  0.10000000  0.00000000  0.76234881 -4.50163941
   2    2  0.00000000  0.10000000  0.00000000  0.76234881 -2.71605313
   2    3  0.00000000  0.10000000  0.00000000  0.76234881 -2.71605313
   2    4  0.00000000  0.10000000  0.00000000  0.76234881 -2.53902835
   2    5  0.00000000  0.10000000  0.00000000  0.76234881 -2.53902835
   2    6  0.00000000  0.10000000  0.00000000  0.76234881 -2.52200165
   2    7  0.00000000  0.10000000  0.00000000  0.76234881 -2.52200165
   2    8  0.00000000  0.10000000  0.00000000  0.76234881 -1.03983222
   2    9  0.00000000  0.10000000  0.00000000  0.76234881 -1.03983222
   2   10  0.00000000  0.10000000  0.00000000  0.76234881 -0.95201305
   2   11  0.00000000  0.10000000  0.00000000  0.76234881 -0.95201305
   2   12  0.00000000  0.10000000  0.00000000  0.76234881 -0.42344844
   2   13  0.00000000  0.10000000  0.00000000  0.76234881 -0.42344844
   2   14  0.00000000  0.10000000  0.00000000  0.76234881 -0.21474099
   2   15  0.00000000  0.10000000  0.00000000  0.76234881 -0.21474099
   2   16  0.00000000  0.10000000  0.00000000  0.76234881 -0.19631809
   2   17  0.00000000  0.10000000  0.00000000  0.76234881 -0.19631809
   2   18  0.00000000  0.10000000  0.00000000  0.76234881 -0.15901452
   2   19  0.00000000  0.10000000  0.00000000  0.76234881 -0.15901452
   2   20  0.00000000  0.10000000  0.00000000  0.76234881 -0.14683456
   2   21  0.00000000  0.10000000  0.00000000  0.76234881 -0.14683456
   2   22  0.00000000  0.10000000  0.00000000  0.76234881 -0.11814047
   2   23  0.00000000  0.10000000  0.00000000  0.76234881 -0.11814047
   2   24  0.00000000  0.10000000  0.00000000  0.76234881 -0.03396693
   2   25  0.00000000  0.10000000  0.00000000  0.76234881 -0.03396693
   2   26  0.00000000  0.10000000  0.00000000  0.76234881  0.10899535
   2   27  0.00000000  0.10000000  0.00000000  0.76234881  0.10899535
   2   28  0.00000000  0.10000000  0.00000000  0.76234881  0.12221601
   2   29  0.00000000  0.10000000  0.00000000  0.76234881  0.12221601
   3    0  0.00000000  0.15000000  0.00000000  1.14352321 -4.49771674
   3    1  0.00000000  0.15000000  0.00000000  1.14352321 -4.49771674
   3    2  0.00000000  0.15000000  0.00000000  1.14352321 -2.71146610
   3    3  0.00000000  0.15000000  0.00000000  1.14352321 -2.71146610
   3    4  0.00000000  0.15000000  0.00000000  1.14352321 -2.53630242
   3    5  0.00000000  0.15000000  0.00000000  1.14352321 -2.53630242
   3    6  0.00000000  0.15000000  0.00000000  1.14352321 -2.51301182
   3    7  0.00000000  0.15000000  0.00000000  1.14352321 -2.51301182
   3    8  0.00000000  0.15000000  0.00000000  1.14352321 -1.00681647
   3    9  0.00000000  0.15000000  0.00000000  1.14352321 -1.00681647
   3   10  0.00000000  0.15000000  0.00000000  1.14352321 -0.92392997
   3   11  0.00000000  0.15000000  0.00000000  1.14352321 -0.92392997
   3   12  0.00000000  0.15000000  0.00000000  1.14352321 -0.39897206
   3   13  0.00000000  0.15000000  0.00000000  1.14352321 -0.39897206
   3   14  0.00000000  0.15000000  0.00000000  1.14352321 -0.21214970
   3   15  0.00000000  0.15000000  0.00000000  1.14352321 -0.21214970
   3   16  0.00000000  0.15000000  0.00000000  1.14352321 -0.17328830
   3   17  0.00000000  0.15000000  0.00000000  1.14352321 -0.17328830
   3   18  0.00000000  0.15000000  0.00000000  1.14352321 -0.15897185
   3   19  0.00000000  0.15000000  0.00000000  1.14352321 -0.15897185
   3   20  0.00000000  0.15000000  0.00000000  1.14352321 -0.15454835
   3   21  0.00000000  0.15000000  0.00000000  1.14352321 -0.15454835
   3   22  0.00000000  0.15000000  0.00000000  1.14352321 -0.09194524
   3   23  0.00000000  0.15000000  0.00000000  1.14352321 -0.09194524
   3   24  0.00000000  0.15000000  0.00000000  1.14352321 -0.03683345
   3   25  0.00000000  0.15000000  0.00000000  1.14352321 -0.03683345
   3   26  0.00000000  0.15000000  0.00000000  1.14352321  0.04069765
   3   27  0.00000000  0.15000000  0.00000000  1.14352321  0.04069765
   3   28  0.00000000  0.15000000  0.00000000  1.14352321  0.07759121
   3   29  0.00000000  0.15000000  0.00000000  1.14352321  0.07759121
   4    0  0.00000000  0.20000000  0.00000000  1.52469762 -4.49442595
   4    1  0.00000000  0.20000000  0.00000000  1.52469762 -4.49442595
   4    2  0.00000000  0.20000000  0.00000000  1.52469762 -2.70819759
   4    3  0.00000000  0.20000000  0.00000000  1.52469762 -2.70819759
   4    4  0.00000000  0.20000000  0.00000000  1.52469762 -2.53436485
   4    5  0.00000000  0.20000000  0.00000000  1.52469762 -2.53436485
   4    6  0.00000000  0.20000000  0.00000000  1.52469762 -2.50647986
   4    7  0.00000000  0.20000000  0.00000000  1.52469762 -2.50647986
   4    8  0.00000000  0.20000000  0.00000000  1.52469762 -0.97163778
   4    9  0.00000000  0.20000000  0.00000000  1.52469762 -0.97163778
   4   10  0.00000000  0.20000000  0.00000000  1.52469762 -0.89620103
   4   11  0.00000000  0.20000000  0.00000000  1.52469762 -0.89620103
   4   12  0.00000000  0.20000000  0.00000000  1.52469762 -0.37303333
   4   13  0.00000000  0.20000000  0.00000000  1.52469762 -0.37303333
   4   14  0.00000000  0.20000000  0.00000000  1.52469762 -0.21734175
   4   15  0.00000000  0.20000000  0.00000000  1.52469762 -0.21734175
   4   16  0.00000000  0.20000000  0.00000000  1.52469762 -0.17485895
   4   17  0.00000000  0.20000000  0.00000000  1.52469762 -0.17485895
   4   18  0.00000000  0.20000000  0.00000000  1.52469762 -0.15808445
   4   19  0.00000000  0.20000000  0.00000000  1.52469762 -0.15808445
   4   20  0.00000000  0.20000000  0.00000000  1.52469762 -0.14493141
   4   21  0.00000000  0.20000000  0.00000000  1.52469762 -0.14493141
   4   22  0.00000000  0.20000000  0.00000000  1.52469762 -0.06023569
   4   23  0.00000000  0.20000000  0.00000000  1.52469762 -0.06023569
   4   24  0.00000000  0.20000000  0.00000000  1.52469762 -0.05436103
   4   25  0.00000000  0.20000000  0.00000000  1.52469762 -0.05436103
   4   26  0.00000000  0.20000000  0.00000000  1.52469762 -0.03474798
   4   27  0.00000000  0.20000000  0.00000000  1.52469762 -0.03474798
   4   28  0.00000000  0.20000000  0.00000000  1.52469762  0.04901387
   4   29  0.00000000  0.20000000  0.00000000  1.52469762  0.04901387
   5    0  0.00000000  0.25000000  0.00000000  1.90587202 -4.49288777
   5    1  0.00000000  0.25000000  0.00000000  1.90587202 -4.49288777
   5    2  0.00000000  0.25000000  0.00000000  1.90587202 -2.70761907
   5    3  0.00000000  0.25000000  0.00000000  1.90587202 -2.70761907
   5    4  0.00000000  0.25000000  0.00000000  1.90587202 -2.53368325
   5    5  0.00000000  0.25000000  0.00000000  1.90587202 -2.53368325
   5    6  0.00000000  0.25000000  0.00000000  1.90587202 -2.50640457
   5    7  0.00000000  0.25000000  0.00000000  1.90587202 -2.50640457
   5    8  0.00000000  0.25000000  0.00000000  1.90587202 -0.94222078
   5    9  0.00000000  0.25000000  0.00000000  1.90587202 -0.94222078
   5   10  0.00000000  0.25000000  0.00000000  1.90587202 -0.87711697
   5   11  0.00000000  0.25000000  0.00000000  1.90587202 -0.87711697
   5   12  0.00000000  0.25000000  0.00000000  1.90587202 -0.35215373
   5   13  0.00000000  0.25000000  0.00000000  1.90587202 -0.35215373
   5   14  0.00000000  0.25000000  0.00000000  1.90587202 -0.24742464
   5   15  0.00000000  0.25000000  0.00000000  1.90587202 -0.24742464
   5   16  0.00000000  0.25000000  0.00000000  1.90587202 -0.19382495
   5   17  0.00000000  0.25000000  0.00000000  1.90587202 -0.19382495
   5   18  0.00000000  0.25000000  0.00000000  1.90587202 -0.17993430
   5   19  0.00000000  0.25000000  0.00000000  1.90587202 -0.17993430
   5   20  0.00000000  0.25000000  0.00000000  1.90587202 -0.12104402
   5   21  0.00000000  0.25000000  0.00000000  1.90587202 -0.12104402
   5   22  0.00000000  0.25000000  0.00000000  1.90587202 -0.11156935
   5   23  0.00000000  0.25000000  0.00000000  1.90587202 -0.11156935
   5   24  0.00000000  0.25000000  0.00000000  1.90587202 -0.07293087
   5   25  0.00000000  0.25000000  0.00000000  1.90587202 -0.07293087
   5   26  0.00000000  0.25000000  0.00000000  1.90587202 -0.00660902
   5   27  0.00000000  0.25000000  0.00000000  1.90587202 -0.00660902
   5   28  0.00000000  0.25000000  0.00000000  1.90587202  0.04811712
   5   29  0.00000000  0.25000000  0.00000000  1.90587202  0.04811712
   6    0  0.00000000  0.30000000  0.00000000  2.28704642 -4.49354538
   6    1  0.00000000  0.30000000  0.00000000  2.28704642 -4.49354538
   6    2  0.00000000  0.30000000  0.00000000  2.28704642 -2.71025649
   6    3  0.00000000  0.30000000  0.00000000  2.28704642 -2.71025649
   6    4  0.00000000  0.30000000  0.00000000  2.28704642 -2.53442044
   6    5  0.00000000  0.30000000  0.00000000  2.28704642 -2.53442044
   6    6  0.00000000  0.30000000  0.00000000  2.28704642 -2.51395455
   6    7  0.00000000  0.30000000  0.00000000  2.28704642 -2.51395455
   6    8  0.00000000  0.30000000  0.00000000  2.28704642 -0.92414918
   6    9  0.00000000  0.30000000  0.00000000  2.28704642 -0.92414918
   6   10  0.00000000  0.30000000  0.00000000  2.28704642 -0.87223157
   6   11  0.00000000  0.30000000  0.00000000  2.28704642 -0.87223157
   6   12  0.00000000  0.30000000  0.00000000  2.28704642 -0.34290453
   6   13  0.00000000  0.30000000  0.00000000  2.28704642 -0.34290453
   6   14  0.00000000  0.30000000  0.00000000  2.28704642 -0.30060112
   6   15  0.00000000  0.30000000  0.00000000  2.28704642 -0.30060112
   6   16  0.00000000  0.30000000  0.00000000  2.28704642 -0.24160348
   6   17  0.00000000  0.30000000  0.00000000  2.28704642 -0.24160348
   6   18  0.00000000  0.30000000  0.00000000  2.28704642 -0.21388575
   6   19  0.00000000  0.30000000  0.00000000  2.28704642 -0.21388575
   6   20  0.00000000  0.30000000  0.00000000  2.28704642 -0.14068114
   6   21  0.00000000  0.30000000  0.00000000  2.28704642 -0.14068114
   6   22  0.00000000  0.30000000  0.00000000  2.28704642 -0.10325642
   6   23  0.00000000  0.30000000  0.00000000  2.28704642 -0.10325642
   6   24  0.00000000  0.30000000  0.00000000  2.28704642 -0.07493181
   6   25  0.00000000  0.30000000  0.00000000  2.28704642 -0.07493181
   6   26  0.00000000  0.30000000  0.00000000  2.28704642  0.04264596
   6   27  0.00000000  0.30000000  0.00000000  2.28704642  0.04264596
   6   28  0.00000000  0.30000000  0.00000000  2.28704642  0.06618695
   6   29  0.00000000  0.30000000  0.00000000  2.28704642  0.06618695
   7    0  0.00000000  0.35000000  0.00000000  2.66822083 -4.49602825
   7    1  0.00000000  0.35000000  0.00000000  2.66822083 -4.49602825
   7    2  0.00000000  0.35000000  0.00000000  2.66822083 -2.71567031
   7    3  0.00000000  0.35000000  0.00000000  2.66822083 -2.71567031
   7    4  0.00000000  0.35000000  0.00000000  2.66822083 -2.53635759
   7    5  0.00000000  0.35000000  0.00000000  2.66822083 -2.53635759
   7    6  0.00000000  0.35000000  0.00000000  2.66822083 -2.52673821
   7    7  0.00000000  0.35000000  0.00000000  2.66822083 -2.52673821
   7    8  0.00000000  0.35000000  0.00000000  2.66822083 -0.91852433
   7    9  0.00000000  0.35000000  0.00000000  2.66822083 -0.91852433
   7   10  0.00000000  0.35000000  0.00000000  2.66822083 -0.88150532
   7   11  0.00000000  0.35000000  0.00000000  2.66822083 -0.88150532
   7   12  0.00000000  0.35000000  0.00000000  2.66822083 -0.37349395
   7   13  0.00000000  0.35000000  0.00000000  2.66822083 -0.37349395
   7   14  0.00000000  0.35000000  0.00000000  2.66822083 -0.32614290
   7   15  0.00000000  0.35000000  0.00000000  2.66822083 -0.32614290
   7   16  0.00000000  0.35000000  0.00000000  2.66822083 -0.30580922
   7   17  0.00000000  0.35000000  0.00000000  2.66822083 -0.30580922
   7   18  0.00000000  0.35000000  0.00000000  2.66822083 -0.23279140
   7   19  0.00000000  0.35000000  0.00000000  2.66822083 -0.23279140
   7   20  0.00000000  0.35000000  0.00000000  2.66822083 -0.15530838
   7   21  0.00000000  0.35000000  0.00000000  2.66822083 -0.15530838
   7   22  0.00000000  0.35000000  0.00000000  2.66822083 -0.09644527
   7   23  0.00000000  0.35000000  0.00000000  2.66822083 -0.09644527
   7   24  0.00000000  0.35000000  0.00000000  2.66822083 -0.07403565
   7   25  0.00000000  0.35000000  0.00000000  2.66822083 -0.07403565
   7   26  0.00000000  0.35000000  0.00000000  2.66822083  0.09124760
   7   27  0.00000000  0.35000000  0.00000000  2.66822083  0.09124760
   7   28  0.00000000  0.35000000  0.00000000  2.66822083  0.09787517
   7   29  0.00000000  0.35000000  0.00000000  2.66822083  0.09787517
   8    0  0.00000000  0.40000000  0.00000000  3.04939523 -4.49929230
   8    1  0.00000000  0.40000000  0.00000000  3.04939523 -4.49929230
   8    2  0.00000000  0.40000000  0.00000000  3.04939523 -2.72236427
   8    3  0.00000000  0.40000000  0.00000000  3.04939523 -2.72236427
   8    4  0.00000000  0.40000000  0.00000000  3.04939523 -2.54149389
   8    5  0.00000000  0.40000000  0.00000000  3.04939523 -2.54149389
   8    6  0.00000000  0.40000000  0.00000000  3.04939523 -2.53756321
   8    7  0.00000000  0.40000000  0.00000000  3.04939523 -2.53756321
   8    8  0.00000000  0.40000000  0.00000000  3.04939523 -0.92176910
   8    9  0.00000000  0.40000000  0.00000000  3.04939523 -0.92176910
   8   10  0.00000000  0.40000000  0.00000000  3.04939523 -0.89873222
   8   11  0.00000000  0.40000000  0.00000000  3.04939523 -0.89873222
   8   12  0.00000000  0.40000000  0.00000000  3.04939523 -0.42011404
   8   13  0.00000000  0.40000000  0.00000000  3.04939523 -0.42011404
   8   14  0.00000000  0.40000000  0.00000000  3.04939523 -0.35358517
   8   15  0.00000000  0.40000000  0.00000000  3.04939523 -0.35358517
   8   16  0.00000000  0.40000000  0.00000000  3.04939523 -0.32921519
   8   17  0.00000000  0.40000000  0.00000000  3.04939523 -0.32921519
   8   18  0.00000000  0.40000000  0.00000000  3.04939523 -0.24825751
   8   19  0.00000000  0.40000000  0.00000000  3.04939523 -0.24825751
   8   20  0.00000000  0.40000000  0.00000000  3.04939523 -0.16723656
   8   21  0.00000000  0.40000000  0.00000000  3.04939523 -0.16723656
   8   22  0.00000000  0.40000000  0.00000000  3.04939523 -0.09695658
   8   23  0.00000000  0.40000000  0.00000000  3.04939523 -0.09695658
   8   24  0.00000000  0.40000000  0.00000000  3.04939523 -0.07617189
   8   25  0.00000000  0.40000000  0.00000000  3.04939523 -0.07617189
   8   26  0.00000000  0.40000000  0.00000000  3.04939523  0.12704212
   8   27  0.00000000  0.40000000  0.00000000  3.04939523  0.12704212
   8   28  0.00000000  0.40000000  0.00000000  3.04939523  0.13283897
   8   29  0.00000000  0.40000000  0.00000000  3.04939523  0.13283897
   9    0  0.00000000  0.45000000  0.00000000  3.43056964 -4.50200267
   9    1  0.00000000  0.45000000  0.00000000  3.43056964 -4.50200267
   9    2  0.00000000  0.45000000  0.00000000  3.43056964 -2.72797829
   9    3  0.00000000  0.45000000  0.00000000  3.43056964 -2.72797829
   9    4  0.00000000  0.45000000  0.00000000  3.43056964 -2.55110070
   9    5  0.00000000  0.45000000  0.00000000  3.43056964 -2.55110070
   9    6  0.00000000  0.45000000  0.00000000  3.43056964 -2.53987363
   9    7  0.00000000  0.45000000  0.00000000  3.43056964 -2.53987363
   9    8  0.00000000  0.45000000  0.00000000  3.43056964 -0.92761210
   9    9  0.00000000  0.45000000  0.00000000  3.43056964 -0.92761210
   9   10  0.00000000  0.45000000  0.00000000  3.43056964 -0.91445942
   9   11  0.00000000  0.45000000  0.00000000  3.43056964 -0.91445942
   9   12  0.00000000  0.45000000  0.00000000  3.43056964 -0.45049123
   9   13  0.00000000  0.45000000  0.00000000  3.43056964 -0.45049123
   9   14  0.00000000  0.45000000  0.00000000  3.43056964 -0.38191720
   9   15  0.00000000  0.45000000  0.00000000  3.43056964 -0.38191720
   9   16  0.00000000  0.45000000  0.00000000  3.43056964 -0.33182847
   9   17  0.00000000  0.45000000  0.00000000  3.43056964 -0.33182847
   9   18  0.00000000  0.45000000  0.00000000  3.43056964 -0.25837786
   9   19  0.00000000  0.45000000  0.00000000  3.43056964 -0.25837786
   9   20  0.00000000  0.45000000  0.00000000  3.43056964 -0.17551482
   9   21  0.00000000  0.45000000  0.00000000  3.43056964 -0.17551482
   9   22  0.00000000  0.45000000  0.00000000  3.43056964 -0.09973434
   9   23  0.00000000  0.45000000  0.00000000  3.43056964 -0.09973434
   9   24  0.00000000  0.45000000  0.00000000  3.43056964 -0.07911511
   9   25  0.00000000  0.45000000  0.00000000  3.43056964 -0.07911511
   9   26  0.00000000  0.45000000  0.00000000  3.43056964  0.13367635
   9   27  0.00000000  0.45000000  0.00000000  3.43056964  0.13367635
   9   28  0.00000000  0.45000000  0.00000000  3.43056964  0.16034498
   9   29  0.00000000  0.45000000  0.00000000  3.43056964  0.16034498
  10    0  0.00000000  0.50000000  0.00000000  3.81174404 -4.50304966
  10    1  0.00000000  0.50000000  0.00000000  3.81174404 -4.50304966
  10    2  0.00000000  0.50000000  0.00000000  3.81174404 -2.73018052
  10    3  0.00000000  0.50000000  0.00000000  3.81174404 -2.73018052
  10    4  0.00000000  0.50000000  0.00000000  3.81174404 -2.55473845
  10    5  0.00000000  0.50000000  0.00000000  3.81174404 -2.55473845
  10    6  0.00000000  0.50000000  0.00000000  3.81174404 -2.54059824
  10    7  0.00000000  0.50000000  0.00000000  3.81174404 -2.54059824
  10    8  0.00000000  0.50000000  0.00000000  3.81174404 -0.93032470
  10    9  0.00000000  0.50000000  0.00000000  3.81174404 -0.93032470
  10   10  0.00000000  0.50000000  0.00000000  3.81174404 -0.92070968
  10   11  0.00000000  0.50000000  0.00000000  3.81174404 -0.92070968
  10   12  0.00000000  0.50000000  0.00000000  3.81174404 -0.46080419
  10   13  0.00000000  0.50000000  0.00000000  3.81174404 -0.46080419
  10   14  0.00000000  0.50000000  0.00000000  3.81174404 -0.39122010
  10   15  0.00000000  0.50000000  0.00000000  3.81174404 -0.39122010
  10   16  0.00000000  0.50000000  0.00000000  3.81174404 -0.33296705
  10   17  0.00000000  0.50000000  0.00000000  3.81174404 -0.33296705
  10   18  0.00000000  0.50000000  0.00000000  3.81174404 -0.26189694
  10   19  0.00000000  0.50000000  0.00000000  3.81174404 -0.26189694
  10   20  0.00000000  0.50000000  0.00000000  3.81174404 -0.17848713
  10   21  0.00000000  0.50000000  0.00000000  3.81174404 -0.17848713
  10   22  0.00000000  0.50000000  0.00000000  3.81174404 -0.10107793
  10   23  0.00000000  0.50000000  0.00000000  3.81174404 -0.10107793
  10   24  0.00000000  0.50000000  0.00000000  3.81174404 -0.08038470
  10   25  0.00000000  0.50000000  0.00000000  3.81174404 -0.08038470
  10   26  0.00000000  0.50000000  0.00000000  3.81174404  0.13578264
  10   27  0.00000000  0.50000000  0.00000000  3.81174404  0.13578264
  10   28  0.00000000  0.50000000  0.00000000  3.81174404  0.17239967
  10   29  0.00000000  0.50000000  0.00000000  3.81174404  0.17239967
  11    0  0.03333000  0.48333000  0.00000000  4.03179316 -4.50172430
  11    1  0.03333000  0.48333000  0.00000000  4.03179316 -4.50172430
  11    2  0.03333000  0.48333000  0.00000000  4.03179316 -2.72832970
  11    3  0.03333000  0.48333000  0.00000000  4.03179316 -2.72832970
  11    4  0.03333000  0.48333000  0.00000000  4.03179316 -2.55284419
  11    5  0.03333000  0.48333000  0.00000000  4.03179316 -2.55284419
  11    6  0.03333000  0.48333000  0.00000000  4.03179316 -2.53842418
  11    7  0.03333000  0.48333000  0.00000000  4.03179316 -2.53842418
  11    8  0.03333000  0.48333000  0.00000000  4.03179316 -0.92830817
  11    9  0.03333000  0.48333000  0.00000000  4.03179316 -0.92830817
  11   10  0.03333000  0.48333000  0.00000000  4.03179316 -0.91809661
  11   11  0.03333000  0.48333000  0.00000000  4.03179316 -0.91809661
  11   12  0.03333000  0.48333000  0.00000000  4.03179316 -0.45743698
  11   13  0.03333000  0.48333000  0.00000000  4.03179316 -0.45743698
  11   14  0.03333000  0.48333000  0.00000000  4.03179316 -0.38854545
  11   15  0.03333000  0.48333000  0.00000000  4.03179316 -0.38854545
  11   16  0.03333000  0.48333000  0.00000000  4.03179316 -0.33111636
  11   17  0.03333000  0.48333000  0.00000000  4.03179316 -0.33111636
  11   18  0.03333000  0.48333000  0.00000000  4.03179316 -0.26034806
  11   19  0.03333000  0.48333000  0.00000000  4.03179316 -0.26034806
  11   20  0.03333000  0.48333000  0.00000000  4.03179316 -0.17738363
  11   21  0.03333000  0.48333000  0.00000000  4.03179316 -0.17738363
  11   22  0.03333000  0.48333000  0.00000000  4.03179316 -0.10129549
  11   23  0.03333000  0.48333000  0.00000000  4.03179316 -0.10129549
  11   24  0.03333000  0.48333000  0.00000000  4.03179316 -0.07967133
  11   25  0.03333000  0.48333000  0.00000000  4.03179316 -0.07967133
  11   26  0.03333000  0.48333000  0.00000000  4.03179316  0.13487606
  11   27  0.03333000  0.48333000  0.00000000  4.03179316  0.13487606
  11   28  0.03333000  0.48333000  0.00000000  4.03179316  0.16470285
  11   29  0.03333000  0.48333000  0.00000000  4.03179316  0.16470285
  12    0  0.06666000  0.46666000  0.00000000  4.25184228 -4.49797122
  12    1  0.06666000  0.46666000  0.00000000  4.25184228 -4.49797122
  12    2  0.06666000  0.46666000  0.00000000  4.25184228 -2.72317121
  12    3  0.06666000  0.46666000  0.00000000  4.25184228 -2.72317121
  12    4  0.06666000  0.46666000  0.00000000  4.25184228 -2.54827320
  12    5  0.06666000  0.46666000  0.00000000  4.25184228 -2.54827320
  12    6  0.06666000  0.46666000  0.00000000  4.25184228 -2.53121159
  12    7  0.06666000  0.46666000  0.00000000  4.25184228 -2.53121159
  12    8  0.06666000  0.46666000  0.00000000  4.25184228 -0.92251110
  12    9  0.06666000  0.46666000  0.00000000  4.25184228 -0.92251110
  12   10  0.06666000  0.46666000  0.00000000  4.25184228 -0.91055023
  12   11  0.06666000  0.46666000  0.00000000  4.25184228 -0.91055023
  12   12  0.06666000  0.46666000  0.00000000  4.25184228 -0.44748885
  12   13  0.06666000  0.46666000  0.00000000  4.25184228 -0.44748885
  12   14  0.06666000  0.46666000  0.00000000  4.25184228 -0.38075053
  12   15  0.06666000  0.46666000  0.00000000  4.25184228 -0.38075053
  12   16  0.06666000  0.46666000  0.00000000  4.25184228 -0.32581396
  12   17  0.06666000  0.46666000  0.00000000  4.25184228 -0.32581396
  12   18  0.06666000  0.46666000  0.00000000  4.25184228 -0.25585180
  12   19  0.06666000  0.46666000  0.00000000  4.25184228 -0.25585180
  12   20  0.06666000  0.46666000  0.00000000  4.25184228 -0.17391191
  12   21  0.06666000  0.46666000  0.00000000  4.25184228 -0.17391191
  12   22  0.06666000  0.46666000  0.00000000  4.25184228 -0.10235539
  12   23  0.06666000  0.46666000  0.00000000  4.25184228 -0.10235539
  12   24  0.06666000  0.46666000  0.00000000  4.25184228 -0.07720691
  12   25  0.06666000  0.46666000  0.00000000  4.25184228 -0.07720691
  12   26  0.06666000  0.46666000  0.00000000  4.25184228  0.13191980
  12   27  0.06666000  0.46666000  0.00000000  4.25184228  0.13191980
  12   28  0.06666000  0.46666000  0.00000000  4.25184228  0.14826027
  12   29  0.06666000  0.46666000  0.00000000  4.25184228  0.14826027
  13    0  0.09999000  0.44999000  0.00000000  4.47189140 -4.49241428
  13    1  0.09999000  0.44999000  0.00000000  4.47189140 -4.49241428
  13    2  0.09999000  0.44999000  0.00000000  4.47189140 -2.71574312
  13    3  0.09999000  0.44999000  0.00000000  4.47189140 -2.71574312
  13    4  0.09999000  0.44999000  0.00000000  4.47189140 -2.54288825
  13    5  0.09999000  0.44999000  0.00000000  4.47189140 -2.54288825
  13    6  0.09999000  0.44999000  0.00000000  4.47189140 -2.51843461
  13    7  0.09999000  0.44999000  0.00000000  4.47189140 -2.51843461
  13    8  0.09999000  0.44999000  0.00000000  4.47189140 -0.91365308
  13    9  0.09999000  0.44999000  0.00000000  4.47189140 -0.91365308
  13   10  0.09999000  0.44999000  0.00000000  4.47189140 -0.89892769
  13   11  0.09999000  0.44999000  0.00000000  4.47189140 -0.89892769
  13   12  0.09999000  0.44999000  0.00000000  4.47189140 -0.43143208
  13   13  0.09999000  0.44999000  0.00000000  4.47189140 -0.43143208
  13   14  0.09999000  0.44999000  0.00000000  4.47189140 -0.36851112
  13   15  0.09999000  0.44999000  0.00000000  4.47189140 -0.36851112
  13   16  0.09999000  0.44999000  0.00000000  4.47189140 -0.31779976
  13   17  0.09999000  0.44999000  0.00000000  4.47189140 -0.31779976
  13   18  0.09999000  0.44999000  0.00000000  4.47189140 -0.24891953
  13   19  0.09999000  0.44999000  0.00000000  4.47189140 -0.24891953
  13   20  0.09999000  0.44999000  0.00000000  4.47189140 -0.16756222
  13   21  0.09999000  0.44999000  0.00000000  4.47189140 -0.16756222
  13   22  0.09999000  0.44999000  0.00000000  4.47189140 -0.10512531
  13   23  0.09999000  0.44999000  0.00000000  4.47189140 -0.10512531
  13   24  0.09999000  0.44999000  0.00000000  4.47189140 -0.07237605
  13   25  0.09999000  0.44999000  0.00000000  4.47189140 -0.07237605
  13   26  0.09999000  0.44999000  0.00000000  4.47189140  0.12195435
  13   27  0.09999000  0.44999000  0.00000000  4.47189140  0.12195435
  13   28  0.09999000  0.44999000  0.00000000  4.47189140  0.12621603
  13   29  0.09999000  0.44999000  0.00000000  4.47189140  0.12621603
  14    0  0.13332000  0.43332000  0.00000000  4.69194052 -4.48595583
  14    1  0.13332000  0.43332000  0.00000000  4.69194052 -4.48595583
  14    2  0.13332000  0.43332000  0.00000000  4.69194052 -2.70738042
  14    3  0.13332000  0.43332000  0.00000000  4.69194052 -2.70738042
  14    4  0.13332000  0.43332000  0.00000000  4.69194052 -2.53738689
  14    5  0.13332000  0.43332000  0.00000000  4.69194052 -2.53738689
  14    6  0.13332000  0.43332000  0.00000000  4.69194052 -2.50176138
  14    7  0.13332000  0.43332000  0.00000000  4.69194052 -2.50176138
  14    8  0.13332000  0.43332000  0.00000000  4.69194052 -0.90281525
  14    9  0.13332000  0.43332000  0.00000000  4.69194052 -0.90281525
  14   10  0.13332000  0.43332000  0.00000000  4.69194052 -0.88457773
  14   11  0.13332000  0.43332000  0.00000000  4.69194052 -0.88457773
  14   12  0.13332000  0.43332000  0.00000000  4.69194052 -0.41009766
  14   13  0.13332000  0.43332000  0.00000000  4.69194052 -0.41009766
  14   14  0.13332000  0.43332000  0.00000000  4.69194052 -0.35288856
  14   15  0.13332000  0.43332000  0.00000000  4.69194052 -0.35288856
  14   16  0.13332000  0.43332000  0.00000000  4.69194052 -0.30824986
  14   17  0.13332000  0.43332000  0.00000000  4.69194052 -0.30824986
  14   18  0.13332000  0.43332000  0.00000000  4.69194052 -0.24056818
  14   19  0.13332000  0.43332000  0.00000000  4.69194052 -0.24056818
  14   20  0.13332000  0.43332000  0.00000000  4.69194052 -0.15749032
  14   21  0.13332000  0.43332000  0.00000000  4.69194052 -0.15749032
  14   22  0.13332000  0.43332000  0.00000000  4.69194052 -0.11038181
  14   23  0.13332000  0.43332000  0.00000000  4.69194052 -0.11038181
  14   24  0.13332000  0.43332000  0.00000000  4.69194052 -0.06482614
  14   25  0.13332000  0.43332000  0.00000000  4.69194052 -0.06482614
  14   26  0.13332000  0.43332000  0.00000000  4.69194052  0.08805350
  14   27  0.13332000  0.43332000  0.00000000  4.69194052  0.08805350
  14   28  0.13332000  0.43332000  0.00000000  4.69194052  0.11192381
  14   29  0.13332000  0.43332000  0.00000000  4.69194052  0.11192381
  15    0  0.16665000  0.41665000  0.00000000  4.91198964 -4.47960940
  15    1  0.16665000  0.41665000  0.00000000  4.91198964 -4.47960940
  15    2  0.16665000  0.41665000  0.00000000  4.91198964 -2.69936088
  15    3  0.16665000  0.41665000  0.00000000  4.91198964 -2.69936088
  15    4  0.16665000  0.41665000  0.00000000  4.91198964 -2.53204108
  15    5  0.16665000  0.41665000  0.00000000  4.91198964 -2.53204108
  15    6  0.16665000  0.41665000  0.00000000  4.91198964 -2.48422206
  15    7  0.16665000  0.41665000  0.00000000  4.91198964 -2.48422206
  15    8  0.16665000  0.41665000  0.00000000  4.91198964 -0.89128144
  15    9  0.16665000  0.41665000  0.00000000  4.91198964 -0.89128144
  15   10  0.16665000  0.41665000  0.00000000  4.91198964 -0.86920546
  15   11  0.16665000  0.41665000  0.00000000  4.91198964 -0.86920546
  15   12  0.16665000  0.41665000  0.00000000  4.91198964 -0.38476518
  15   13  0.16665000  0.41665000  0.00000000  4.91198964 -0.38476518
  15   14  0.16665000  0.41665000  0.00000000  4.91198964 -0.33516063
  15   15  0.16665000  0.41665000  0.00000000  4.91198964 -0.33516063
  15   16  0.16665000  0.41665000  0.00000000  4.91198964 -0.29859313
  15   17  0.16665000  0.41665000  0.00000000  4.91198964 -0.29859313
  15   18  0.16665000  0.41665000  0.00000000  4.91198964 -0.23235522
  15   19  0.16665000  0.41665000  0.00000000  4.91198964 -0.23235522
  15   20  0.16665000  0.41665000  0.00000000  4.91198964 -0.14299413
  15   21  0.16665000  0.41665000  0.00000000  4.91198964 -0.14299413
  15   22  0.16665000  0.41665000  0.00000000  4.91198964 -0.11870028
  15   23  0.16665000  0.41665000  0.00000000  4.91198964 -0.11870028
  15   24  0.16665000  0.41665000  0.00000000  4.91198964 -0.05450054
  15   25  0.16665000  0.41665000  0.00000000  4.91198964 -0.05450054
  15   26  0.16665000  0.41665000  0.00000000  4.91198964  0.04921224
  15   27  0.16665000  0.41665000  0.00000000  4.91198964  0.04921224
  15   28  0.16665000  0.41665000  0.00000000  4.91198964  0.09098600
  15   29  0.16665000  0.41665000  0.00000000  4.91198964  0.09098600
  16    0  0.19998000  0.39998000  0.00000000  5.13203876 -4.47432667
  16    1  0.19998000  0.39998000  0.00000000  5.13203876 -4.47432667
  16    2  0.19998000  0.39998000  0.00000000  5.13203876 -2.69270064
  16    3  0.19998000  0.39998000  0.00000000  5.13203876 -2.69270064
  16    4  0.19998000  0.39998000  0.00000000  5.13203876 -2.52725703
  16    5  0.19998000  0.39998000  0.00000000  5.13203876 -2.52725703
  16    6  0.19998000  0.39998000  0.00000000  5.13203876 -2.46916245
  16    7  0.19998000  0.39998000  0.00000000  5.13203876 -2.46916245
  16    8  0.19998000  0.39998000  0.00000000  5.13203876 -0.88034680
  16    9  0.19998000  0.39998000  0.00000000  5.13203876 -0.88034680
  16   10  0.19998000  0.39998000  0.00000000  5.13203876 -0.85467217
  16   11  0.19998000  0.39998000  0.00000000  5.13203876 -0.85467217
  16   12  0.19998000  0.39998000  0.00000000  5.13203876 -0.35739079
  16   13  0.19998000  0.39998000  0.00000000  5.13203876 -0.35739079
  16   14  0.19998000  0.39998000  0.00000000  5.13203876 -0.31654814
  16   15  0.19998000  0.39998000  0.00000000  5.13203876 -0.31654814
  16   16  0.19998000  0.39998000  0.00000000  5.13203876 -0.29006292
  16   17  0.19998000  0.39998000  0.00000000  5.13203876 -0.29006292
  16   18  0.19998000  0.39998000  0.00000000  5.13203876 -0.22602915
  16   19  0.19998000  0.39998000  0.00000000  5.13203876 -0.22602915
  16   20  0.19998000  0.39998000  0.00000000  5.13203876 -0.13183870
  16   21  0.19998000  0.39998000  0.00000000  5.13203876 -0.13183870
  16   22  0.19998000  0.39998000  0.00000000  5.13203876 -0.12374316
  16   23  0.19998000  0.39998000  0.00000000  5.13203876 -0.12374316
  16   24  0.19998000  0.39998000  0.00000000  5.13203876 -0.04153942
  16   25  0.19998000  0.39998000  0.00000000  5.13203876 -0.04153942
  16   26  0.19998000  0.39998000  0.00000000  5.13203876  0.01044026
  16   27  0.19998000  0.39998000  0.00000000  5.13203876  0.01044026
  16   28  0.19998000  0.39998000  0.00000000  5.13203876  0.07178286
  16   29  0.19998000  0.39998000  0.00000000  5.13203876  0.07178286
  17    0  0.23331000  0.38331000  0.00000000  5.35208788 -4.47085054
  17    1  0.23331000  0.38331000  0.00000000  5.35208788 -4.47085054
  17    2  0.23331000  0.38331000  0.00000000  5.35208788 -2.68810564
  17    3  0.23331000  0.38331000  0.00000000  5.35208788 -2.68810564
  17    4  0.23331000  0.38331000  0.00000000  5.35208788 -2.52348015
  17    5  0.23331000  0.38331000  0.00000000  5.35208788 -2.52348015
  17    6  0.23331000  0.38331000  0.00000000  5.35208788 -2.45950617
  17    7  0.23331000  0.38331000  0.00000000  5.35208788 -2.45950617
  17    8  0.23331000  0.38331000  0.00000000  5.35208788 -0.87112912
  17    9  0.23331000  0.38331000  0.00000000  5.35208788 -0.87112912
  17   10  0.23331000  0.38331000  0.00000000  5.35208788 -0.84273535
  17   11  0.23331000  0.38331000  0.00000000  5.35208788 -0.84273535
  17   12  0.23331000  0.38331000  0.00000000  5.35208788 -0.33130189
  17   13  0.23331000  0.38331000  0.00000000  5.35208788 -0.33130189
  17   14  0.23331000  0.38331000  0.00000000  5.35208788 -0.29801270
  17   15  0.23331000  0.38331000  0.00000000  5.35208788 -0.29801270
  17   16  0.23331000  0.38331000  0.00000000  5.35208788 -0.28279563
  17   17  0.23331000  0.38331000  0.00000000  5.35208788 -0.28279563
  17   18  0.23331000  0.38331000  0.00000000  5.35208788 -0.22312425
  17   19  0.23331000  0.38331000  0.00000000  5.35208788 -0.22312425
  17   20  0.23331000  0.38331000  0.00000000  5.35208788 -0.14624762
  17   21  0.23331000  0.38331000  0.00000000  5.35208788 -0.14624762
  17   22  0.23331000  0.38331000  0.00000000  5.35208788 -0.11036678
  17   23  0.23331000  0.38331000  0.00000000  5.35208788 -0.11036678
  17   24  0.23331000  0.38331000  0.00000000  5.35208788 -0.02668931
  17   25  0.23331000  0.38331000  0.00000000  5.35208788 -0.02668931
  17   26  0.23331000  0.38331000  0.00000000  5.35208788 -0.01711074
  17   27  0.23331000  0.38331000  0.00000000  5.35208788 -0.01711074
  17   28  0.23331000  0.38331000  0.00000000  5.35208788  0.05677728
  17   29  0.23331000  0.38331000  0.00000000  5.35208788  0.05677728
  18    0  0.26664000  0.36664000  0.00000000  5.57213700 -4.46961142
  18    1  0.26664000  0.36664000  0.00000000  5.57213700 -4.46961142
  18    2  0.26664000  0.36664000  0.00000000  5.57213700 -2.68599117
  18    3  0.26664000  0.36664000  0.00000000  5.57213700 -2.68599117
  18    4  0.26664000  0.36664000  0.00000000  5.57213700 -2.52108014
  18    5  0.26664000  0.36664000  0.00000000  5.57213700 -2.52108014
  18    6  0.26664000  0.36664000  0.00000000  5.57213700 -2.45697382
  18    7  0.26664000  0.36664000  0.00000000  5.57213700 -2.45697382
  18    8  0.26664000  0.36664000  0.00000000  5.57213700 -0.86441653
  18    9  0.26664000  0.36664000  0.00000000  5.57213700 -0.86441653
  18   10  0.26664000  0.36664000  0.00000000  5.57213700 -0.83475284
  18   11  0.26664000  0.36664000  0.00000000  5.57213700 -0.83475284
  18   12  0.26664000  0.36664000  0.00000000  5.57213700 -0.31276952
  18   13  0.26664000  0.36664000  0.00000000  5.57213700 -0.31276952
  18   14  0.26664000  0.36664000  0.00000000  5.57213700 -0.28040901
  18   15  0.26664000  0.36664000  0.00000000  5.57213700 -0.28040901
  18   16  0.26664000  0.36664000  0.00000000  5.57213700 -0.27454023
  18   17  0.26664000  0.36664000  0.00000000  5.57213700 -0.27454023
  18   18  0.26664000  0.36664000  0.00000000  5.57213700 -0.22519839
  18   19  0.26664000  0.36664000  0.00000000  5.57213700 -0.22519839
  18   20  0.26664000  0.36664000  0.00000000  5.57213700 -0.16150471
  18   21  0.26664000  0.36664000  0.00000000  5.57213700 -0.16150471
  18   22  0.26664000  0.36664000  0.00000000  5.57213700 -0.11636060
  18   23  0.26664000  0.36664000  0.00000000  5.57213700 -0.11636060
  18   24  0.26664000  0.36664000  0.00000000  5.57213700 -0.01510584
  18   25  0.26664000  0.36664000  0.00000000  5.57213700 -0.01510584
  18   26  0.26664000  0.36664000  0.00000000  5.57213700 -0.01127181
  18   27  0.26664000  0.36664000  0.00000000  5.57213700 -0.01127181
  18   28  0.26664000  0.36664000  0.00000000  5.57213700  0.04778977
  18   29  0.26664000  0.36664000  0.00000000  5.57213700  0.04778977
  19    0  0.29997000  0.34997000  0.00000000  5.79218612 -4.47067205
  19    1  0.29997000  0.34997000  0.00000000  5.79218612 -4.47067205
  19    2  0.29997000  0.34997000  0.00000000  5.79218612 -2.68649749
  19    3  0.29997000  0.34997000  0.00000000  5.79218612 -2.68649749
  19    4  0.29997000  0.34997000  0.00000000  5.79218612 -2.52031165
  19    5  0.29997000  0.34997000  0.00000000  5.79218612 -2.52031165
  19    6  0.29997000  0.34997000  0.00000000  5.79218612 -2.46153459
  19    7  0.29997000  0.34997000  0.00000000  5.79218612 -2.46153459
  19    8  0.29997000  0.34997000  0.00000000  5.79218612 -0.86056332
  19    9  0.29997000  0.34997000  0.00000000  5.79218612 -0.86056332
  19   10  0.29997000  0.34997000  0.00000000  5.79218612 -0.83140585
  19   11  0.29997000  0.34997000  0.00000000  5.79218612 -0.83140585
  19   12  0.29997000  0.34997000  0.00000000  5.79218612 -0.30766549
  19   13  0.29997000  0.34997000  0.00000000  5.79218612 -0.30766549
  19   14  0.29997000  0.34997000  0.00000000  5.79218612 -0.26553555
  19   15  0.29997000  0.34997000  0.00000000  5.79218612 -0.26553555
  19   16  0.29997000  0.34997000  0.00000000  5.79218612 -0.26480437
  19   17  0.29997000  0.34997000  0.00000000  5.79218612 -0.26480437
  19   18  0.29997000  0.34997000  0.00000000  5.79218612 -0.23353187
  19   19  0.29997000  0.34997000  0.00000000  5.79218612 -0.23353187
  19   20  0.29997000  0.34997000  0.00000000  5.79218612 -0.17096006
  19   21  0.29997000  0.34997000  0.00000000  5.79218612 -0.17096006
  19   22  0.29997000  0.34997000  0.00000000  5.79218612 -0.13309614
  19   23  0.29997000  0.34997000  0.00000000  5.79218612 -0.13309614
  19   24  0.29997000  0.34997000  0.00000000  5.79218612 -0.00139531
  19   25  0.29997000  0.34997000  0.00000000  5.79218612 -0.00139531
  19   26  0.29997000  0.34997000  0.00000000  5.79218612  0.01207634
  19   27  0.29997000  0.34997000  0.00000000  5.79218612  0.01207634
  19   28  0.29997000  0.34997000  0.00000000  5.79218612  0.04497513
  19   29  0.29997000  0.34997000  0.00000000  5.79218612  0.04497513
  20    0  0.33330000  0.33330000  0.00000000  6.01223524 -4.47372116
  20    1  0.33330000  0.33330000  0.00000000  6.01223524 -4.47372116
  20    2  0.33330000  0.33330000  0.00000000  6.01223524 -2.68947481
  20    3  0.33330000  0.33330000  0.00000000  6.01223524 -2.68947481
  20    4  0.33330000  0.33330000  0.00000000  6.01223524 -2.52135130
  20    5  0.33330000  0.33330000  0.00000000  6.01223524 -2.52135130
  20    6  0.33330000  0.33330000  0.00000000  6.01223524 -2.47135599
  20    7  0.33330000  0.33330000  0.00000000  6.01223524 -2.47135599
  20    8  0.33330000  0.33330000  0.00000000  6.01223524 -0.85943414
  20    9  0.33330000  0.33330000  0.00000000  6.01223524 -0.85943414
  20   10  0.33330000  0.33330000  0.00000000  6.01223524 -0.83252388
  20   11  0.33330000  0.33330000  0.00000000  6.01223524 -0.83252388
  20   12  0.33330000  0.33330000  0.00000000  6.01223524 -0.31290519
  20   13  0.33330000  0.33330000  0.00000000  6.01223524 -0.31290519
  20   14  0.33330000  0.33330000  0.00000000  6.01223524 -0.26223008
  20   15  0.33330000  0.33330000  0.00000000  6.01223524 -0.26223008
  20   16  0.33330000  0.33330000  0.00000000  6.01223524 -0.26159206
  20   17  0.33330000  0.33330000  0.00000000  6.01223524 -0.26159206
  20   18  0.33330000  0.33330000  0.00000000  6.01223524 -0.24038286
  20   19  0.33330000  0.33330000  0.00000000  6.01223524 -0.24038286
  20   20  0.33330000  0.33330000  0.00000000  6.01223524 -0.16841770
  20   21  0.33330000  0.33330000  0.00000000  6.01223524 -0.16841770
  20   22  0.33330000  0.33330000  0.00000000  6.01223524 -0.14207168
  20   23  0.33330000  0.33330000  0.00000000  6.01223524 -0.14207168
  20   24  0.33330000  0.33330000  0.00000000  6.01223524 -0.00000000
  20   25  0.33330000  0.33330000  0.00000000  6.01223524  0.00000000
  20   26  0.33330000  0.33330000  0.00000000  6.01223524  0.03334813
  20   27  0.33330000  0.33330000  0.00000000  6.01223524  0.03334813
  20   28  0.33330000  0.33330000  0.00000000  6.01223524  0.04480709
  20   29  0.33330000  0.33330000  0.00000000  6.01223524  0.04480709
  21    0  0.29997000  0.29997000  0.00000000  6.45233323 -4.46784648
  21    1  0.29997000  0.29997000  0.00000000  6.45233323 -4.46784648
  21    2  0.29997000  0.29997000  0.00000000  6.45233323 -2.68143799
  21    3  0.29997000  0.29997000  0.00000000  6.45233323 -2.68143799
  21    4  0.29997000  0.29997000  0.00000000  6.45233323 -2.51438564
  21    5  0.29997000  0.29997000  0.00000000  6.45233323 -2.51438564
  21    6  0.29997000  0.29997000  0.00000000  6.45233323 -2.45499747
  21    7  0.29997000  0.29997000  0.00000000  6.45233323 -2.45499747
  21    8  0.29997000  0.29997000  0.00000000  6.45233323 -0.85060193
  21    9  0.29997000  0.29997000  0.00000000  6.45233323 -0.85060193
  21   10  0.29997000  0.29997000  0.00000000  6.45233323 -0.81474957
  21   11  0.29997000  0.29997000  0.00000000  6.45233323 -0.81474957
  21   12  0.29997000  0.29997000  0.00000000  6.45233323 -0.28166105
  21   13  0.29997000  0.29997000  0.00000000  6.45233323 -0.28166105
  21   14  0.29997000  0.29997000  0.00000000  6.45233323 -0.24775273
  21   15  0.29997000  0.29997000  0.00000000  6.45233323 -0.24775273
  21   16  0.29997000  0.29997000  0.00000000  6.45233323 -0.22902473
  21   17  0.29997000  0.29997000  0.00000000  6.45233323 -0.22902473
  21   18  0.29997000  0.29997000  0.00000000  6.45233323 -0.22114177
  21   19  0.29997000  0.29997000  0.00000000  6.45233323 -0.22114177
  21   20  0.29997000  0.29997000  0.00000000  6.45233323 -0.19327149
  21   21  0.29997000  0.29997000  0.00000000  6.45233323 -0.19327149
  21   22  0.29997000  0.29997000  0.00000000  6.45233323 -0.13342029
  21   23  0.29997000  0.29997000  0.00000000  6.45233323 -0.13342029
  21   24  0.29997000  0.29997000  0.00000000  6.45233323 -0.00285181
  21   25  0.29997000  0.29997000  0.00000000  6.45233323 -0.00285181
  21   26  0.29997000  0.29997000  0.00000000  6.45233323  0.00136389
  21   27  0.29997000  0.29997000  0.00000000  6.45233323  0.00136389
  21   28  0.29997000  0.29997000  0.00000000  6.45233323  0.01358387
  21   29  0.29997000  0.29997000  0.00000000  6.45233323  0.01358387
  22    0  0.26664000  0.26664000  0.00000000  6.89243122 -4.46477829
  22    1  0.26664000  0.26664000  0.00000000  6.89243122 -4.46477829
  22    2  0.26664000  0.26664000  0.00000000  6.89243122 -2.67678810
  22    3  0.26664000  0.26664000  0.00000000  6.89243122 -2.67678810
  22    4  0.26664000  0.26664000  0.00000000  6.89243122 -2.50996146
  22    5  0.26664000  0.26664000  0.00000000  6.89243122 -2.50996146
  22    6  0.26664000  0.26664000  0.00000000  6.89243122 -2.44531830
  22    7  0.26664000  0.26664000  0.00000000  6.89243122 -2.44531830
  22    8  0.26664000  0.26664000  0.00000000  6.89243122 -0.85328350
  22    9  0.26664000  0.26664000  0.00000000  6.89243122 -0.85328350
  22   10  0.26664000  0.26664000  0.00000000  6.89243122 -0.80731242
  22   11  0.26664000  0.26664000  0.00000000  6.89243122 -0.80731242
  22   12  0.26664000  0.26664000  0.00000000  6.89243122 -0.27541715
  22   13  0.26664000  0.26664000  0.00000000  6.89243122 -0.27541715
  22   14  0.26664000  0.26664000  0.00000000  6.89243122 -0.21983998
  22   15  0.26664000  0.26664000  0.00000000  6.89243122 -0.21983998
  22   16  0.26664000  0.26664000  0.00000000  6.89243122 -0.21268303
  22   17  0.26664000  0.26664000  0.00000000  6.89243122 -0.21268303
  22   18  0.26664000  0.26664000  0.00000000  6.89243122 -0.20400193
  22   19  0.26664000  0.26664000  0.00000000  6.89243122 -0.20400193
  22   20  0.26664000  0.26664000  0.00000000  6.89243122 -0.19105326
  22   21  0.26664000  0.26664000  0.00000000  6.89243122 -0.19105326
  22   22  0.26664000  0.26664000  0.00000000  6.89243122 -0.12257119
  22   23  0.26664000  0.26664000  0.00000000  6.89243122 -0.12257119
  22   24  0.26664000  0.26664000  0.00000000  6.89243122 -0.03395371
  22   25  0.26664000  0.26664000  0.00000000  6.89243122 -0.03395371
  22   26  0.26664000  0.26664000  0.00000000  6.89243122 -0.01533083
  22   27  0.26664000  0.26664000  0.00000000  6.89243122 -0.01533083
  22   28  0.26664000  0.26664000  0.00000000  6.89243122 -0.01049719
  22   29  0.26664000  0.26664000  0.00000000  6.89243122 -0.01049719
  23    0  0.23331000  0.23331000  0.00000000  7.33252920 -4.46507424
  23    1  0.23331000  0.23331000  0.00000000  7.33252920 -4.46507424
  23    2  0.23331000  0.23331000  0.00000000  7.33252920 -2.67605595
  23    3  0.23331000  0.23331000  0.00000000  7.33252920 -2.67605595
  23    4  0.23331000  0.23331000  0.00000000  7.33252920 -2.50876467
  23    5  0.23331000  0.23331000  0.00000000  7.33252920 -2.50876467
  23    6  0.23331000  0.23331000  0.00000000  7.33252920 -2.44411868
  23    7  0.23331000  0.23331000  0.00000000  7.33252920 -2.44411868
  23    8  0.23331000  0.23331000  0.00000000  7.33252920 -0.86900605
  23    9  0.23331000  0.23331000  0.00000000  7.33252920 -0.86900605
  23   10  0.23331000  0.23331000  0.00000000  7.33252920 -0.81301207
  23   11  0.23331000  0.23331000  0.00000000  7.33252920 -0.81301207
  23   12  0.23331000  0.23331000  0.00000000  7.33252920 -0.28680700
  23   13  0.23331000  0.23331000  0.00000000  7.33252920 -0.28680700
  23   14  0.23331000  0.23331000  0.00000000  7.33252920 -0.22619900
  23   15  0.23331000  0.23331000  0.00000000  7.33252920 -0.22619900
  23   16  0.23331000  0.23331000  0.00000000  7.33252920 -0.18434964
  23   17  0.23331000  0.23331000  0.00000000  7.33252920 -0.18434964
  23   18  0.23331000  0.23331000  0.00000000  7.33252920 -0.18236109
  23   19  0.23331000  0.23331000  0.00000000  7.33252920 -0.18236109
  23   20  0.23331000  0.23331000  0.00000000  7.33252920 -0.15555913
  23   21  0.23331000  0.23331000  0.00000000  7.33252920 -0.15555913
  23   22  0.23331000  0.23331000  0.00000000  7.33252920 -0.10838758
  23   23  0.23331000  0.23331000  0.00000000  7.33252920 -0.10838758
  23   24  0.23331000  0.23331000  0.00000000  7.33252920 -0.05982221
  23   25  0.23331000  0.23331000  0.00000000  7.33252920 -0.05982221
  23   26  0.23331000  0.23331000  0.00000000  7.33252920 -0.03472761
  23   27  0.23331000  0.23331000  0.00000000  7.33252920 -0.03472761
  23   28  0.23331000  0.23331000  0.00000000  7.33252920 -0.01910295
  23   29  0.23331000  0.23331000  0.00000000  7.33252920 -0.01910295
  24    0  0.19998000  0.19998000  0.00000000  7.77262719 -4.46872367
  24    1  0.19998000  0.19998000  0.00000000  7.77262719 -4.46872367
  24    2  0.19998000  0.19998000  0.00000000  7.77262719 -2.67922195
  24    3  0.19998000  0.19998000  0.00000000  7.77262719 -2.67922195
  24    4  0.19998000  0.19998000  0.00000000  7.77262719 -2.51089084
  24    5  0.19998000  0.19998000  0.00000000  7.77262719 -2.51089084
  24    6  0.19998000  0.19998000  0.00000000  7.77262719 -2.45148664
  24    7  0.19998000  0.19998000  0.00000000  7.77262719 -2.45148664
  24    8  0.19998000  0.19998000  0.00000000  7.77262719 -0.89660560
  24    9  0.19998000  0.19998000  0.00000000  7.77262719 -0.89660560
  24   10  0.19998000  0.19998000  0.00000000  7.77262719 -0.83173144
  24   11  0.19998000  0.19998000  0.00000000  7.77262719 -0.83173144
  24   12  0.19998000  0.19998000  0.00000000  7.77262719 -0.30715697
  24   13  0.19998000  0.19998000  0.00000000  7.77262719 -0.30715697
  24   14  0.19998000  0.19998000  0.00000000  7.77262719 -0.23045630
  24   15  0.19998000  0.19998000  0.00000000  7.77262719 -0.23045630
  24   16  0.19998000  0.19998000  0.00000000  7.77262719 -0.17302814
  24   17  0.19998000  0.19998000  0.00000000  7.77262719 -0.17302814
  24   18  0.19998000  0.19998000  0.00000000  7.77262719 -0.15328478
  24   19  0.19998000  0.19998000  0.00000000  7.77262719 -0.15328478
  24   20  0.19998000  0.19998000  0.00000000  7.77262719 -0.11714211
  24   21  0.19998000  0.19998000  0.00000000  7.77262719 -0.11714211
  24   22  0.19998000  0.19998000  0.00000000  7.77262719 -0.09793231
  24   23  0.19998000  0.19998000  0.00000000  7.77262719 -0.09793231
  24   24  0.19998000  0.19998000  0.00000000  7.77262719 -0.07427531
  24   25  0.19998000  0.19998000  0.00000000  7.77262719 -0.07427531
  24   26  0.19998000  0.19998000  0.00000000  7.77262719 -0.04709085
  24   27  0.19998000  0.19998000  0.00000000  7.77262719 -0.04709085
  24   28  0.19998000  0.19998000  0.00000000  7.77262719 -0.00569073
  24   29  0.19998000  0.19998000  0.00000000  7.77262719 -0.00569073
  25    0  0.16665000  0.16665000  0.00000000  8.21272518 -4.47514766
  25    1  0.16665000  0.16665000  0.00000000  8.21272518 -4.47514766
  25    2  0.16665000  0.16665000  0.00000000  8.21272518 -2.68574296
  25    3  0.16665000  0.16665000  0.00000000  8.21272518 -2.68574296
  25    4  0.16665000  0.16665000  0.00000000  8.21272518 -2.51581706
  25    5  0.16665000  0.16665000  0.00000000  8.21272518 -2.51581706
  25    6  0.16665000  0.16665000  0.00000000  8.21272518 -2.46576851
  25    7  0.16665000  0.16665000  0.00000000  8.21272518 -2.46576851
  25    8  0.16665000  0.16665000  0.00000000  8.21272518 -0.93270174
  25    9  0.16665000  0.16665000  0.00000000  8.21272518 -0.93270174
  25   10  0.16665000  0.16665000  0.00000000  8.21272518 -0.86038729
  25   11  0.16665000  0.16665000  0.00000000  8.21272518 -0.86038729
  25   12  0.16665000  0.16665000  0.00000000  8.21272518 -0.33384736
  25   13  0.16665000  0.16665000  0.00000000  8.21272518 -0.33384736
  25   14  0.16665000  0.16665000  0.00000000  8.21272518 -0.22908582
  25   15  0.16665000  0.16665000  0.00000000  8.21272518 -0.22908582
  25   16  0.16665000  0.16665000  0.00000000  8.21272518 -0.16492011
  25   17  0.16665000  0.16665000  0.00000000  8.21272518 -0.16492011
  25   18  0.16665000  0.16665000  0.00000000  8.21272518 -0.14638403
  25   19  0.16665000  0.16665000  0.00000000  8.21272518 -0.14638403
  25   20  0.16665000  0.16665000  0.00000000  8.21272518 -0.11220855
  25   21  0.16665000  0.16665000  0.00000000  8.21272518 -0.11220855
  25   22  0.16665000  0.16665000  0.00000000  8.21272518 -0.10398973
  25   23  0.16665000  0.16665000  0.00000000  8.21272518 -0.10398973
  25   24  0.16665000  0.16665000  0.00000000  8.21272518 -0.04353662
  25   25  0.16665000  0.16665000  0.00000000  8.21272518 -0.04353662
  25   26  0.16665000  0.16665000  0.00000000  8.21272518 -0.03682299
  25   27  0.16665000  0.16665000  0.00000000  8.21272518 -0.03682299
  25   28  0.16665000  0.16665000  0.00000000  8.21272518  0.02714192
  25   29  0.16665000  0.16665000  0.00000000  8.21272518  0.02714192
  26    0  0.13332000  0.13332000  0.00000000  8.65282316 -4.48328898
  26    1  0.13332000  0.13332000  0.00000000  8.65282316 -4.48328898
  26    2  0.13332000  0.13332000  0.00000000  8.65282316 -2.69459027
  26    3  0.13332000  0.13332000  0.00000000  8.65282316 -2.69459027
  26    4  0.13332000  0.13332000  0.00000000  8.65282316 -2.52253774
  26    5  0.13332000  0.13332000  0.00000000  8.65282316 -2.52253774
  26    6  0.13332000  0.13332000  0.00000000  8.65282316 -2.48398404
  26    7  0.13332000  0.13332000  0.00000000  8.65282316 -2.48398404
  26    8  0.13332000  0.13332000  0.00000000  8.65282316 -0.97259179
  26    9  0.13332000  0.13332000  0.00000000  8.65282316 -0.97259179
  26   10  0.13332000  0.13332000  0.00000000  8.65282316 -0.89405517
  26   11  0.13332000  0.13332000  0.00000000  8.65282316 -0.89405517
  26   12  0.13332000  0.13332000  0.00000000  8.65282316 -0.36443576
  26   13  0.13332000  0.13332000  0.00000000  8.65282316 -0.36443576
  26   14  0.13332000  0.13332000  0.00000000  8.65282316 -0.22533569
  26   15  0.13332000  0.13332000  0.00000000  8.65282316 -0.22533569
  26   16  0.13332000  0.13332000  0.00000000  8.65282316 -0.16164178
  26   17  0.13332000  0.13332000  0.00000000  8.65282316 -0.16164178
  26   18  0.13332000  0.13332000  0.00000000  8.65282316 -0.15656855
  26   19  0.13332000  0.13332000  0.00000000  8.65282316 -0.15656855
  26   20  0.13332000  0.13332000  0.00000000  8.65282316 -0.12151521
  26   21  0.13332000  0.13332000  0.00000000  8.65282316 -0.12151521
  26   22  0.13332000  0.13332000  0.00000000  8.65282316 -0.11727053
  26   23  0.13332000  0.13332000  0.00000000  8.65282316 -0.11727053
  26   24  0.13332000  0.13332000  0.00000000  8.65282316 -0.03230060
  26   25  0.13332000  0.13332000  0.00000000  8.65282316 -0.03230060
  26   26  0.13332000  0.13332000  0.00000000  8.65282316  0.02215141
  26   27  0.13332000  0.13332000  0.00000000  8.65282316  0.02215141
  26   28  0.13332000  0.13332000  0.00000000  8.65282316  0.06793161
  26   29  0.13332000  0.13332000  0.00000000  8.65282316  0.06793161
  27    0  0.09999000  0.09999000  0.00000000  9.09292115 -4.49178160
  27    1  0.09999000  0.09999000  0.00000000  9.09292115 -4.49178160
  27    2  0.09999000  0.09999000  0.00000000  9.09292115 -2.70430942
  27    3  0.09999000  0.09999000  0.00000000  9.09292115 -2.70430942
  27    4  0.09999000  0.09999000  0.00000000  9.09292115 -2.52981121
  27    5  0.09999000  0.09999000  0.00000000  9.09292115 -2.52981121
  27    6  0.09999000  0.09999000  0.00000000  9.09292115 -2.50254619
  27    7  0.09999000  0.09999000  0.00000000  9.09292115 -2.50254619
  27    8  0.09999000  0.09999000  0.00000000  9.09292115 -1.01105215
  27    9  0.09999000  0.09999000  0.00000000  9.09292115 -1.01105215
  27   10  0.09999000  0.09999000  0.00000000  9.09292115 -0.92730426
  27   11  0.09999000  0.09999000  0.00000000  9.09292115 -0.92730426
  27   12  0.09999000  0.09999000  0.00000000  9.09292115 -0.39535068
  27   13  0.09999000  0.09999000  0.00000000  9.09292115 -0.39535068
  27   14  0.09999000  0.09999000  0.00000000  9.09292115 -0.22178264
  27   15  0.09999000  0.09999000  0.00000000  9.09292115 -0.22178264
  27   16  0.09999000  0.09999000  0.00000000  9.09292115 -0.18137161
  27   17  0.09999000  0.09999000  0.00000000  9.09292115 -0.18137161
  27   18  0.09999000  0.09999000  0.00000000  9.09292115 -0.15260345
  27   19  0.09999000  0.09999000  0.00000000  9.09292115 -0.15260345
  27   20  0.09999000  0.09999000  0.00000000  9.09292115 -0.13428554
  27   21  0.09999000  0.09999000  0.00000000  9.09292115 -0.13428554
  27   22  0.09999000  0.09999000  0.00000000  9.09292115 -0.12632222
  27   23  0.09999000  0.09999000  0.00000000  9.09292115 -0.12632222
  27   24  0.09999000  0.09999000  0.00000000  9.09292115 -0.02888081
  27   25  0.09999000  0.09999000  0.00000000  9.09292115 -0.02888081
  27   26  0.09999000  0.09999000  0.00000000  9.09292115  0.07974577
  27   27  0.09999000  0.09999000  0.00000000  9.09292115  0.07974577
  27   28  0.09999000  0.09999000  0.00000000  9.09292115  0.10785616
  27   29  0.09999000  0.09999000  0.00000000  9.09292115  0.10785616
  28    0  0.06666000  0.06666000  0.00000000  9.53301914 -4.49917864
  28    1  0.06666000  0.06666000  0.00000000  9.53301914 -4.49917864
  28    2  0.06666000  0.06666000  0.00000000  9.53301914 -2.71315372
  28    3  0.06666000  0.06666000  0.00000000  9.53301914 -2.71315372
  28    4  0.06666000  0.06666000  0.00000000  9.53301914 -2.53642510
  28    5  0.06666000  0.06666000  0.00000000  9.53301914 -2.53642510
  28    6  0.06666000  0.06666000  0.00000000  9.53301914 -2.51804037
  28    7  0.06666000  0.06666000  0.00000000  9.53301914 -2.51804037
  28    8  0.06666000  0.06666000  0.00000000  9.53301914 -1.04299702
  28    9  0.06666000  0.06666000  0.00000000  9.53301914 -1.04299702
  28   10  0.06666000  0.06666000  0.00000000  9.53301914 -0.95513255
  28   11  0.06666000  0.06666000  0.00000000  9.53301914 -0.95513255
  28   12  0.06666000  0.06666000  0.00000000  9.53301914 -0.42211384
  28   13  0.06666000  0.06666000  0.00000000  9.53301914 -0.42211384
  28   14  0.06666000  0.06666000  0.00000000  9.53301914 -0.21958664
  28   15  0.06666000  0.06666000  0.00000000  9.53301914 -0.21958664
  28   16  0.06666000  0.06666000  0.00000000  9.53301914 -0.20011388
  28   17  0.06666000  0.06666000  0.00000000  9.53301914 -0.20011388
  28   18  0.06666000  0.06666000  0.00000000  9.53301914 -0.15601073
  28   19  0.06666000  0.06666000  0.00000000  9.53301914 -0.15601073
  28   20  0.06666000  0.06666000  0.00000000  9.53301914 -0.14034690
  28   21  0.06666000  0.06666000  0.00000000  9.53301914 -0.14034690
  28   22  0.06666000  0.06666000  0.00000000  9.53301914 -0.13148750
  28   23  0.06666000  0.06666000  0.00000000  9.53301914 -0.13148750
  28   24  0.06666000  0.06666000  0.00000000  9.53301914 -0.03177675
  28   25  0.06666000  0.06666000  0.00000000  9.53301914 -0.03177675
  28   26  0.06666000  0.06666000  0.00000000  9.53301914  0.12738070
  28   27  0.06666000  0.06666000  0.00000000  9.53301914  0.12738070
  28   28  0.06666000  0.06666000  0.00000000  9.53301914  0.14084407
  28   29  0.06666000  0.06666000  0.00000000  9.53301914  0.14084407
  29    0  0.03333000  0.03333000  0.00000000  9.97311712 -4.50420401
  29    1  0.03333000  0.03333000  0.00000000  9.97311712 -4.50420401
  29    2  0.03333000  0.03333000  0.00000000  9.97311712 -2.71936547
  29    3  0.03333000  0.03333000  0.00000000  9.97311712 -2.71936547
  29    4  0.03333000  0.03333000  0.00000000  9.97311712 -2.54128239
  29    5  0.03333000  0.03333000  0.00000000  9.97311712 -2.54128239
  29    6  0.03333000  0.03333000  0.00000000  9.97311712 -2.52793527
  29    7  0.03333000  0.03333000  0.00000000  9.97311712 -2.52793527
  29    8  0.03333000  0.03333000  0.00000000  9.97311712 -1.06411637
  29    9  0.03333000  0.03333000  0.00000000  9.97311712 -1.06411637
  29   10  0.03333000  0.03333000  0.00000000  9.97311712 -0.97355084
  29   11  0.03333000  0.03333000  0.00000000  9.97311712 -0.97355084
  29   12  0.03333000  0.03333000  0.00000000  9.97311712 -0.44031927
  29   13  0.03333000  0.03333000  0.00000000  9.97311712 -0.44031927
  29   14  0.03333000  0.03333000  0.00000000  9.97311712 -0.21916473
  29   15  0.03333000  0.03333000  0.00000000  9.97311712 -0.21916473
  29   16  0.03333000  0.03333000  0.00000000  9.97311712 -0.21229914
  29   17  0.03333000  0.03333000  0.00000000  9.97311712 -0.21229914
  29   18  0.03333000  0.03333000  0.00000000  9.97311712 -0.16398014
  29   19  0.03333000  0.03333000  0.00000000  9.97311712 -0.16398014
  29   20  0.03333000  0.03333000  0.00000000  9.97311712 -0.14012216
  29   21  0.03333000  0.03333000  0.00000000  9.97311712 -0.14012216
  29   22  0.03333000  0.03333000  0.00000000  9.97311712 -0.13358124
  29   23  0.03333000  0.03333000  0.00000000  9.97311712 -0.13358124
  29   24  0.03333000  0.03333000  0.00000000  9.97311712 -0.03560528
  29   25  0.03333000  0.03333000  0.00000000  9.97311712 -0.03560528
  29   26  0.03333000  0.03333000  0.00000000  9.97311712  0.15868973
  29   27  0.03333000  0.03333000  0.00000000  9.97311712  0.15868973
  29   28  0.03333000  0.03333000  0.00000000  9.97311712  0.16250656
  29   29  0.03333000  0.03333000  0.00000000  9.97311712  0.16250656
  30    0  0.00000000  0.00000000  0.00000000  10.41321511 -4.50598285
  30    1  0.00000000  0.00000000  0.00000000  10.41321511 -4.50598285
  30    2  0.00000000  0.00000000  0.00000000  10.41321511 -2.72160445
  30    3  0.00000000  0.00000000  0.00000000  10.41321511 -2.72160445
  30    4  0.00000000  0.00000000  0.00000000  10.41321511 -2.54315322
  30    5  0.00000000  0.00000000  0.00000000  10.41321511 -2.54315322
  30    6  0.00000000  0.00000000  0.00000000  10.41321511 -2.53122931
  30    7  0.00000000  0.00000000  0.00000000  10.41321511 -2.53122931
  30    8  0.00000000  0.00000000  0.00000000  10.41321511 -1.07149978
  30    9  0.00000000  0.00000000  0.00000000  10.41321511 -1.07149978
  30   10  0.00000000  0.00000000  0.00000000  10.41321511 -0.97998673
  30   11  0.00000000  0.00000000  0.00000000  10.41321511 -0.97998673
  30   12  0.00000000  0.00000000  0.00000000  10.41321511 -0.44677431
  30   13  0.00000000  0.00000000  0.00000000  10.41321511 -0.44677431
  30   14  0.00000000  0.00000000  0.00000000  10.41321511 -0.22030560
  30   15  0.00000000  0.00000000  0.00000000  10.41321511 -0.22030560
  30   16  0.00000000  0.00000000  0.00000000  10.41321511 -0.21539630
  30   17  0.00000000  0.00000000  0.00000000  10.41321511 -0.21539630
  30   18  0.00000000  0.00000000  0.00000000  10.41321511 -0.16721428
  30   19  0.00000000  0.00000000  0.00000000  10.41321511 -0.16721428
  30   20  0.00000000  0.00000000  0.00000000  10.41321511 -0.14013218
  30   21  0.00000000  0.00000000  0.00000000  10.41321511 -0.14013218
  30   22  0.00000000  0.00000000  0.00000000  10.41321511 -0.13380886
  30   23  0.00000000  0.00000000  0.00000000  10.41321511 -0.13380886
  30   24  0.00000000  0.00000000  0.00000000  10.41321511 -0.03719969
  30   25  0.00000000  0.00000000  0.00000000  10.41321511 -0.03719969
  30   26  0.00000000  0.00000000  0.00000000  10.41321511  0.16881181
  30   27  0.00000000  0.00000000  0.00000000  10.41321511  0.16881181
  30   28  0.00000000  0.00000000  0.00000000  10.41321511  0.17448985
  30   29  0.00000000  0.00000000  0.00000000  10.41321511  0.17448985
