  0.000000000  0.000000000  0.000000000   1.0
  0.000000000  0.166666667  0.000000000   1.0
  0.000000000  0.333333333  0.000000000   1.0
  0.000000000  0.500000000  0.000000000   1.0
  0.000000000  0.666666667  0.000000000   1.0
  0.000000000  0.833333333  0.000000000   1.0
  0.166666667  0.000000000  0.000000000   1.0
  0.166666667  0.166666667  0.000000000   1.0
  0.166666667  0.333333333  0.000000000   1.0
  0.166666667  0.500000000  0.000000000   1.0
  0.166666667  0.666666667  0.000000000   1.0
  0.166666667  0.833333333  0.000000000   1.0
  0.333333333  0.000000000  0.000000000   1.0
  0.333333333  0.166666667  0.000000000   1.0
  0.333333333  0.333333333  0.000000000   1.0
  0.333333333  0.500000000  0.000000000   1.0
  0.333333333  0.666666667  0.000000000   1.0
  0.333333333  0.833333333  0.000000000   1.0
  0.500000000  0.000000000  0.000000000   1.0
  0.500000000  0.166666667  0.000000000   1.0
  0.500000000  0.333333333  0.000000000   1.0
  0.500000000  0.500000000  0.000000000   1.0
  0.500000000  0.666666667  0.000000000   1.0
  0.500000000  0.833333333  0.000000000   1.0
  0.666666667  0.000000000  0.000000000   1.0
  0.666666667  0.166666667  0.000000000   1.0
  0.666666667  0.333333333  0.000000000   1.0
  0.666666667  0.500000000  0.000000000   1.0
  0.666666667  0.666666667  0.000000000   1.0
  0.666666667  0.833333333  0.000000000   1.0
  0.833333333  0.000000000  0.000000000   1.0
  0.833333333  0.166666667  0.000000000   1.0
  0.833333333  0.333333333  0.000000000   1.0
  0.833333333  0.500000000  0.000000000   1.0
  0.833333333  0.666666667  0.000000000   1.0
  0.833333333  0.833333333  0.000000000   1.0
