  0.000000000  0.000000000  0.000000000     102       0
       1       1    5.146835325    0.000000000
       1       2    5.146835325    0.000000000
       1       3   18.063116597    0.000000000
       1       4   18.063116597    0.000000000
       1       5   18.063116597   -0.000000000
       1       6   18.063116597   -0.000000000
       1       7   18.063116597    0.000000000
       1       8   18.063116597   -0.000000000
       1       9   19.166764001    0.000000000
       1      10   19.166764001    0.000000000
       1      11   19.166764001    0.000000000
       1      12   19.166764001    0.000000000
       1      13   19.166764001   -0.000000000
       1      14   19.166764001   -0.000000000
       1      15   21.410564487    0.000000000
       1      16   21.410564487    0.000000000
       1      17   24.285274575    0.000000000
       1      18   24.285274575    0.000000000
       1      19   24.285274575   -0.000000000
       1      20   24.285274575   -0.000000000
       1      21   22.135904556    0.000000000
       1      22   22.135904556   -0.000000000
       1      23   25.933142634   -0.000000000
       1      24   25.933142634   -0.000000000
       1      25   25.933142634    0.000000000
       1      26   25.933142634    0.000000000
       1      27   25.933142634    0.000000000
       1      28   25.933142634    0.000000000
       1      29   28.218558986    0.000000000
       1      30   28.218558986    0.000000000
       1      31   39.950345957    0.000000000
       1      32   39.950345957   -0.000000000
       1      33   39.950345957   -0.000000000
       1      34   39.950345957    0.000000000
       1      35   39.950345957   -0.000000000
       1      36   39.950345957    0.000000000
       1      37   41.843893753    0.000000000
       1      38   41.843893753   -0.000000000
       1      39   41.843893753    0.000000000
       1      40   41.843893754   -0.000000000
       1      41   43.414076335   -0.000000000
       1      42   43.414076335   -0.000000000
       1      43   43.414076335    0.000000000
       1      44   43.414076335   -0.000000000
       1      45   43.414076335   -0.000000000
       1      46   43.414076336    0.000000000
       1      47   45.800256826    0.000000000
       1      48   45.800256827   -0.000000000
       1      49   45.800256826    0.000000000
       1      50   45.800256826   -0.000000000
       1      51   45.800256826   -0.000000000
       1      52   45.800256827    0.000000000
       1      53   51.392998791    0.000000000
       1      54   51.392998792    0.000000000
       1      55   51.392998792    0.000000000
       1      56   51.392998791   -0.000000000
       1      57   51.392998791    0.000000000
       1      58   51.392998792    0.000000000
       1      59   52.755346399   -0.000000000
       1      60   52.755346399   -0.000000000
       1      61   54.628089287    0.000000000
       1      62   54.628089287    0.000000000
       1      63   54.628089287    0.000000000
       1      64   54.628089287   -0.000000000
       1      65   55.980610638   -0.000000000
       1      66   55.980610638   -0.000000000
       1      67   55.980610638   -0.000000000
       1      68   55.980610638   -0.000000000
       1      69   58.243303872   -0.000000000
       1      70   58.243303872    0.000000000
       1      71   58.243303872    0.000000000
       1      72   58.243303871   -0.000000000
       1      73   58.243303873    0.000000000
       1      74   58.243303873    0.000000000
       1      75   60.192419457    0.000000000
       1      76   60.192419456   -0.000000000
       1      77   60.192419457    0.000000000
       1      78   60.192419457   -0.000000000
       1      79   60.192419457    0.000000000
       1      80   60.192419457    0.000000000
       1      81   62.810998487   -0.000000000
       1      82   62.810998487   -0.000000000
       1      83   61.079674122   -0.000000000
       1      84   61.079674123   -0.000000000
       1      85   61.079674124   -0.000000000
       1      86   61.079674122    0.000000000
       1      87   61.079674123   -0.000000000
       1      88   61.079674121    0.000000000
       1      89   60.508735716   -0.000000000
       1      90   60.508735719    0.000000000
       1      91   60.508735718    0.000000000
       1      92   60.508735718   -0.000000000
       1      93   60.508735716    0.000000000
       1      94   60.508735717    0.000000000
       1      95   61.637446636    0.000000000
       1      96   61.637446634   -0.000000000
       1      97   61.637446640    0.000000000
       1      98   61.637446637    0.000000000
       1      99   61.637446635    0.000000000
       1     100   61.637446635    0.000000000
       1     101   65.046072679   -0.000000000
       1     102   65.046072675    0.000000000
  0.000000000  0.000000000  0.333333333     102       0
       1       1    6.706600934   -0.000000000
       1       2    6.706600934   -0.000000000
       1       3   11.817371623    0.000000000
       1       4   11.817371623    0.000000000
       1       5   16.758038031    0.000000000
       1       6   16.758038031   -0.000000000
       1       7   16.758038031    0.000000000
       1       8   16.758038031    0.000000000
       1       9   18.607989112    0.000000000
       1      10   18.607989112   -0.000000000
       1      11   19.899347911    0.000000000
       1      12   19.899347911   -0.000000000
       1      13   19.899347911    0.000000000
       1      14   19.899347911    0.000000000
       1      15   23.206463169    0.000000000
       1      16   23.206463170   -0.000000000
       1      17   24.335067559   -0.000000000
       1      18   24.335067559   -0.000000000
       1      19   24.335067559   -0.000000000
       1      20   24.335067559    0.000000000
       1      21   24.996001506   -0.000000000
       1      22   24.996001506    0.000000000
       1      23   29.432636296   -0.000000000
       1      24   29.432636296    0.000000000
       1      25   31.630368583    0.000000000
       1      26   31.630368583   -0.000000000
       1      27   31.630368583   -0.000000000
       1      28   31.630368583    0.000000000
       1      29   33.737187167    0.000000000
       1      30   33.737187167   -0.000000000
       1      31   33.048882387    0.000000000
       1      32   33.048882387   -0.000000000
       1      33   33.048882387    0.000000000
       1      34   33.048882387    0.000000000
       1      35   35.489754439    0.000000000
       1      36   35.489754439   -0.000000000
       1      37   41.422875914    0.000000000
       1      38   41.422875914   -0.000000000
       1      39   41.422875914   -0.000000000
       1      40   41.422875914    0.000000000
       1      41   41.985379044    0.000000000
       1      42   41.985379044    0.000000000
       1      43   44.532268974    0.000000000
       1      44   44.532268974   -0.000000000
       1      45   44.532268974    0.000000000
       1      46   44.532268975    0.000000000
       1      47   45.083106581   -0.000000000
       1      48   45.083106581   -0.000000000
       1      49   45.083106581    0.000000000
       1      50   45.083106581   -0.000000000
       1      51   46.033211586   -0.000000000
       1      52   46.033211585   -0.000000000
       1      53   47.273712791    0.000000000
       1      54   47.273712792   -0.000000000
       1      55   48.565292419   -0.000000000
       1      56   48.565292418    0.000000000
       1      57   48.565292418   -0.000000000
       1      58   48.565292418   -0.000000000
       1      59   49.828368723    0.000000000
       1      60   49.828368722    0.000000000
       1      61   49.828368723    0.000000000
       1      62   49.828368723   -0.000000000
       1      63   50.074337081   -0.000000000
       1      64   50.074337081   -0.000000000
       1      65   53.137384146    0.000000000
       1      66   53.137384145   -0.000000000
       1      67   53.309709779   -0.000000000
       1      68   53.309709779    0.000000000
       1      69   56.731617633   -0.000000000
       1      70   56.731617634    0.000000000
       1      71   56.731617634    0.000000000
       1      72   56.731617634   -0.000000000
       1      73   56.929365774    0.000000000
       1      74   56.929365773    0.000000000
       1      75   56.929365775    0.000000000
       1      76   56.929365774   -0.000000000
       1      77   58.800017001   -0.000000000
       1      78   58.800016999    0.000000000
       1      79   59.827623549   -0.000000000
       1      80   59.827623551    0.000000000
       1      81   59.827623551   -0.000000000
       1      82   59.827623551   -0.000000000
       1      83   60.593591121    0.000000000
       1      84   60.593591120    0.000000000
       1      85   62.515431732    0.000000000
       1      86   62.515431732   -0.000000000
       1      87   63.920265194   -0.000000000
       1      88   63.920265192   -0.000000000
       1      89   63.920265198   -0.000000000
       1      90   63.920265195    0.000000000
       1      91   65.651464901   -0.000000000
       1      92   65.651464904    0.000000000
       1      93   65.651464904    0.000000000
       1      94   65.651464898    0.000000000
       1      95   67.300059161   -0.000000000
       1      96   67.300059160    0.000000000
       1      97   69.458559420    0.000000000
       1      98   69.458559433    0.000000000
       1      99   69.458559428    0.000000000
       1     100   69.458559431    0.000000000
       1     101   70.677610913   -0.000000000
       1     102   70.677610914   -0.000000000
  0.000000000  0.333333333  0.333333333     102       0
       1       1    7.252906424    0.000000000
       1       2    7.252906424    0.000000000
       1       3   12.877287019   -0.000000000
       1       4   12.877287019   -0.000000000
       1       5   14.845929350    0.000000000
       1       6   14.845929350   -0.000000000
       1       7   14.845929350   -0.000000000
       1       8   14.845929350    0.000000000
       1       9   16.425208784   -0.000000000
       1      10   16.425208784   -0.000000000
       1      11   17.380564402    0.000000000
       1      12   17.380564402    0.000000000
       1      13   24.611344500    0.000000000
       1      14   24.611344500   -0.000000000
       1      15   24.611344500   -0.000000000
       1      16   24.611344500   -0.000000000
       1      17   27.619375855   -0.000000000
       1      18   27.619375855    0.000000000
       1      19   26.488023681    0.000000000
       1      20   26.488023681   -0.000000000
       1      21   28.528117272   -0.000000000
       1      22   28.528117272   -0.000000000
       1      23   30.200322363   -0.000000000
       1      24   30.200322363   -0.000000000
       1      25   30.200322363    0.000000000
       1      26   30.200322363    0.000000000
       1      27   29.822429777   -0.000000000
       1      28   29.822429777   -0.000000000
       1      29   33.029936006    0.000000000
       1      30   33.029936006    0.000000000
       1      31   31.464086940    0.000000000
       1      32   31.464086940   -0.000000000
       1      33   31.464086940   -0.000000000
       1      34   31.464086940   -0.000000000
       1      35   36.241946304   -0.000000000
       1      36   36.241946305   -0.000000000
       1      37   39.799228677    0.000000000
       1      38   39.799228676    0.000000000
       1      39   40.526467122   -0.000000000
       1      40   40.526467122    0.000000000
       1      41   41.642060552   -0.000000000
       1      42   41.642060551   -0.000000000
       1      43   41.642060551   -0.000000000
       1      44   41.642060551   -0.000000000
       1      45   41.681355367    0.000000000
       1      46   41.681355368    0.000000000
       1      47   42.840920650    0.000000000
       1      48   42.840920651   -0.000000000
       1      49   45.341016682    0.000000000
       1      50   45.341016683   -0.000000000
       1      51   45.741588946    0.000000000
       1      52   45.741588944    0.000000000
       1      53   45.741588945    0.000000000
       1      54   45.741588945   -0.000000000
       1      55   50.648569636   -0.000000000
       1      56   50.648569636    0.000000000
       1      57   51.845506005    0.000000000
       1      58   51.845506004   -0.000000000
       1      59   51.410487342    0.000000000
       1      60   51.410487342    0.000000000
       1      61   51.410487341    0.000000000
       1      62   51.410487342   -0.000000000
       1      63   52.427102019    0.000000000
       1      64   52.427102016    0.000000000
       1      65   55.421862571   -0.000000000
       1      66   55.421862570    0.000000000
       1      67   55.421862571   -0.000000000
       1      68   55.421862571    0.000000000
       1      69   56.388956043   -0.000000000
       1      70   56.388956042    0.000000000
       1      71   55.985812466    0.000000000
       1      72   55.985812466    0.000000000
       1      73   55.985812466   -0.000000000
       1      74   55.985812467    0.000000000
       1      75   56.006679380   -0.000000000
       1      76   56.006679379    0.000000000
       1      77   56.932516581   -0.000000000
       1      78   56.932516581   -0.000000000
       1      79   57.977509617   -0.000000000
       1      80   57.977509616    0.000000000
       1      81   57.977509616    0.000000000
       1      82   57.977509614    0.000000000
       1      83   60.350232865   -0.000000000
       1      84   60.350232864    0.000000000
       1      85   60.861557255   -0.000000000
       1      86   60.861557255    0.000000000
       1      87   64.656339037    0.000000000
       1      88   64.656339037   -0.000000000
       1      89   64.656339038    0.000000000
       1      90   64.656339037   -0.000000000
       1      91   63.484505995   -0.000000000
       1      92   63.484505993   -0.000000000
       1      93   67.314745338   -0.000000000
       1      94   67.314745337   -0.000000000
       1      95   70.477023442    0.000000000
       1      96   70.477023404   -0.000000000
       1      97   68.594920359    0.000000000
       1      98   68.594920331   -0.000000000
       1      99   69.228071983    0.000000000
       1     100   69.228072009   -0.000000000
       1     101   69.359321099    0.000000000
       1     102   69.359321072    0.000000000
  0.000000000  0.333333333 -0.333333333     102       0
       1       1    8.934889095    0.000000000
       1       2    8.934889095   -0.000000000
       1       3   10.826893871    0.000000000
       1       4   10.826893871   -0.000000000
       1       5   11.930951481    0.000000000
       1       6   11.930951481   -0.000000000
       1       7   15.274029634   -0.000000000
       1       8   15.274029634    0.000000000
       1       9   17.250998665    0.000000000
       1      10   17.250998665   -0.000000000
       1      11   22.082899821   -0.000000000
       1      12   22.082899821   -0.000000000
       1      13   23.303260507   -0.000000000
       1      14   23.303260507    0.000000000
       1      15   24.257223103   -0.000000000
       1      16   24.257223103   -0.000000000
       1      17   24.358429779    0.000000000
       1      18   24.358429779   -0.000000000
       1      19   23.983884514    0.000000000
       1      20   23.983884514   -0.000000000
       1      21   29.580989511    0.000000000
       1      22   29.580989511   -0.000000000
       1      23   29.591867996    0.000000000
       1      24   29.591867996    0.000000000
       1      25   33.024577275    0.000000000
       1      26   33.024577275    0.000000000
       1      27   33.309894015    0.000000000
       1      28   33.309894016   -0.000000000
       1      29   33.975631101   -0.000000000
       1      30   33.975631101   -0.000000000
       1      31   35.333225534   -0.000000000
       1      32   35.333225534    0.000000000
       1      33   36.092403793   -0.000000000
       1      34   36.092403792   -0.000000000
       1      35   35.351473130   -0.000000000
       1      36   35.351473130   -0.000000000
       1      37   38.723439929    0.000000000
       1      38   38.723439928    0.000000000
       1      39   38.442763216    0.000000000
       1      40   38.442763217    0.000000000
       1      41   37.704070711    0.000000000
       1      42   37.704070712    0.000000000
       1      43   39.390922519    0.000000000
       1      44   39.390922518    0.000000000
       1      45   42.221782020   -0.000000000
       1      46   42.221782018    0.000000000
       1      47   42.583763830    0.000000000
       1      48   42.583763829   -0.000000000
       1      49   42.684820458    0.000000000
       1      50   42.684820458    0.000000000
       1      51   45.139978061    0.000000000
       1      52   45.139978063    0.000000000
       1      53   43.733060129    0.000000000
       1      54   43.733060129   -0.000000000
       1      55   46.823621329    0.000000000
       1      56   46.823621329    0.000000000
       1      57   50.015867631   -0.000000000
       1      58   50.015867631    0.000000000
       1      59   50.913442583   -0.000000000
       1      60   50.913442582   -0.000000000
       1      61   50.557840452   -0.000000000
       1      62   50.557840453   -0.000000000
       1      63   51.554256100   -0.000000000
       1      64   51.554256099    0.000000000
       1      65   51.844377871    0.000000000
       1      66   51.844377870    0.000000000
       1      67   52.473971040   -0.000000000
       1      68   52.473971039   -0.000000000
       1      69   55.006985623   -0.000000000
       1      70   55.006985623    0.000000000
       1      71   56.703271146    0.000000000
       1      72   56.703271146    0.000000000
       1      73   59.406986246   -0.000000000
       1      74   59.406986247   -0.000000000
       1      75   60.048378083   -0.000000000
       1      76   60.048378083   -0.000000000
       1      77   60.610823845    0.000000000
       1      78   60.610823844    0.000000000
       1      79   61.441932609    0.000000000
       1      80   61.441932609   -0.000000000
       1      81   62.506415796    0.000000000
       1      82   62.506415797    0.000000000
       1      83   64.345580454    0.000000000
       1      84   64.345580454   -0.000000000
       1      85   63.621223470   -0.000000000
       1      86   63.621223469   -0.000000000
       1      87   65.543716372   -0.000000000
       1      88   65.543716374   -0.000000000
       1      89   65.407684342    0.000000000
       1      90   65.407684344   -0.000000000
       1      91   67.145894629    0.000000000
       1      92   67.145894639    0.000000000
       1      93   66.598944541   -0.000000000
       1      94   66.598944548    0.000000000
       1      95   68.531919408    0.000000000
       1      96   68.531919395    0.000000000
       1      97   69.572520030    0.000000000
       1      98   69.572519973    0.000000000
       1      99   70.026250827   -0.000000000
       1     100   70.026251094    0.000000000
       1     101   70.280702556    0.000000000
       1     102   70.280702680   -0.000000000
