# Generated by LORRAX unknown at 2026-07-21 07:31:58 UTC
  0.000000000  0.000000000  0.000000000      80
       1       1  -65.461080000  591.357291277
       1       2  -65.461080000  591.357291277
       1       3  -42.076878476  606.921788613
       1       4  -42.076878476  606.921788613
       1       5  -39.554728243  598.374625154
       1       6  -39.554728243  598.374625154
       1       7  -39.383435310  609.398661706
       1       8  -39.383435310  609.398661706
       1       9  -19.374135150  380.267583828
       1      10  -19.374135150  380.267583828
       1      11  -18.177279202  353.312533552
       1      12  -18.177279202  353.312533552
       1      13  -10.875836699  402.171072434
       1      14  -10.875836699  402.171072434
       1      15   -7.861773930  517.377739824
       1      16   -7.861773930  517.377739824
       1      17   -7.802674544  511.943243416
       1      18   -7.802674544  511.943243420
       1      19   -7.121961704  308.462639899
       1      20   -7.121961704  308.462639900
       1      21   -6.780841091  485.263583700
       1      22   -6.780841091  485.263583695
       1      23   -6.699897224  484.505972601
       1      24   -6.699897224  484.505972594
       1      25   -5.381421473  440.901805195
       1      26   -5.381421473  440.901805203
       1      27   -2.574766637  447.383339048
       1      28   -2.574766637  447.383339047
       1      29   -2.498945418  445.466251994
       1      30   -2.498945418  445.466251994
       1      31   -2.333878760  431.251035655
       1      32   -2.333878760  431.251035655
       1      33   -2.325689751  428.991669033
       1      34   -2.325689751  428.991669032
       1      35    1.102384887  444.384508055
       1      36    1.102384887  444.384508053
       1      37    3.746505276  352.049430233
       1      38    3.746505276  352.049430230
       1      39    3.953429837  151.322050650
       1      40    3.953429837  151.322050647
       1      41    4.786070156   30.631142997
       1      42    4.786070156   30.631142996
       1      43    5.517734412  389.975441831
       1      44    5.517734412  389.975441847
       1      45    5.594437696  388.641497231
       1      46    5.594437696  388.641497223
       1      47    7.492860389  367.109243441
       1      48    7.492860389  367.109243464
       1      49    7.510373621  368.777424095
       1      50    7.510373621  368.777424134
       1      51    7.663743489  300.390482892
       1      52    7.663743489  300.390482885
       1      53   10.772983484  359.103980921
       1      54   10.772983484  359.103980913
       1      55   10.787583668  359.223389324
       1      56   10.787583668  359.223389202
       1      57   10.866953358  380.362499428
       1      58   10.866953358  380.362499426
       1      59   11.110949599  377.249179652
       1      60   11.110949599  377.249179658
       1      61   11.117844294  377.281069884
       1      62   11.117844294  377.281069878
       1      63   11.239117863  175.248864229
       1      64   11.239117863  175.248864227
       1      65   14.037417462  156.866395702
       1      66   14.037417462  156.866395700
       1      67   14.279780383   63.473308015
       1      68   14.279780383   63.473307988
       1      69   14.666693328  188.609205762
       1      70   14.666693328  188.609205769
       1      71   16.070604130  219.640584227
       1      72   16.070604130  219.640584215
       1      73   18.074525667  322.586546505
       1      74   18.074525667  322.586546223
       1      75   18.251233323  312.658187469
       1      76   18.251233323  312.658187533
       1      77   20.602106180  149.519211662
       1      78   20.602106180  149.519211735
       1      79   20.830551792  171.992910167
       1      80   20.830551792  171.992909700
  0.000000000  0.250000000  0.000000000      80
       1       1  -65.453278892  586.164741901
       1       2  -65.453278892  586.164422570
       1       3  -42.131328983  606.900737356
       1       4  -42.131328932  606.929450866
       1       5  -39.599192178  599.402045866
       1       6  -39.599192177  599.402188867
       1       7  -39.488545575  606.831038323
       1       8  -39.488545507  606.860171409
       1       9  -18.545594641  382.776782991
       1      10  -18.545594635  382.776842959
       1      11  -17.814950337  364.711972692
       1      12  -17.814950335  364.711864925
       1      13  -10.273785240  427.110997199
       1      14  -10.273785107  427.111057833
       1      15   -9.040022761  422.965788062
       1      16   -9.040022590  422.965848664
       1      17   -8.913920251  406.113858439
       1      18   -8.913920150  406.113530476
       1      19   -7.742955985  471.831945116
       1      20   -7.742955884  471.831703439
       1      21   -7.005213941  478.051392264
       1      22   -7.005213736  478.051735501
       1      23   -6.681849591  328.733272608
       1      24   -6.681849496  328.733436369
       1      25   -6.090483934  480.822472803
       1      26   -6.090483252  480.822785293
       1      27   -3.159537154  452.661724104
       1      28   -3.159534698  452.662884122
       1      29   -2.958523249  481.552255230
       1      30   -2.958520311  481.553284465
       1      31   -2.356331498  476.327577201
       1      32   -2.356330688  476.327273043
       1      33   -1.544765703  459.423997554
       1      34   -1.544764908  459.424072272
       1      35    2.988144870  359.221072108
       1      36    2.988144989  359.221380305
       1      37    3.659469223  317.647289043
       1      38    3.659469276  317.647424107
       1      39    4.172687694  383.342951726
       1      40    4.172687801  383.342944195
       1      41    5.105824477  276.296737824
       1      42    5.105824772  276.296648735
       1      43    5.443105188  166.883752595
       1      44    5.443105210  166.883314583
       1      45    7.036408418  294.929168881
       1      46    7.036408507  294.928834464
       1      47    7.073964237  332.168661825
       1      48    7.073964292  332.168570132
       1      49    7.695937685  404.041951108
       1      50    7.695938145  404.043021482
       1      51    8.343084959  354.031172821
       1      52    8.343085030  354.030752290
       1      53    9.010855818  312.942745633
       1      54    9.010855958  312.943117646
       1      55    9.168321373  380.718156897
       1      56    9.168322058  380.716637222
       1      57    9.744848238  266.050783273
       1      58    9.744848836  266.047473733
       1      59   11.947323065  373.998524791
       1      60   11.947323152  373.999372260
       1      61   13.618535270  131.261546217
       1      62   13.618535414  131.261510505
       1      63   14.678965991  181.610175416
       1      64   14.678966081  181.610364406
       1      65   15.052261908   77.831315004
       1      66   15.052261912   77.831688290
       1      67   15.463571707  189.014652856
       1      68   15.463572368  189.014367250
       1      69   16.411347818  245.188407307
       1      70   16.411348153  245.188795553
       1      71   17.173077952  200.813128951
       1      72   17.173078670  200.808012646
       1      73   17.227103106  217.345051506
       1      74   17.227103263  217.344320945
       1      75   17.405600714  354.157830839
       1      76   17.405601967  354.153127946
       1      77   18.119939359  239.968638683
       1      78   18.119939400  239.968585482
       1      79   18.871758809  306.404509457
       1      80   18.871758935  306.404182229
  0.000000000  0.500000000  0.000000000      80
       1       1  -65.477445934  589.369365781
       1       2  -65.477445934  589.369365781
       1       3  -42.193944935  605.884831792
       1       4  -42.193944935  605.884831792
       1       5  -39.711107317  600.805339089
       1       6  -39.711107317  600.805339089
       1       7  -39.522589136  602.123867139
       1       8  -39.522589136  602.123867139
       1       9  -17.492720431  392.260276762
       1      10  -17.492720431  392.260276762
       1      11  -17.372839417  382.678990101
       1      12  -17.372839417  382.678990101
       1      13  -11.071771944  394.129845010
       1      14  -11.071771944  394.129845010
       1      15  -10.176263111  373.499369760
       1      16  -10.176263111  373.499369760
       1      17   -9.396196708  420.173774242
       1      18   -9.396196708  420.173774243
       1      19   -8.435165143  463.428024212
       1      20   -8.435165143  463.428024210
       1      21   -7.287408574  344.772959915
       1      22   -7.287408574  344.772959915
       1      23   -6.229798334  398.183719823
       1      24   -6.229798334  398.183719824
       1      25   -5.959237052  451.508264009
       1      26   -5.959237052  451.508264008
       1      27   -3.034071693  596.912973971
       1      28   -3.034071693  596.912973969
       1      29   -2.519587636  556.456576541
       1      30   -2.519587636  556.456576540
       1      31   -1.441695794  454.904375773
       1      32   -1.441695794  454.904375774
       1      33   -1.050195944  460.933135495
       1      34   -1.050195944  460.933135491
       1      35    1.140216885  366.111335910
       1      36    1.140216885  366.111335915
       1      37    2.591007717  350.726430155
       1      38    2.591007717  350.726430158
       1      39    3.229689567  357.746863666
       1      40    3.229689567  357.746863667
       1      41    4.445879459  274.577854865
       1      42    4.445879459  274.577854873
       1      43    4.996113620  313.593832574
       1      44    4.996113620  313.593832573
       1      45    6.026334628  399.250047951
       1      46    6.026334628  399.250047952
       1      47    8.332092030  107.108005325
       1      48    8.332092030  107.108005321
       1      49    9.010773350  239.509218648
       1      50    9.010773350  239.509218645
       1      51   10.399257312  181.431087821
       1      52   10.399257312  181.431087822
       1      53   10.413666434  310.680652027
       1      54   10.413666434  310.680652023
       1      55   11.858639273  212.128416965
       1      56   11.858639273  212.128416951
       1      57   12.088195783  406.873382271
       1      58   12.088195783  406.873382275
       1      59   12.797673128  402.681521650
       1      60   12.797673128  402.681521648
       1      61   13.423921016  246.909463545
       1      62   13.423921016  246.909463523
       1      63   14.113075385  212.316759203
       1      64   14.113075385  212.316759210
       1      65   14.601987728  308.251582844
       1      66   14.601987728  308.251582851
       1      67   15.013668203  244.982246149
       1      68   15.013668203  244.982246159
       1      69   15.665351492  295.078787250
       1      70   15.665351492  295.078787259
       1      71   16.403686934  164.167805067
       1      72   16.403686934  164.167805017
       1      73   16.425572006  195.401399154
       1      74   16.425572006  195.401399190
       1      75   18.893628781  250.218055100
       1      76   18.893628781  250.218055114
       1      77   18.952806008  394.758063977
       1      78   18.952806008  394.758064019
       1      79   19.525776815   48.189445944
       1      80   19.525776815   48.189445721
  0.000000000  0.750000000  0.000000000      80
       1       1  -65.453278892  586.164741901
       1       2  -65.453278892  586.164422570
       1       3  -42.131328983  606.900737356
       1       4  -42.131328932  606.929450866
       1       5  -39.599192178  599.402045866
       1       6  -39.599192177  599.402188867
       1       7  -39.488545575  606.831038323
       1       8  -39.488545507  606.860171409
       1       9  -18.545594641  382.776782991
       1      10  -18.545594635  382.776842959
       1      11  -17.814950337  364.711972692
       1      12  -17.814950335  364.711864925
       1      13  -10.273785240  427.110997199
       1      14  -10.273785107  427.111057833
       1      15   -9.040022761  422.965788062
       1      16   -9.040022590  422.965848664
       1      17   -8.913920251  406.113858439
       1      18   -8.913920150  406.113530476
       1      19   -7.742955985  471.831945116
       1      20   -7.742955884  471.831703439
       1      21   -7.005213941  478.051392264
       1      22   -7.005213736  478.051735501
       1      23   -6.681849591  328.733272608
       1      24   -6.681849496  328.733436369
       1      25   -6.090483934  480.822472803
       1      26   -6.090483252  480.822785293
       1      27   -3.159537154  452.661724104
       1      28   -3.159534698  452.662884122
       1      29   -2.958523249  481.552255230
       1      30   -2.958520311  481.553284465
       1      31   -2.356331498  476.327577201
       1      32   -2.356330688  476.327273043
       1      33   -1.544765703  459.423997554
       1      34   -1.544764908  459.424072272
       1      35    2.988144870  359.221072108
       1      36    2.988144989  359.221380305
       1      37    3.659469223  317.647289043
       1      38    3.659469276  317.647424107
       1      39    4.172687694  383.342951726
       1      40    4.172687801  383.342944195
       1      41    5.105824477  276.296737824
       1      42    5.105824772  276.296648735
       1      43    5.443105188  166.883752595
       1      44    5.443105210  166.883314583
       1      45    7.036408418  294.929168881
       1      46    7.036408507  294.928834464
       1      47    7.073964237  332.168661825
       1      48    7.073964292  332.168570132
       1      49    7.695937685  404.041951108
       1      50    7.695938145  404.043021482
       1      51    8.343084959  354.031172821
       1      52    8.343085030  354.030752290
       1      53    9.010855818  312.942745633
       1      54    9.010855958  312.943117646
       1      55    9.168321373  380.718156897
       1      56    9.168322058  380.716637222
       1      57    9.744848238  266.050783273
       1      58    9.744848836  266.047473733
       1      59   11.947323065  373.998524791
       1      60   11.947323152  373.999372260
       1      61   13.618535270  131.261546217
       1      62   13.618535414  131.261510505
       1      63   14.678965991  181.610175416
       1      64   14.678966081  181.610364406
       1      65   15.052261908   77.831315004
       1      66   15.052261912   77.831688290
       1      67   15.463571707  189.014652856
       1      68   15.463572368  189.014367250
       1      69   16.411347818  245.188407307
       1      70   16.411348153  245.188795553
       1      71   17.173077952  200.813128951
       1      72   17.173078670  200.808012646
       1      73   17.227103106  217.345051506
       1      74   17.227103263  217.344320945
       1      75   17.405600714  354.157830839
       1      76   17.405601967  354.153127946
       1      77   18.119939359  239.968638683
       1      78   18.119939400  239.968585482
       1      79   18.871758809  306.404509457
       1      80   18.871758935  306.404182229
  0.250000000 -0.000000000  0.000000000      80
       1       1  -65.453278983  585.911768453
       1       2  -65.453278983  585.911633839
       1       3  -42.131328807  606.899705145
       1       4  -42.131328801  606.910034130
       1       5  -39.599192581  599.586873034
       1       6  -39.599192581  599.587335413
       1       7  -39.488544606  606.712609806
       1       8  -39.488544603  606.723979677
       1       9  -18.545596167  381.201594916
       1      10  -18.545596105  381.201429663
       1      11  -17.814951676  362.697056572
       1      12  -17.814951670  362.696873724
       1      13  -10.273785576  424.899477057
       1      14  -10.273785465  424.899572238
       1      15   -9.040027537  422.211577701
       1      16   -9.040027428  422.211367054
       1      17   -8.913921936  404.606494095
       1      18   -8.913921797  404.606697809
       1      19   -7.742949212  469.590803554
       1      20   -7.742949049  469.591297748
       1      21   -7.005206860  478.643514099
       1      22   -7.005206835  478.644282324
       1      23   -6.681851175  329.283098955
       1      24   -6.681851088  329.283065962
       1      25   -6.090485925  476.974051383
       1      26   -6.090485606  476.974246842
       1      27   -3.159539248  453.343713013
       1      28   -3.159537032  453.346373965
       1      29   -2.958517456  480.511391429
       1      30   -2.958514881  480.513695187
       1      31   -2.356331235  474.679180388
       1      32   -2.356330648  474.679148681
       1      33   -1.544762461  460.164566262
       1      34   -1.544761918  460.164533482
       1      35    2.988149811  360.653002660
       1      36    2.988149971  360.652460579
       1      37    3.659468267  320.141464365
       1      38    3.659468322  320.141623766
       1      39    4.172679357  386.923853874
       1      40    4.172679524  386.923381951
       1      41    5.105821778  275.882051777
       1      42    5.105822020  275.882169750
       1      43    5.443106299  170.619469145
       1      44    5.443106326  170.619495934
       1      45    7.036403998  290.370745487
       1      46    7.036404131  290.370936406
       1      47    7.073958115  330.652146052
       1      48    7.073958196  330.652368650
       1      49    7.695945270  408.961769983
       1      50    7.695945733  408.960631479
       1      51    8.343094443  358.330565466
       1      52    8.343094467  358.330061913
       1      53    9.010852919  312.648914699
       1      54    9.010852949  312.648832073
       1      55    9.168328665  377.485975123
       1      56    9.168328954  377.487388264
       1      57    9.744844980  261.957399300
       1      58    9.744845246  261.958537631
       1      59   11.947328796  370.499205258
       1      60   11.947328878  370.498985093
       1      61   13.618533482  135.146840224
       1      62   13.618533671  135.147187870
       1      63   14.678963355  177.667711131
       1      64   14.678963449  177.667027731
       1      65   15.052256131   80.916409003
       1      66   15.052256133   80.916303032
       1      67   15.463562386  186.072896874
       1      68   15.463562918  186.073781555
       1      69   16.411346471  248.312025266
       1      70   16.411346677  248.311832868
       1      71   17.173077480  209.405852961
       1      72   17.173078431  209.405921938
       1      73   17.227092588  212.542044163
       1      74   17.227092770  212.542013794
       1      75   17.405611378  359.664777667
       1      76   17.405612769  359.663454459
       1      77   18.119933675  245.173541821
       1      78   18.119933737  245.173145910
       1      79   18.871746543  319.330041235
       1      80   18.871746607  319.330090214
  0.250000000  0.250000000  0.000000000      80
       1       1  -65.417328508  586.436843605
       1       2  -65.417325139  586.436184934
       1       3  -42.193634044  606.400143280
       1       4  -42.176490881  606.847869591
       1       5  -39.680493866  603.991585704
       1       6  -39.655726195  603.016707167
       1       7  -39.554529208  601.599365567
       1       8  -39.554295165  599.972245286
       1       9  -17.542970829  388.373142294
       1      10  -17.497707451  387.957542504
       1      11  -17.350886522  377.487522003
       1      12  -17.347341285  377.409604501
       1      13  -10.414176254  414.122451693
       1      14  -10.411106309  413.534133107
       1      15  -10.256660282  426.554669494
       1      16  -10.244485221  427.960025874
       1      17   -8.880047145  376.026364852
       1      18   -8.874788741  373.323706491
       1      19   -8.614033867  382.434436299
       1      20   -8.594771752  383.625083284
       1      21   -8.253971198  409.243229092
       1      22   -8.197637531  409.908959308
       1      23   -7.025828378  348.113663918
       1      24   -7.015221615  348.509254236
       1      25   -5.866696060  522.523162092
       1      26   -5.764595658  520.967471359
       1      27   -3.122798271  512.214252322
       1      28   -3.115176687  503.749100505
       1      29   -2.459133356  571.141460571
       1      30   -2.357954624  564.211023335
       1      31   -2.253669679  452.292891959
       1      32   -2.243342906  455.091258959
       1      33   -0.709808795  497.439116088
       1      34   -0.671549298  499.357537207
       1      35    2.451122079  365.277891434
       1      36    2.497418181  357.580958962
       1      37    3.430205868  353.733286699
       1      38    3.487443869  359.381568693
       1      39    4.217254370  302.846421841
       1      40    4.222834237  303.546193951
       1      41    5.465538683  315.840371171
       1      42    5.488095603  314.563213838
       1      43    5.561688793  291.779611387
       1      44    5.581396488  293.721188660
       1      45    6.314451040  364.749483106
       1      46    6.361302288  362.729071827
       1      47    7.315096767  344.168477274
       1      48    7.320442963  343.977611822
       1      49    7.482272470  396.524266826
       1      50    7.496469972  395.841741372
       1      51    8.622711564  283.299186984
       1      52    8.633644043  281.470104280
       1      53    9.051175789  187.153345795
       1      54    9.058908412  188.798055662
       1      55   10.348222214  222.347097357
       1      56   10.383544716  227.522344492
       1      57   11.702902565  201.303195212
       1      58   11.731264198  205.976626927
       1      59   13.311677513  245.692755573
       1      60   13.328268045  238.022660029
       1      61   13.409888314  187.982979829
       1      62   13.412498359  187.343707498
       1      63   14.871480255  260.963808447
       1      64   14.904692154  213.145098879
       1      65   14.905604737  200.486187987
       1      66   14.940278249  272.294144239
       1      67   15.691549376  110.535783607
       1      68   15.692752283  110.758722445
       1      69   16.314830562  265.161325909
       1      70   16.374957974  279.323646222
       1      71   16.849955947  166.011987531
       1      72   16.865816973  157.099341474
       1      73   17.050138869  366.093895422
       1      74   17.063130357  366.582485771
       1      75   17.929793123  240.396288464
       1      76   17.935465278  234.999658363
       1      77   18.821933932   90.047572045
       1      78   18.822477933   89.995697388
       1      79   19.468108530  308.557114970
       1      80   19.478345631  310.283869130
  0.250000000  0.500000000  0.000000000      80
       1       1  -65.417328124  588.650315614
       1       2  -65.417324755  588.648674388
       1       3  -42.193634291  606.126602358
       1       4  -42.176491180  605.572060716
       1       5  -39.680493805  603.645001124
       1       6  -39.655725970  601.708682251
       1       7  -39.554530267  600.367894478
       1       8  -39.554295990  599.008828863
       1       9  -17.542968828  390.928056450
       1      10  -17.497705421  390.454316521
       1      11  -17.350880273  378.456207388
       1      12  -17.347335036  378.382572813
       1      13  -10.414182076  413.435764154
       1      14  -10.411111800  412.864589305
       1      15  -10.256671201  426.537185897
       1      16  -10.244496224  427.945838787
       1      17   -8.880047140  376.373415723
       1      18   -8.874788894  373.546101557
       1      19   -8.614033714  381.631170712
       1      20   -8.594771480  382.802112862
       1      21   -8.253968130  409.605363977
       1      22   -8.197634372  410.308602850
       1      23   -7.025826181  347.092439206
       1      24   -7.015219537  347.483889834
       1      25   -5.866701511  523.173851624
       1      26   -5.764601377  521.542585547
       1      27   -3.122793877  513.548429740
       1      28   -3.115173304  504.890697509
       1      29   -2.459113609  567.180439681
       1      30   -2.357936094  560.165309286
       1      31   -2.253664581  452.130294399
       1      32   -2.243337763  455.009456148
       1      33   -0.709827769  496.505495279
       1      34   -0.671568368  498.524798914
       1      35    2.451113889  367.631285792
       1      36    2.497411620  359.597058889
       1      37    3.430205221  353.524400811
       1      38    3.487441363  359.217274163
       1      39    4.217237293  304.154962481
       1      40    4.222817177  304.877727127
       1      41    5.465546657  316.805686460
       1      42    5.488103827  316.057140637
       1      43    5.561694040  290.209598847
       1      44    5.581402055  292.566402830
       1      45    6.314424664  360.266806151
       1      46    6.361276456  357.986720771
       1      47    7.315107222  343.646798924
       1      48    7.320453765  343.492352266
       1      49    7.482273673  392.438698292
       1      50    7.496471346  391.668935547
       1      51    8.622704181  280.484180028
       1      52    8.633636595  278.828566449
       1      53    9.051184527  190.564058645
       1      54    9.058917233  192.134592936
       1      55   10.348222159  221.364997615
       1      56   10.383545161  226.501956787
       1      57   11.702896369  201.066562886
       1      58   11.731257662  205.841581816
       1      59   13.311682827  242.208646487
       1      60   13.328272713  234.217577401
       1      61   13.409896669  194.570735379
       1      62   13.412506678  193.926503310
       1      63   14.871502539  259.894265258
       1      64   14.904698980  210.622180446
       1      65   14.905608144  197.733635447
       1      66   14.940302970  272.065018799
       1      67   15.691554126  117.290146597
       1      68   15.692757141  117.489456683
       1      69   16.314828300  266.693006259
       1      70   16.374955476  279.887749646
       1      71   16.849958958  166.116674660
       1      72   16.865820260  157.573808564
       1      73   17.050169022  360.551456695
       1      74   17.063160432  361.033881462
       1      75   17.929813199  241.374926652
       1      76   17.935484824  235.918519147
       1      77   18.821938134   79.568308981
       1      78   18.822482125   79.478548402
       1      79   19.468099686  318.300684977
       1      80   19.478335977  320.216015588
  0.250000000  0.750000000  0.000000000      80
       1       1  -65.453278835  585.849892324
       1       2  -65.453278835  585.850337949
       1       3  -42.131329027  606.399167215
       1       4  -42.131328982  606.391988554
       1       5  -39.599191293  600.074975932
       1       6  -39.599191292  600.074685835
       1       7  -39.488546795  604.669348771
       1       8  -39.488546731  604.661250997
       1       9  -18.545594924  382.540819758
       1      10  -18.545594868  382.540441786
       1      11  -17.814946813  364.177462201
       1      12  -17.814946809  364.177650755
       1      13  -10.273786883  424.909741174
       1      14  -10.273786860  424.909646612
       1      15   -9.040023136  423.602890872
       1      16   -9.040023074  423.602929954
       1      17   -8.913911630  402.744443880
       1      18   -8.913911592  402.744678375
       1      19   -7.742975455  469.775393129
       1      20   -7.742975393  469.775406092
       1      21   -7.005216911  477.112493395
       1      22   -7.005216732  477.112312248
       1      23   -6.681848785  328.580437425
       1      24   -6.681848776  328.580452054
       1      25   -6.090471170  480.496031038
       1      26   -6.090470808  480.496809098
       1      27   -3.159535522  453.580214533
       1      28   -3.159535281  453.578818536
       1      29   -2.958530894  477.394139586
       1      30   -2.958530530  477.393222782
       1      31   -2.356343131  480.918361364
       1      32   -2.356342909  480.918444646
       1      33   -1.544754998  456.786153730
       1      34   -1.544754746  456.786429346
       1      35    2.988142809  359.716960925
       1      36    2.988142850  359.716975368
       1      37    3.659472243  320.553709512
       1      38    3.659472243  320.553850469
       1      39    4.172691712  384.388841077
       1      40    4.172691773  384.387618048
       1      41    5.105827235  275.725421226
       1      42    5.105827288  275.725811299
       1      43    5.443099613  165.631567313
       1      44    5.443099619  165.631272171
       1      45    7.036411098  293.199582099
       1      46    7.036411142  293.200025550
       1      47    7.073965129  328.647818849
       1      48    7.073965155  328.648472412
       1      49    7.695936160  406.855308592
       1      50    7.695936162  406.854485453
       1      51    8.343076241  357.937245223
       1      52    8.343076289  357.937802096
       1      53    9.010863403  312.840408689
       1      54    9.010863514  312.840445601
       1      55    9.168314613  379.443484610
       1      56    9.168315009  379.444908713
       1      57    9.744862080  262.925091661
       1      58    9.744862412  262.927024026
       1      59   11.947327893  373.428539468
       1      60   11.947327898  373.429352115
       1      61   13.618537403  135.372626737
       1      62   13.618537448  135.373016816
       1      63   14.678974628  180.862836391
       1      64   14.678974632  180.862401274
       1      65   15.052265588   88.477137124
       1      66   15.052265595   88.477093442
       1      67   15.463580014  188.138210247
       1      68   15.463580143  188.137620224
       1      69   16.411336106  242.833759409
       1      70   16.411336233  242.833683877
       1      71   17.173076121  202.379899770
       1      72   17.173076354  202.380042591
       1      73   17.227111708  201.848235878
       1      74   17.227111733  201.847819610
       1      75   17.405585577  357.555876773
       1      76   17.405585715  357.554387806
       1      77   18.119932191  227.090085522
       1      78   18.119932211  227.089547938
       1      79   18.871777620  299.281115426
       1      80   18.871777682  299.281040555
  0.500000000 -0.000000000  0.000000000      80
       1       1  -65.477446092  589.313152019
       1       2  -65.477446092  589.313152018
       1       3  -42.193944609  606.354434016
       1       4  -42.193944609  606.354434016
       1       5  -39.711107244  601.767301909
       1       6  -39.711107244  601.767301910
       1       7  -39.522588210  602.379527901
       1       8  -39.522588210  602.379527901
       1       9  -17.492723973  390.042415686
       1      10  -17.492723973  390.042415686
       1      11  -17.372842743  377.536535168
       1      12  -17.372842743  377.536535168
       1      13  -11.071772809  394.220994193
       1      14  -11.071772809  394.220994194
       1      15  -10.176262172  374.476418332
       1      16  -10.176262172  374.476418333
       1      17   -9.396198244  415.071537704
       1      18   -9.396198244  415.071537704
       1      19   -8.435156080  462.163234927
       1      20   -8.435156080  462.163234927
       1      21   -7.287410975  342.654248242
       1      22   -7.287410975  342.654248242
       1      23   -6.229789924  399.480019943
       1      24   -6.229789924  399.480019941
       1      25   -5.959240934  453.797750229
       1      26   -5.959240934  453.797750231
       1      27   -3.034072194  597.509549343
       1      28   -3.034072194  597.509549334
       1      29   -2.519588666  554.061558149
       1      30   -2.519588666  554.061558151
       1      31   -1.441693951  455.385423707
       1      32   -1.441693951  455.385423707
       1      33   -1.050192283  456.890701983
       1      34   -1.050192283  456.890701982
       1      35    1.140211246  370.240363176
       1      36    1.140211246  370.240363178
       1      37    2.591014905  358.999357955
       1      38    2.591014905  358.999357955
       1      39    3.229695360  358.121924085
       1      40    3.229695360  358.121924087
       1      41    4.445873248  276.296567393
       1      42    4.445873248  276.296567395
       1      43    4.996111826  312.896762856
       1      44    4.996111826  312.896762856
       1      45    6.026348285  400.050810238
       1      46    6.026348285  400.050810237
       1      47    8.332088114  104.791469591
       1      48    8.332088114  104.791469588
       1      49    9.010766274  242.811364223
       1      50    9.010766274  242.811364219
       1      51   10.399259349  179.669492332
       1      52   10.399259349  179.669492329
       1      53   10.413672701  309.382769381
       1      54   10.413672701  309.382769384
       1      55   11.858634027  212.216892681
       1      56   11.858634027  212.216892684
       1      57   12.088194244  406.711708071
       1      58   12.088194244  406.711708079
       1      59   12.797670022  405.857624416
       1      60   12.797670022  405.857624434
       1      61   13.423924033  238.325295671
       1      62   13.423924033  238.325295670
       1      63   14.113067333  217.146897682
       1      64   14.113067333  217.146897692
       1      65   14.601981346  307.197987644
       1      66   14.601981346  307.197987647
       1      67   15.013660938  244.634305288
       1      68   15.013660938  244.634305274
       1      69   15.665364699  299.819883470
       1      70   15.665364699  299.819883467
       1      71   16.403686188  161.551024034
       1      72   16.403686188  161.551024207
       1      73   16.425571474  199.124539195
       1      74   16.425571474  199.124539397
       1      75   18.893626833  244.199096979
       1      76   18.893626833  244.199096969
       1      77   18.952808290  392.174558099
       1      78   18.952808290  392.174558125
       1      79   19.525768329  119.576648695
       1      80   19.525768329  119.576648938
  0.500000000  0.250000000  0.000000000      80
       1       1  -65.417328349  585.911382128
       1       2  -65.417324980  585.910672631
       1       3  -42.193634112  605.202938285
       1       4  -42.176490956  606.892446841
       1       5  -39.680493492  602.553987501
       1       6  -39.655725657  603.449862076
       1       7  -39.554530072  600.686288703
       1       8  -39.554295859  599.287241383
       1       9  -17.542970955  390.306124590
       1      10  -17.497707495  389.856022437
       1      11  -17.350881882  378.757906198
       1      12  -17.347336638  378.674299137
       1      13  -10.414179191  414.479232915
       1      14  -10.411108923  413.783393077
       1      15  -10.256669632  425.593568083
       1      16  -10.244494654  426.977840176
       1      17   -8.880046254  374.852981470
       1      18   -8.874788102  372.010509553
       1      19   -8.614031040  379.774277998
       1      20   -8.594768906  380.961721406
       1      21   -8.253972041  409.894396678
       1      22   -8.197638349  410.388615499
       1      23   -7.025827987  346.518741389
       1      24   -7.015221311  346.951406263
       1      25   -5.866697782  521.367974300
       1      26   -5.764597488  519.958577103
       1      27   -3.122795407  510.777638572
       1      28   -3.115174433  501.923743014
       1      29   -2.459120536  566.813341704
       1      30   -2.357942503  559.707629168
       1      31   -2.253662135  452.577126491
       1      32   -2.243335142  455.243076254
       1      33   -0.709828708  499.027121129
       1      34   -0.671569044  500.881366717
       1      35    2.451116354  371.786812577
       1      36    2.497414218  364.418846655
       1      37    3.430203733  351.969519035
       1      38    3.487439749  357.379131689
       1      39    4.217243808  306.190147171
       1      40    4.222823732  306.864393463
       1      41    5.465547600  314.805162471
       1      42    5.488103947  313.515842829
       1      43    5.561698991  292.223896519
       1      44    5.581406451  293.965013094
       1      45    6.314434150  359.981757548
       1      46    6.361286063  357.402446014
       1      47    7.315106006  343.893327983
       1      48    7.320452474  343.783070378
       1      49    7.482276296  395.986958505
       1      50    7.496474123  395.184089040
       1      51    8.622705127  277.066806483
       1      52    8.633637579  275.571254603
       1      53    9.051180106  189.815579328
       1      54    9.058912757  191.304703909
       1      55   10.348223472  223.174332897
       1      56   10.383546168  228.389985066
       1      57   11.702897410  201.633403261
       1      58   11.731258815  206.541726832
       1      59   13.311682891  244.883366855
       1      60   13.328273087  237.032951622
       1      61   13.409892292  190.544234534
       1      62   13.412502329  189.863869015
       1      63   14.871492018  256.149613120
       1      64   14.904696076  206.682090705
       1      65   14.905606839  193.426069315
       1      66   14.940291157  268.286296794
       1      67   15.691551957  115.280605584
       1      68   15.692754961  115.604440318
       1      69   16.314830613  273.995522062
       1      70   16.374957620  287.309669161
       1      71   16.849951862  173.354605158
       1      72   16.865813384  165.579646168
       1      73   17.050155995  363.662874258
       1      74   17.063147436  364.262852240
       1      75   17.929800169  237.763289602
       1      76   17.935472103  232.505727926
       1      77   18.821936594   68.552072115
       1      78   18.822480580   68.444833518
       1      79   19.468107603  316.198128343
       1      80   19.478344062  317.575041566
  0.500000000  0.500000000  0.000000000      80
       1       1  -65.477445835  590.996771324
       1       2  -65.477445835  590.996771324
       1       3  -42.193945032  605.578808175
       1       4  -42.193945032  605.578808175
       1       5  -39.711106645  601.304694375
       1       6  -39.711106645  601.304694375
       1       7  -39.522590472  600.568948666
       1       8  -39.522590472  600.568948666
       1       9  -17.492721704  391.840486539
       1      10  -17.492721704  391.840486538
       1      11  -17.372830362  379.416885727
       1      12  -17.372830362  379.416885728
       1      13  -11.071767611  395.242715835
       1      14  -11.071767611  395.242715835
       1      15  -10.176271223  372.632473832
       1      16  -10.176271223  372.632473832
       1      17   -9.396202336  413.710652139
       1      18   -9.396202336  413.710652139
       1      19   -8.435182523  462.800992362
       1      20   -8.435182523  462.800992362
       1      21   -7.287395975  342.159349201
       1      22   -7.287395975  342.159349202
       1      23   -6.229808204  397.612537713
       1      24   -6.229808204  397.612537711
       1      25   -5.959224504  455.501712312
       1      26   -5.959224504  455.501712312
       1      27   -3.034067010  594.572550982
       1      28   -3.034067010  594.572550988
       1      29   -2.519586165  553.744679933
       1      30   -2.519586165  553.744679933
       1      31   -1.441715815  457.253843031
       1      32   -1.441715815  457.253843032
       1      33   -1.050193459  451.763046294
       1      34   -1.050193459  451.763046291
       1      35    1.140211037  375.206789236
       1      36    1.140211037  375.206789236
       1      37    2.591000859  348.336122536
       1      38    2.591000859  348.336122539
       1      39    3.229684874  355.418529116
       1      40    3.229684874  355.418529118
       1      41    4.445888313  277.436389259
       1      42    4.445888313  277.436389258
       1      43    4.996132678  309.038009965
       1      44    4.996132678  309.038009970
       1      45    6.026329490  395.926680044
       1      46    6.026329490  395.926680042
       1      47    8.332093266  110.411685614
       1      48    8.332093266  110.411685614
       1      49    9.010769841  241.457425727
       1      50    9.010769841  241.457425728
       1      51   10.399264877  178.732435837
       1      52   10.399264877  178.732435841
       1      53   10.413667023  309.987435619
       1      54   10.413667023  309.987435621
       1      55   11.858652724  213.992609650
       1      56   11.858652724  213.992609647
       1      57   12.088178876  408.364378624
       1      58   12.088178876  408.364378611
       1      59   12.797692700  403.714632858
       1      60   12.797692700  403.714632851
       1      61   13.423922878  244.182085192
       1      62   13.423922878  244.182085209
       1      63   14.113076868  214.124407142
       1      64   14.113076868  214.124407128
       1      65   14.601999233  306.885667817
       1      66   14.601999233  306.885667832
       1      67   15.013689370  243.261199845
       1      68   15.013689370  243.261199863
       1      69   15.665336592  300.416813426
       1      70   15.665336592  300.416813419
       1      71   16.403683316  149.018527720
       1      72   16.403683316  149.018527660
       1      73   16.425565477  189.336681756
       1      74   16.425565477  189.336681817
       1      75   18.893617466  245.954742758
       1      76   18.893617466  245.954742735
       1      77   18.952837508  410.352908179
       1      78   18.952837508  410.352908179
       1      79   19.525781305   62.803018557
       1      80   19.525781305   62.803018559
  0.500000000  0.750000000  0.000000000      80
       1       1  -65.417328349  585.911382128
       1       2  -65.417324980  585.910672631
       1       3  -42.193634112  605.202938285
       1       4  -42.176490956  606.892446841
       1       5  -39.680493492  602.553987501
       1       6  -39.655725657  603.449862076
       1       7  -39.554530072  600.686288703
       1       8  -39.554295859  599.287241383
       1       9  -17.542970955  390.306124590
       1      10  -17.497707495  389.856022437
       1      11  -17.350881882  378.757906198
       1      12  -17.347336638  378.674299137
       1      13  -10.414179191  414.479232915
       1      14  -10.411108923  413.783393077
       1      15  -10.256669632  425.593568083
       1      16  -10.244494654  426.977840176
       1      17   -8.880046254  374.852981470
       1      18   -8.874788102  372.010509553
       1      19   -8.614031040  379.774277998
       1      20   -8.594768906  380.961721406
       1      21   -8.253972041  409.894396678
       1      22   -8.197638349  410.388615499
       1      23   -7.025827987  346.518741389
       1      24   -7.015221311  346.951406263
       1      25   -5.866697782  521.367974300
       1      26   -5.764597488  519.958577103
       1      27   -3.122795407  510.777638572
       1      28   -3.115174433  501.923743014
       1      29   -2.459120536  566.813341704
       1      30   -2.357942503  559.707629168
       1      31   -2.253662135  452.577126491
       1      32   -2.243335142  455.243076254
       1      33   -0.709828708  499.027121129
       1      34   -0.671569044  500.881366717
       1      35    2.451116354  371.786812577
       1      36    2.497414218  364.418846655
       1      37    3.430203733  351.969519035
       1      38    3.487439749  357.379131689
       1      39    4.217243808  306.190147171
       1      40    4.222823732  306.864393463
       1      41    5.465547600  314.805162471
       1      42    5.488103947  313.515842829
       1      43    5.561698991  292.223896519
       1      44    5.581406451  293.965013094
       1      45    6.314434150  359.981757548
       1      46    6.361286063  357.402446014
       1      47    7.315106006  343.893327983
       1      48    7.320452474  343.783070378
       1      49    7.482276296  395.986958505
       1      50    7.496474123  395.184089040
       1      51    8.622705127  277.066806483
       1      52    8.633637579  275.571254603
       1      53    9.051180106  189.815579328
       1      54    9.058912757  191.304703909
       1      55   10.348223472  223.174332897
       1      56   10.383546168  228.389985066
       1      57   11.702897410  201.633403261
       1      58   11.731258815  206.541726832
       1      59   13.311682891  244.883366855
       1      60   13.328273087  237.032951622
       1      61   13.409892292  190.544234534
       1      62   13.412502329  189.863869015
       1      63   14.871492018  256.149613120
       1      64   14.904696076  206.682090705
       1      65   14.905606839  193.426069315
       1      66   14.940291157  268.286296794
       1      67   15.691551957  115.280605584
       1      68   15.692754961  115.604440318
       1      69   16.314830613  273.995522062
       1      70   16.374957620  287.309669161
       1      71   16.849951862  173.354605158
       1      72   16.865813384  165.579646168
       1      73   17.050155995  363.662874258
       1      74   17.063147436  364.262852240
       1      75   17.929800169  237.763289602
       1      76   17.935472103  232.505727926
       1      77   18.821936594   68.552072115
       1      78   18.822480580   68.444833518
       1      79   19.468107603  316.198128343
       1      80   19.478344062  317.575041566
  0.750000000 -0.000000000  0.000000000      80
       1       1  -65.453278983  585.911768453
       1       2  -65.453278983  585.911633839
       1       3  -42.131328807  606.899705145
       1       4  -42.131328801  606.910034130
       1       5  -39.599192581  599.586873034
       1       6  -39.599192581  599.587335413
       1       7  -39.488544606  606.712609806
       1       8  -39.488544603  606.723979677
       1       9  -18.545596167  381.201594916
       1      10  -18.545596105  381.201429663
       1      11  -17.814951676  362.697056572
       1      12  -17.814951670  362.696873724
       1      13  -10.273785576  424.899477057
       1      14  -10.273785465  424.899572238
       1      15   -9.040027537  422.211577701
       1      16   -9.040027428  422.211367054
       1      17   -8.913921936  404.606494095
       1      18   -8.913921797  404.606697809
       1      19   -7.742949212  469.590803554
       1      20   -7.742949049  469.591297748
       1      21   -7.005206860  478.643514099
       1      22   -7.005206835  478.644282324
       1      23   -6.681851175  329.283098955
       1      24   -6.681851088  329.283065962
       1      25   -6.090485925  476.974051383
       1      26   -6.090485606  476.974246842
       1      27   -3.159539248  453.343713013
       1      28   -3.159537032  453.346373965
       1      29   -2.958517456  480.511391429
       1      30   -2.958514881  480.513695187
       1      31   -2.356331235  474.679180388
       1      32   -2.356330648  474.679148681
       1      33   -1.544762461  460.164566262
       1      34   -1.544761918  460.164533482
       1      35    2.988149811  360.653002660
       1      36    2.988149971  360.652460579
       1      37    3.659468267  320.141464365
       1      38    3.659468322  320.141623766
       1      39    4.172679357  386.923853874
       1      40    4.172679524  386.923381951
       1      41    5.105821778  275.882051777
       1      42    5.105822020  275.882169750
       1      43    5.443106299  170.619469145
       1      44    5.443106326  170.619495934
       1      45    7.036403998  290.370745487
       1      46    7.036404131  290.370936406
       1      47    7.073958115  330.652146052
       1      48    7.073958196  330.652368650
       1      49    7.695945270  408.961769983
       1      50    7.695945733  408.960631479
       1      51    8.343094443  358.330565466
       1      52    8.343094467  358.330061913
       1      53    9.010852919  312.648914699
       1      54    9.010852949  312.648832073
       1      55    9.168328665  377.485975123
       1      56    9.168328954  377.487388264
       1      57    9.744844980  261.957399300
       1      58    9.744845246  261.958537631
       1      59   11.947328796  370.499205258
       1      60   11.947328878  370.498985093
       1      61   13.618533482  135.146840224
       1      62   13.618533671  135.147187870
       1      63   14.678963355  177.667711131
       1      64   14.678963449  177.667027731
       1      65   15.052256131   80.916409003
       1      66   15.052256133   80.916303032
       1      67   15.463562386  186.072896874
       1      68   15.463562918  186.073781555
       1      69   16.411346471  248.312025266
       1      70   16.411346677  248.311832868
       1      71   17.173077480  209.405852961
       1      72   17.173078431  209.405921938
       1      73   17.227092588  212.542044163
       1      74   17.227092770  212.542013794
       1      75   17.405611378  359.664777667
       1      76   17.405612769  359.663454459
       1      77   18.119933675  245.173541821
       1      78   18.119933737  245.173145910
       1      79   18.871746543  319.330041235
       1      80   18.871746607  319.330090214
  0.750000000  0.250000000  0.000000000      80
       1       1  -65.453278835  585.849892324
       1       2  -65.453278835  585.850337949
       1       3  -42.131329027  606.399167215
       1       4  -42.131328982  606.391988554
       1       5  -39.599191293  600.074975932
       1       6  -39.599191292  600.074685835
       1       7  -39.488546795  604.669348771
       1       8  -39.488546731  604.661250997
       1       9  -18.545594924  382.540819758
       1      10  -18.545594868  382.540441786
       1      11  -17.814946813  364.177462201
       1      12  -17.814946809  364.177650755
       1      13  -10.273786883  424.909741174
       1      14  -10.273786860  424.909646612
       1      15   -9.040023136  423.602890872
       1      16   -9.040023074  423.602929954
       1      17   -8.913911630  402.744443880
       1      18   -8.913911592  402.744678375
       1      19   -7.742975455  469.775393129
       1      20   -7.742975393  469.775406092
       1      21   -7.005216911  477.112493395
       1      22   -7.005216732  477.112312248
       1      23   -6.681848785  328.580437425
       1      24   -6.681848776  328.580452054
       1      25   -6.090471170  480.496031038
       1      26   -6.090470808  480.496809098
       1      27   -3.159535522  453.580214533
       1      28   -3.159535281  453.578818536
       1      29   -2.958530894  477.394139586
       1      30   -2.958530530  477.393222782
       1      31   -2.356343131  480.918361364
       1      32   -2.356342909  480.918444646
       1      33   -1.544754998  456.786153730
       1      34   -1.544754746  456.786429346
       1      35    2.988142809  359.716960925
       1      36    2.988142850  359.716975368
       1      37    3.659472243  320.553709512
       1      38    3.659472243  320.553850469
       1      39    4.172691712  384.388841077
       1      40    4.172691773  384.387618048
       1      41    5.105827235  275.725421226
       1      42    5.105827288  275.725811299
       1      43    5.443099613  165.631567313
       1      44    5.443099619  165.631272171
       1      45    7.036411098  293.199582099
       1      46    7.036411142  293.200025550
       1      47    7.073965129  328.647818849
       1      48    7.073965155  328.648472412
       1      49    7.695936160  406.855308592
       1      50    7.695936162  406.854485453
       1      51    8.343076241  357.937245223
       1      52    8.343076289  357.937802096
       1      53    9.010863403  312.840408689
       1      54    9.010863514  312.840445601
       1      55    9.168314613  379.443484610
       1      56    9.168315009  379.444908713
       1      57    9.744862080  262.925091661
       1      58    9.744862412  262.927024026
       1      59   11.947327893  373.428539468
       1      60   11.947327898  373.429352115
       1      61   13.618537403  135.372626737
       1      62   13.618537448  135.373016816
       1      63   14.678974628  180.862836391
       1      64   14.678974632  180.862401274
       1      65   15.052265588   88.477137124
       1      66   15.052265595   88.477093442
       1      67   15.463580014  188.138210247
       1      68   15.463580143  188.137620224
       1      69   16.411336106  242.833759409
       1      70   16.411336233  242.833683877
       1      71   17.173076121  202.379899770
       1      72   17.173076354  202.380042591
       1      73   17.227111708  201.848235878
       1      74   17.227111733  201.847819610
       1      75   17.405585577  357.555876773
       1      76   17.405585715  357.554387806
       1      77   18.119932191  227.090085522
       1      78   18.119932211  227.089547938
       1      79   18.871777620  299.281115426
       1      80   18.871777682  299.281040555
  0.750000000  0.500000000  0.000000000      80
       1       1  -65.417328124  588.650315614
       1       2  -65.417324755  588.648674388
       1       3  -42.193634291  606.126602358
       1       4  -42.176491180  605.572060716
       1       5  -39.680493805  603.645001124
       1       6  -39.655725970  601.708682251
       1       7  -39.554530267  600.367894478
       1       8  -39.554295990  599.008828863
       1       9  -17.542968828  390.928056450
       1      10  -17.497705421  390.454316521
       1      11  -17.350880273  378.456207388
       1      12  -17.347335036  378.382572813
       1      13  -10.414182076  413.435764154
       1      14  -10.411111800  412.864589305
       1      15  -10.256671201  426.537185897
       1      16  -10.244496224  427.945838787
       1      17   -8.880047140  376.373415723
       1      18   -8.874788894  373.546101557
       1      19   -8.614033714  381.631170712
       1      20   -8.594771480  382.802112862
       1      21   -8.253968130  409.605363977
       1      22   -8.197634372  410.308602850
       1      23   -7.025826181  347.092439206
       1      24   -7.015219537  347.483889834
       1      25   -5.866701511  523.173851624
       1      26   -5.764601377  521.542585547
       1      27   -3.122793877  513.548429740
       1      28   -3.115173304  504.890697509
       1      29   -2.459113609  567.180439681
       1      30   -2.357936094  560.165309286
       1      31   -2.253664581  452.130294399
       1      32   -2.243337763  455.009456148
       1      33   -0.709827769  496.505495279
       1      34   -0.671568368  498.524798914
       1      35    2.451113889  367.631285792
       1      36    2.497411620  359.597058889
       1      37    3.430205221  353.524400811
       1      38    3.487441363  359.217274163
       1      39    4.217237293  304.154962481
       1      40    4.222817177  304.877727127
       1      41    5.465546657  316.805686460
       1      42    5.488103827  316.057140637
       1      43    5.561694040  290.209598847
       1      44    5.581402055  292.566402830
       1      45    6.314424664  360.266806151
       1      46    6.361276456  357.986720771
       1      47    7.315107222  343.646798924
       1      48    7.320453765  343.492352266
       1      49    7.482273673  392.438698292
       1      50    7.496471346  391.668935547
       1      51    8.622704181  280.484180028
       1      52    8.633636595  278.828566449
       1      53    9.051184527  190.564058645
       1      54    9.058917233  192.134592936
       1      55   10.348222159  221.364997615
       1      56   10.383545161  226.501956787
       1      57   11.702896369  201.066562886
       1      58   11.731257662  205.841581816
       1      59   13.311682827  242.208646487
       1      60   13.328272713  234.217577401
       1      61   13.409896669  194.570735379
       1      62   13.412506678  193.926503310
       1      63   14.871502539  259.894265258
       1      64   14.904698980  210.622180446
       1      65   14.905608144  197.733635447
       1      66   14.940302970  272.065018799
       1      67   15.691554126  117.290146597
       1      68   15.692757141  117.489456683
       1      69   16.314828300  266.693006259
       1      70   16.374955476  279.887749646
       1      71   16.849958958  166.116674660
       1      72   16.865820260  157.573808564
       1      73   17.050169022  360.551456695
       1      74   17.063160432  361.033881462
       1      75   17.929813199  241.374926652
       1      76   17.935484824  235.918519147
       1      77   18.821938134   79.568308981
       1      78   18.822482125   79.478548402
       1      79   19.468099686  318.300684977
       1      80   19.478335977  320.216015588
  0.750000000  0.750000000  0.000000000      80
       1       1  -65.417328508  586.436843605
       1       2  -65.417325139  586.436184934
       1       3  -42.193634044  606.400143280
       1       4  -42.176490881  606.847869591
       1       5  -39.680493866  603.991585704
       1       6  -39.655726195  603.016707167
       1       7  -39.554529208  601.599365567
       1       8  -39.554295165  599.972245286
       1       9  -17.542970829  388.373142294
       1      10  -17.497707451  387.957542504
       1      11  -17.350886522  377.487522003
       1      12  -17.347341285  377.409604501
       1      13  -10.414176254  414.122451693
       1      14  -10.411106309  413.534133107
       1      15  -10.256660282  426.554669494
       1      16  -10.244485221  427.960025874
       1      17   -8.880047145  376.026364852
       1      18   -8.874788741  373.323706491
       1      19   -8.614033867  382.434436299
       1      20   -8.594771752  383.625083284
       1      21   -8.253971198  409.243229092
       1      22   -8.197637531  409.908959308
       1      23   -7.025828378  348.113663918
       1      24   -7.015221615  348.509254236
       1      25   -5.866696060  522.523162092
       1      26   -5.764595658  520.967471359
       1      27   -3.122798271  512.214252322
       1      28   -3.115176687  503.749100505
       1      29   -2.459133356  571.141460571
       1      30   -2.357954624  564.211023335
       1      31   -2.253669679  452.292891959
       1      32   -2.243342906  455.091258959
       1      33   -0.709808795  497.439116088
       1      34   -0.671549298  499.357537207
       1      35    2.451122079  365.277891434
       1      36    2.497418181  357.580958962
       1      37    3.430205868  353.733286699
       1      38    3.487443869  359.381568693
       1      39    4.217254370  302.846421841
       1      40    4.222834237  303.546193951
       1      41    5.465538683  315.840371171
       1      42    5.488095603  314.563213838
       1      43    5.561688793  291.779611387
       1      44    5.581396488  293.721188660
       1      45    6.314451040  364.749483106
       1      46    6.361302288  362.729071827
       1      47    7.315096767  344.168477274
       1      48    7.320442963  343.977611822
       1      49    7.482272470  396.524266826
       1      50    7.496469972  395.841741372
       1      51    8.622711564  283.299186984
       1      52    8.633644043  281.470104280
       1      53    9.051175789  187.153345795
       1      54    9.058908412  188.798055662
       1      55   10.348222214  222.347097357
       1      56   10.383544716  227.522344492
       1      57   11.702902565  201.303195212
       1      58   11.731264198  205.976626927
       1      59   13.311677513  245.692755573
       1      60   13.328268045  238.022660029
       1      61   13.409888314  187.982979829
       1      62   13.412498359  187.343707498
       1      63   14.871480255  260.963808447
       1      64   14.904692154  213.145098879
       1      65   14.905604737  200.486187987
       1      66   14.940278249  272.294144239
       1      67   15.691549376  110.535783607
       1      68   15.692752283  110.758722445
       1      69   16.314830562  265.161325909
       1      70   16.374957974  279.323646222
       1      71   16.849955947  166.011987531
       1      72   16.865816973  157.099341474
       1      73   17.050138869  366.093895422
       1      74   17.063130357  366.582485771
       1      75   17.929793123  240.396288464
       1      76   17.935465278  234.999658363
       1      77   18.821933932   90.047572045
       1      78   18.822477933   89.995697388
       1      79   19.468108530  308.557114970
       1      80   19.478345631  310.283869130
