# Generated by LORRAX 0.1.0 at 2026-08-04 17:06:18 UTC
  0.000000000  0.000000000  0.000000000     128
       1       1  -66.161155819  -77.100750238
       1       2  -66.161155819  -77.100750238
       1       3  -41.883442071  -48.665668372
       1       4  -41.883442071  -48.665668372
       1       5  -39.455488415  -45.812686751
       1       6  -39.455488415  -45.812686751
       1       7  -39.293255363  -45.902315931
       1       8  -39.293255363  -45.902315931
       1       9  -19.432616059  -22.676825026
       1      10  -19.432616059  -22.676825026
       1      11  -18.187517139  -20.930313565
       1      12  -18.187517139  -20.930313565
       1      13  -10.932789978  -11.719566578
       1      14  -10.932789978  -11.719566578
       1      15   -7.851525121   -7.982691349
       1      16   -7.851525121   -7.982691349
       1      17   -7.784730688   -7.961924772
       1      18   -7.784730688   -7.961924772
       1      19   -7.129180642   -8.094623694
       1      20   -7.129180642   -8.094623694
       1      21   -6.760709762   -6.404519492
       1      22   -6.760709762   -6.404519492
       1      23   -6.674676574   -6.328614180
       1      24   -6.674676574   -6.328614180
       1      25   -5.360241329   -5.070352662
       1      26   -5.360241329   -5.070352662
       1      27   -2.557311110   -0.159514545
       1      28   -2.557311110   -0.159514545
       1      29   -2.480057298   -0.126550488
       1      30   -2.480057298   -0.126550488
       1      31   -2.329487835   -0.377957486
       1      32   -2.329487835   -0.377957486
       1      33   -2.324752957   -0.360393307
       1      34   -2.324752957   -0.360393307
       1      35    1.034518820    2.952159642
       1      36    1.034518820    2.952159642
       1      37    3.861179002    5.948031208
       1      38    3.861179002    5.948031208
       1      39    3.994606274    5.380234386
       1      40    3.994606274    5.380234386
       1      41    4.811434558    5.706174042
       1      42    4.811434558    5.706174042
       1      43    5.757112619    7.925037038
       1      44    5.757112619    7.925037038
       1      45    5.836018325    8.033989460
       1      46    5.836018325    8.033989460
       1      47    7.651719875   10.122924268
       1      48    7.651719875   10.122924268
       1      49    7.786981780   10.668219256
       1      50    7.786981780   10.668219256
       1      51    7.796846781   10.688359443
       1      52    7.796846781   10.688359443
       1      53   10.916709169   13.945214904
       1      54   10.916709169   13.945214904
       1      55   11.198839136   15.201412728
       1      56   11.198839136   15.201412728
       1      57   11.213056836   15.255377134
       1      58   11.213056836   15.255377134
       1      59   11.237545282   13.649304915
       1      60   11.237545282   13.649304915
       1      61   11.497538608   15.810966523
       1      62   11.497538608   15.810966523
       1      63   11.502598146   15.810113889
       1      64   11.502598146   15.810113889
       1      65   14.031784585   16.019245726
       1      66   14.031784585   16.019245726
       1      67   14.280398170   16.934553578
       1      68   14.280398170   16.934553578
       1      69   14.813646812   17.895993891
       1      70   14.813646812   17.895993891
       1      71   16.110956719   18.236569964
       1      72   16.110956719   18.236569964
       1      73   18.004607076   21.929557251
       1      74   18.004607076   21.929557251
       1      75   18.172475638   22.106384811
       1      76   18.172475638   22.106384811
       1      77   20.582377276   23.690079762
       1      78   20.582377276   23.690079762
       1      79   20.872567798   24.789411505
       1      80   20.872567798   24.789411505
       1      81   20.889056961   24.805147274
       1      82   20.889056961   24.805147273
       1      83   21.259396755   23.764235404
       1      84   21.259396755   23.764235404
       1      85   21.977161054   25.251536746
       1      86   21.977161054   25.251536746
       1      87   22.217004189   27.124576584
       1      88   22.217004189   27.124576584
       1      89   22.251682865   27.188684080
       1      90   22.251682865   27.188684080
       1      91   23.065745507   26.999074128
       1      92   23.065745507   26.999074128
       1      93   23.595383852   27.398983167
       1      94   23.595383852   27.398983167
       1      95   23.608419216   27.414902523
       1      96   23.608419216   27.414902523
       1      97   24.040544376   27.355753624
       1      98   24.040544376   27.355753624
       1      99   24.191399374   28.646668072
       1     100   24.191399374   28.646668072
       1     101   24.353664138   28.890475541
       1     102   24.353664138   28.890475541
       1     103   25.856655775   29.344610579
       1     104   25.856655775   29.344610579
       1     105   27.808125448   32.970621294
       1     106   27.808125448   32.970621294
       1     107   27.858476554   33.073638895
       1     108   27.858476554   33.073638895
       1     109   28.181005836   31.878283218
       1     110   28.181005836   31.878283218
       1     111   28.891750263   34.123407578
       1     112   28.891750263   34.123407578
       1     113   28.910257737   34.148379731
       1     114   28.910257737   34.148379731
       1     115   30.466560495   35.072491369
       1     116   30.466560495   35.072491369
       1     117   30.491768022   34.391569473
       1     118   30.491768022   34.391569473
       1     119   30.607539149   35.808759208
       1     120   30.607539149   35.808759208
       1     121   30.616103692   35.854667080
       1     122   30.616103692   35.854667080
       1     123   32.065071176   35.663136078
       1     124   32.065071176   35.663136078
       1     125   32.164988442   35.213923556
       1     126   32.164988442   35.213923556
       1     127   32.519058434   36.870811255
       1     128   32.519058434   36.870811255
  0.000000000  0.250000000  0.000000000     128
       1       1  -66.141185924  -77.052657168
       1       2  -66.141185924  -77.052657833
       1       3  -41.938955593  -48.759903860
       1       4  -41.938955542  -48.759903793
       1       5  -39.503219220  -45.961003587
       1       6  -39.503219218  -45.960998641
       1       7  -39.394090168  -45.951524293
       1       8  -39.394090105  -45.951527290
       1       9  -18.591341438  -21.460973152
       1      10  -18.591341427  -21.460974054
       1      11  -17.824847116  -20.371548920
       1      12  -17.824847114  -20.371548400
       1      13  -10.279988484  -11.027586531
       1      14  -10.279988359  -11.027584821
       1      15   -9.093803282   -9.715540010
       1      16   -9.093803148   -9.715515366
       1      17   -8.902435998   -9.448547646
       1      18   -8.902435911   -9.448549837
       1      19   -7.722431643   -7.657758926
       1      20   -7.722431549   -7.657767187
       1      21   -6.996073199   -7.307818188
       1      22   -6.996072898   -7.307875158
       1      23   -6.687442670   -7.459316798
       1      24   -6.687442578   -7.459333446
       1      25   -6.071792311   -5.785173659
       1      26   -6.071791542   -5.785223463
       1      27   -3.148147465   -1.239464509
       1      28   -3.148144380   -1.239134336
       1      29   -2.956628154   -0.876985033
       1      30   -2.956624537   -0.876656999
       1      31   -2.335887845    0.478954782
       1      32   -2.335886891    0.478901790
       1      33   -1.533022664    1.253077446
       1      34   -1.533021731    1.253028355
       1      35    2.962815386    4.987866649
       1      36    2.962815539    4.987895919
       1      37    3.813221489    5.654247920
       1      38    3.813221541    5.654248578
       1      39    4.175406287    6.086609900
       1      40    4.175406351    6.086565531
       1      41    5.178572347    6.959190109
       1      42    5.178572613    6.959214570
       1      43    5.493248053    6.931696097
       1      44    5.493248077    6.931691065
       1      45    7.243803560    9.609544717
       1      46    7.243803966    9.609924333
       1      47    7.258335769    9.622740042
       1      48    7.258336095    9.623130665
       1      49    7.942019314   10.941971144
       1      50    7.942019744   10.942031083
       1      51    8.690544539   11.659687587
       1      52    8.690544618   11.659669404
       1      53    9.149414241   12.243902312
       1      54    9.149414342   12.243909031
       1      55    9.468659355   12.817023270
       1      56    9.468660699   12.816737656
       1      57    9.808220880   12.583228530
       1      58    9.808222068   12.582923379
       1      59   12.368030942   16.965248159
       1      60   12.368031025   16.965245536
       1      61   13.629108534   16.088541396
       1      62   13.629108671   16.088546144
       1      63   14.743037238   17.603070354
       1      64   14.743037328   17.603064765
       1      65   15.243989732   18.179517506
       1      66   15.243989735   18.179514069
       1      67   15.518980344   18.790339803
       1      68   15.518980934   18.790354782
       1      69   16.485162171   19.189358793
       1      70   16.485162539   19.189441507
       1      71   17.227588249   20.129088609
       1      72   17.227588486   20.129390077
       1      73   17.459413669   21.159887203
       1      74   17.459413849   21.160468911
       1      75   17.517293983   21.706385469
       1      76   17.517294620   21.706088522
       1      77   18.316676608   22.400257059
       1      78   18.316676656   22.400262021
       1      79   18.981729224   23.343124569
       1      80   18.981729324   23.343093368
       1      81   19.981871234   23.551765592
       1      82   19.981871242   23.551763221
       1      83   20.768704019   25.051421580
       1      84   20.768704269   25.051497756
       1      85   21.062543072   25.648072881
       1      86   21.062544527   25.647567499
       1      87   21.313413596   25.089647167
       1      88   21.313414914   25.089252441
       1      89   22.527094865   25.440894517
       1      90   22.527094869   25.440892349
       1      91   23.339278139   27.218539023
       1      92   23.339278210   27.218562711
       1      93   24.104545742   27.879246380
       1      94   24.104545904   27.879344946
       1      95   24.184224478   27.772345847
       1      96   24.184224516   27.772274232
       1      97   24.481822661   29.777072958
       1      98   24.481823678   29.776856946
       1      99   25.266320764   30.525807685
       1     100   25.266320871   30.525867287
       1     101   25.725749323   30.542616180
       1     102   25.725750049   30.542718186
       1     103   26.398120797   30.862077042
       1     104   26.398122242   30.862128110
       1     105   26.459335167   31.976250679
       1     106   26.459335492   31.976339153
       1     107   26.601143550   31.374242587
       1     108   26.601143660   31.374187706
       1     109   27.021067914   32.336993874
       1     110   27.021068748   32.336397976
       1     111   27.441302522   30.998825037
       1     112   27.441303624   30.998091521
       1     113   27.517701921   30.990899099
       1     114   27.517701923   30.990888138
       1     115   29.015979702   34.967598157
       1     116   29.015980813   34.966915769
       1     117   30.026800157   33.871126375
       1     118   30.026801669   33.866716195
       1     119   30.069384613   33.370090572
       1     120   30.069385176   33.373820081
       1     121   30.558472651   34.511333479
       1     122   30.558472757   34.511358391
       1     123   30.965091351   33.046567287
       1     124   30.965091620   33.046499539
       1     125   31.176153908   35.497022145
       1     126   31.176154171   35.496907640
       1     127   31.656565354   35.846145824
       1     128   31.656565447   35.846162075
  0.000000000 -0.500000000  0.000000000     128
       1       1  -66.121247660  -76.957435145
       1       2  -66.121247660  -76.957435145
       1       3  -42.000125410  -48.880046461
       1       4  -42.000125410  -48.880046461
       1       5  -39.613113657  -46.270910125
       1       6  -39.613113657  -46.270910125
       1       7  -39.420726119  -45.834991904
       1       8  -39.420726119  -45.834991904
       1       9  -17.511830574  -19.870008595
       1      10  -17.511830574  -19.870008595
       1      11  -17.381011481  -19.670263903
       1      12  -17.381011481  -19.670263903
       1      13  -11.123676318  -11.989918110
       1      14  -11.123676318  -11.989918110
       1      15  -10.176936171  -11.028479534
       1      16  -10.176936171  -11.028479534
       1      17   -9.384362757  -10.022770330
       1      18   -9.384362757  -10.022770330
       1      19   -8.417404339   -8.513054577
       1      20   -8.417404339   -8.513054577
       1      21   -7.282555571   -7.931597637
       1      22   -7.282555571   -7.931597637
       1      23   -6.229349354   -6.819254831
       1      24   -6.229349354   -6.819254831
       1      25   -5.947803611   -5.859029976
       1      26   -5.947803611   -5.859029976
       1      27   -3.006696055   -0.428440924
       1      28   -3.006696055   -0.428440924
       1      29   -2.508495788   -0.262218228
       1      30   -2.508495788   -0.262218228
       1      31   -1.404071724    1.201700297
       1      32   -1.404071724    1.201700297
       1      33   -1.040200522    1.883330270
       1      34   -1.040200522    1.883330270
       1      35    1.070105992    2.896598494
       1      36    1.070105992    2.896598494
       1      37    2.713693644    4.744209446
       1      38    2.713693644    4.744209446
       1      39    3.259183211    5.035359153
       1      40    3.259183211    5.035359153
       1      41    4.530221644    6.430936182
       1      42    4.530221644    6.430936182
       1      43    5.147006367    7.267669226
       1      44    5.147006367    7.267669226
       1      45    6.215113525    8.635060433
       1      46    6.215113525    8.635060433
       1      47    8.458662496   10.371533173
       1      48    8.458662496   10.371533173
       1      49    9.003103628   11.386493002
       1      50    9.003103628   11.386493002
       1      51   10.297022226   12.619801086
       1      52   10.297022226   12.619801086
       1      53   10.766617203   14.508564335
       1      54   10.766617203   14.508564335
       1      55   11.973894395   15.103107136
       1      56   11.973894395   15.103107136
       1      57   12.618260964   16.994066579
       1      58   12.618260964   16.994066579
       1      59   13.393787465   18.037687782
       1      60   13.393787465   18.037687782
       1      61   13.672301823   17.180354981
       1      62   13.672301823   17.180354981
       1      63   14.265707160   17.650659336
       1      64   14.265707160   17.650659336
       1      65   14.737203729   18.664910285
       1      66   14.737203729   18.664910285
       1      67   15.072719732   18.321261364
       1      68   15.072719732   18.321261364
       1      69   15.820742437   19.735403194
       1      70   15.820742437   19.735403194
       1      71   16.594005724   19.766582179
       1      72   16.594005724   19.766582179
       1      73   16.666025091   20.726028193
       1      74   16.666025091   20.726028193
       1      75   19.017193333   22.464761649
       1      76   19.017193333   22.464761649
       1      77   19.136987291   24.248056501
       1      78   19.136987291   24.248056501
       1      79   19.675672177   21.334503492
       1      80   19.675672177   21.334503492
       1      81   19.944147748   25.105973700
       1      82   19.944147748   25.105973700
       1      83   19.971240059   23.057851411
       1      84   19.971240059   23.057851411
       1      85   20.437485874   23.952101334
       1      86   20.437485874   23.952101334
       1      87   21.002222349   23.242660636
       1      88   21.002222349   23.242660636
       1      89   21.800550500   24.588623588
       1      90   21.800550500   24.588623588
       1      91   22.697458513   26.652830768
       1      92   22.697458513   26.652830768
       1      93   22.727667149   26.427979286
       1      94   22.727667149   26.427979286
       1      95   22.748859824   26.879952787
       1      96   22.748859824   26.879952787
       1      97   24.069386680   28.320414915
       1      98   24.069386680   28.320414915
       1      99   25.486361410   30.683824159
       1     100   25.486361410   30.683824159
       1     101   25.999994414   30.310436185
       1     102   25.999994414   30.310436185
       1     103   26.033926228   31.111591036
       1     104   26.033926228   31.111591036
       1     105   26.500352127   31.751935206
       1     106   26.500352127   31.751935206
       1     107   27.432439380   33.374269342
       1     108   27.432439380   33.374269342
       1     109   27.580819940   32.995348802
       1     110   27.580819940   32.995348802
       1     111   28.336679641   33.938622662
       1     112   28.336679641   33.938622662
       1     113   28.386745462   33.685321157
       1     114   28.386745462   33.685321157
       1     115   28.824841253   33.606452916
       1     116   28.824841253   33.606452916
       1     117   29.280199544   31.175487359
       1     118   29.280199544   31.175487359
       1     119   29.474592370   33.431224279
       1     120   29.474592370   33.431224279
       1     121   29.633596173   32.633977195
       1     122   29.633596173   32.633977195
       1     123   30.209470669   33.860006237
       1     124   30.209470669   33.860006237
       1     125   30.510915685   34.570527111
       1     126   30.510915685   34.570527111
       1     127   32.058961559   37.126494969
       1     128   32.058961559   37.126494969
  0.250000000 -0.000000000  0.000000000     128
       1       1  -66.141186014  -77.052701191
       1       2  -66.141186014  -77.052702092
       1       3  -41.938955415  -48.760189217
       1       4  -41.938955410  -48.759972593
       1       5  -39.503219559  -45.957486811
       1       6  -39.503219559  -45.957250533
       1       7  -39.394089286  -45.955088213
       1       8  -39.394089285  -45.955114005
       1       9  -18.591342993  -21.461379821
       1      10  -18.591342930  -21.461380280
       1      11  -17.824848440  -20.371774992
       1      12  -17.824848435  -20.371777755
       1      13  -10.279988990  -11.028271405
       1      14  -10.279988885  -11.028267100
       1      15   -9.093808127   -9.712633940
       1      16   -9.093808040   -9.712667434
       1      17   -8.902437733   -9.447758972
       1      18   -8.902437609   -9.447812965
       1      19   -7.722424755   -7.657477831
       1      20   -7.722424601   -7.657500673
       1      21   -6.996066067   -7.307480214
       1      22   -6.996065976   -7.307508316
       1      23   -6.687444298   -7.458360048
       1      24   -6.687444213   -7.458377396
       1      25   -6.071794087   -5.785133008
       1      26   -6.071793708   -5.785182877
       1      27   -3.148149488   -1.238858079
       1      28   -3.148146748   -1.238584724
       1      29   -2.956622433   -0.875505938
       1      30   -2.956619295   -0.875228735
       1      31   -2.335887788    0.479165423
       1      32   -2.335887080    0.479122310
       1      33   -1.533019159    1.252059766
       1      34   -1.533018502    1.252013851
       1      35    2.962819681    4.986902387
       1      36    2.962819875    4.986939717
       1      37    3.813220735    5.654189859
       1      38    3.813220788    5.654187611
       1      39    4.175398481    6.087838595
       1      40    4.175398598    6.087798790
       1      41    5.178570023    6.958056595
       1      42    5.178570239    6.958108483
       1      43    5.493249149    6.932109091
       1      44    5.493249179    6.932120624
       1      45    7.243798220    9.609880282
       1      46    7.243798756    9.610328809
       1      47    7.258330309    9.623315917
       1      48    7.258330660    9.623804822
       1      49    7.942027370   10.941343087
       1      50    7.942027852   10.941385800
       1      51    8.690554391   11.657463726
       1      52    8.690554408   11.657456525
       1      53    9.149411024   12.245549939
       1      54    9.149411033   12.245532931
       1      55    9.468667268   12.815864122
       1      56    9.468667875   12.815761339
       1      57    9.808217767   12.582787021
       1      58    9.808218296   12.582633545
       1      59   12.368037401   16.963447541
       1      60   12.368037481   16.963440657
       1      61   13.629107202   16.089358734
       1      62   13.629107395   16.089370584
       1      63   14.743034795   17.601632870
       1      64   14.743034894   17.601626439
       1      65   15.243984213   18.180060703
       1      66   15.243984218   18.180065329
       1      67   15.518970130   18.789427056
       1      68   15.518970599   18.789458957
       1      69   16.485161101   19.190143227
       1      70   16.485161335   19.190179987
       1      71   17.227588448   20.130665481
       1      72   17.227588899   20.130959364
       1      73   17.459403957   21.159192039
       1      74   17.459404180   21.159895911
       1      75   17.517303590   21.708084495
       1      76   17.517304352   21.707702475
       1      77   18.316670766   22.399339796
       1      78   18.316670831   22.399337603
       1      79   18.981716248   23.342696740
       1      80   18.981716348   23.342689633
       1      81   19.981884065   23.552528935
       1      82   19.981884088   23.552528628
       1      83   20.768699292   25.051252731
       1      84   20.768699498   25.051311379
       1      85   21.062554484   25.648602746
       1      86   21.062555533   25.648322462
       1      87   21.313415270   25.089389753
       1      88   21.313416123   25.089178760
       1      89   22.527092757   25.440579691
       1      90   22.527092758   25.440580132
       1      91   23.339279869   27.219436514
       1      92   23.339280089   27.219485716
       1      93   24.104544884   27.879071249
       1      94   24.104544928   27.879117238
       1      95   24.184217051   27.771660498
       1      96   24.184217073   27.771567967
       1      97   24.481827816   29.776854265
       1      98   24.481828386   29.776712314
       1      99   25.266321615   30.527198845
       1     100   25.266321624   30.527223049
       1     101   25.725746183   30.543512278
       1     102   25.725746596   30.543583725
       1     103   26.398110163   30.863055556
       1     104   26.398110607   30.862812215
       1     105   26.459336586   31.974460746
       1     106   26.459336874   31.974614146
       1     107   26.601130595   31.373968391
       1     108   26.601130726   31.373902552
       1     109   27.021070163   32.337728891
       1     110   27.021070725   32.337144817
       1     111   27.441295161   30.999704978
       1     112   27.441295855   30.999234924
       1     113   27.517697828   30.990111404
       1     114   27.517697841   30.990095205
       1     115   29.016001433   34.969419374
       1     116   29.016002014   34.969017454
       1     117   30.026798830   33.869797483
       1     118   30.026799521   33.867530147
       1     119   30.069386141   33.370372595
       1     120   30.069386423   33.372296946
       1     121   30.558483397   34.512845544
       1     122   30.558483468   34.512878021
       1     123   30.965109584   33.046749445
       1     124   30.965109595   33.046767037
       1     125   31.176156097   35.496369116
       1     126   31.176156392   35.496361183
       1     127   31.656555068   35.846109059
       1     128   31.656555132   35.846125415
  0.250000000  0.250000000  0.000000000     128
       1       1  -66.121038941  -76.986584814
       1       2  -66.121036580  -76.985505820
       1       3  -42.005295515  -48.893364165
       1       4  -41.987615559  -48.825633721
       1       5  -39.590173537  -46.327641210
       1       6  -39.563586218  -46.179192376
       1       7  -39.463823343  -45.878020489
       1       8  -39.462147625  -45.817849471
       1       9  -17.563822074  -19.961212025
       1      10  -17.520273224  -19.893235742
       1      11  -17.360417953  -19.646549882
       1      12  -17.357146936  -19.641966952
       1      13  -10.439620778  -11.234732612
       1      14  -10.435539458  -11.237298675
       1      15  -10.244806983  -10.846703700
       1      16  -10.233150438  -10.815549631
       1      17   -8.916887789   -9.704744144
       1      18   -8.910982203   -9.715176917
       1      19   -8.609246221   -9.240663173
       1      20   -8.589605727   -9.203936069
       1      21   -8.253689754   -8.819051100
       1      22   -8.200271329   -8.753412278
       1      23   -7.026548720   -7.661770012
       1      24   -7.016948584   -7.646205166
       1      25   -5.859454463   -5.609348098
       1      26   -5.749197928   -5.500053026
       1      27   -3.118936783   -1.121831538
       1      28   -3.111709239   -1.125782796
       1      29   -2.479181417   -0.047181433
       1      30   -2.368827901    0.053950908
       1      31   -2.231284742    0.575082008
       1      32   -2.218587346    0.586052054
       1      33   -0.712045372    2.444063538
       1      34   -0.670947075    2.490376056
       1      35    2.432426537    4.395007734
       1      36    2.469908644    4.463920772
       1      37    3.486057418    5.376223766
       1      38    3.549157456    5.429839561
       1      39    4.370814761    6.099662798
       1      40    4.376555133    6.107480112
       1      41    5.516576736    7.756909970
       1      42    5.533993255    7.775355503
       1      43    5.688295200    7.549853637
       1      44    5.702964615    7.577060558
       1      45    6.434413909    8.445655108
       1      46    6.481805934    8.492416051
       1      47    7.538208991   10.249011292
       1      48    7.542673974   10.252739226
       1      49    7.593957778   10.350464495
       1      50    7.610601697   10.364809675
       1      51    8.767711408   11.629216603
       1      52    8.778507736   11.633345556
       1      53    9.223474191   11.834440031
       1      54    9.232085174   11.850614742
       1      55   10.436428165   13.033376428
       1      56   10.478952900   13.107164555
       1      57   11.840425166   14.558302527
       1      58   11.868449280   14.606420087
       1      59   13.414423918   16.541494182
       1      60   13.423447912   16.524435602
       1      61   13.743946178   17.101206965
       1      62   13.745823551   17.100120183
       1      63   15.150627016   19.163329510
       1      64   15.213425316   18.924579923
       1      65   15.214833566   19.030596830
       1      66   15.220573935   19.136622847
       1      67   15.890614660   19.132422150
       1      68   15.893441992   19.137511487
       1      69   16.527904027   20.258957128
       1      70   16.589252692   20.367118345
       1      71   17.028491784   20.746912019
       1      72   17.036541703   20.724663085
       1      73   17.320111254   22.215259380
       1      74   17.333074575   22.235890857
       1      75   17.976223356   21.221606526
       1      76   17.981578331   21.171896577
       1      77   19.032593384   22.101051115
       1      78   19.034119663   22.104681428
       1      79   19.450922647   23.704425456
       1      80   19.459939097   23.734985363
       1      81   20.024986856   24.097772678
       1      82   20.026712843   24.098148421
       1      83   20.092995384   24.153804932
       1      84   20.096254032   24.160765049
       1      85   20.927030262   24.127300909
       1      86   20.929876682   24.139961796
       1      87   21.526307561   26.446984630
       1      88   21.535077834   26.455763261
       1      89   22.950048564   25.117574826
       1      90   22.957163896   25.113438062
       1      91   23.248271889   26.803457034
       1      92   23.254407939   26.792476947
       1      93   23.417943861   28.548081147
       1      94   23.424860617   28.557012042
       1      95   23.877256862   26.921337883
       1      96   23.888763930   26.984317031
       1      97   24.024617660   29.089418864
       1      98   24.031872343   29.121621111
       1      99   24.610185399   29.380166894
       1     100   24.614188590   29.335723554
       1     101   24.668331387   28.077474713
       1     102   24.678494468   28.109597394
       1     103   25.829827665   29.213288626
       1     104   25.830446783   29.206925516
       1     105   26.271034813   30.567445428
       1     106   26.285098739   30.577200211
       1     107   27.070789131   31.971338332
       1     108   27.075505193   31.985129081
       1     109   27.256589270   32.787909582
       1     110   27.272038996   32.813243044
       1     111   27.695798498   31.958831651
       1     112   27.705261764   31.957520716
       1     113   28.106458651   33.008415082
       1     114   28.106569288   33.005872354
       1     115   28.337458459   33.126450821
       1     116   28.384678304   33.108968427
       1     117   28.715924766   33.557187649
       1     118   28.744556121   33.618423963
       1     119   29.337755452   32.760094556
       1     120   29.338994615   32.761013535
       1     121   29.907407528   35.623239444
       1     122   29.909010075   35.616207458
       1     123   30.546922933   34.980595402
       1     124   30.558408195   34.988738838
       1     125   30.883763626   35.342034177
       1     126   30.887474669   35.332539744
       1     127   31.687107067   36.401196317
       1     128   31.692684010   36.412760427
  0.250000000 -0.500000000  0.000000000     128
       1       1  -66.121038788  -76.986043639
       1       2  -66.121036428  -76.984984696
       1       3  -42.005295752  -48.893721246
       1       4  -41.987615846  -48.825966318
       1       5  -39.590173625  -46.327703271
       1       6  -39.563586186  -46.179195912
       1       7  -39.463824121  -45.878422210
       1       8  -39.462148217  -45.818263649
       1       9  -17.563820043  -19.960773454
       1      10  -17.520271162  -19.892926426
       1      11  -17.360411757  -19.646442305
       1      12  -17.357140740  -19.641797617
       1      13  -10.439626591  -11.213738956
       1      14  -10.435544960  -11.216099010
       1      15  -10.244817867  -10.831477507
       1      16  -10.233161406  -10.800386909
       1      17   -8.916887181   -9.702685562
       1      18   -8.910981747   -9.712770651
       1      19   -8.609246043   -9.225625943
       1      20   -8.589605442   -9.189117018
       1      21   -8.253686885   -8.820620647
       1      22   -8.200268380   -8.756014094
       1      23   -7.026546454   -7.663176113
       1      24   -7.016946441   -7.647710518
       1      25   -5.859459857   -5.605777960
       1      26   -5.749203604   -5.496574608
       1      27   -3.118932283   -1.129640740
       1      28   -3.111706037   -1.133636293
       1      29   -2.479162111   -0.047896708
       1      30   -2.368810109    0.053574708
       1      31   -2.231280034    0.574834040
       1      32   -2.218582638    0.585873189
       1      33   -0.712063479    2.430064278
       1      34   -0.670965304    2.476425982
       1      35    2.432419415    4.373021292
       1      36    2.469902918    4.442102035
       1      37    3.486055139    5.373437392
       1      38    3.549153485    5.426716254
       1      39    4.370798084    6.094822069
       1      40    4.376538477    6.102685412
       1      41    5.516584578    7.749485593
       1      42    5.534001179    7.768256564
       1      43    5.688299570    7.546111310
       1      44    5.702969078    7.573087816
       1      45    6.434387639    8.450262916
       1      46    6.481780138    8.496543897
       1      47    7.538219770   10.241873173
       1      48    7.542684997   10.245700496
       1      49    7.593958592   10.350733591
       1      50    7.610602840   10.364853230
       1      51    8.767703246   11.631385510
       1      52    8.778499513   11.635162995
       1      53    9.223481958   11.839596614
       1      54    9.232093017   11.856231353
       1      55   10.436426943   13.033824724
       1      56   10.478952077   13.107530224
       1      57   11.840418633   14.559643553
       1      58   11.868442420   14.607480912
       1      59   13.414428060   16.541595803
       1      60   13.423451614   16.524560477
       1      61   13.743952027   17.101633707
       1      62   13.745829357   17.100556230
       1      63   15.150654535   19.163164384
       1      64   15.213433254   18.921374563
       1      65   15.214847726   19.027784508
       1      66   15.220594043   19.136186486
       1      67   15.890620837   19.132668770
       1      68   15.893448292   19.137883050
       1      69   16.527904581   20.257407284
       1      70   16.589253611   20.365405730
       1      71   17.028493788   20.748783970
       1      72   17.036543496   20.726713996
       1      73   17.320141668   22.211872419
       1      74   17.333104941   22.232485800
       1      75   17.976242709   21.222955726
       1      76   17.981597133   21.173311978
       1      77   19.032598335   22.103628877
       1      78   19.034124612   22.107284001
       1      79   19.450909753   23.705031178
       1      80   19.459925396   23.735749967
       1      81   20.024997186   24.100625474
       1      82   20.026723184   24.100987373
       1      83   20.092983729   24.155908460
       1      84   20.096242495   24.162831861
       1      85   20.927016225   24.126430938
       1      86   20.929862796   24.139102636
       1      87   21.526301247   26.440415641
       1      88   21.535071725   26.449565845
       1      89   22.950050064   25.118132619
       1      90   22.957165040   25.113961675
       1      91   23.248263162   26.805363795
       1      92   23.254399245   26.794309817
       1      93   23.417961828   28.549488710
       1      94   23.424879156   28.558478441
       1      95   23.877250462   26.925184589
       1      96   23.888756749   26.988326876
       1      97   24.024614010   29.093422011
       1      98   24.031868383   29.125981391
       1      99   24.610161858   29.379813947
       1     100   24.614165385   29.335427795
       1     101   24.668336025   28.075525289
       1     102   24.678498904   28.107788894
       1     103   25.829826194   29.215784784
       1     104   25.830445193   29.209282553
       1     105   26.271045825   30.562137559
       1     106   26.285110378   30.572103134
       1     107   27.070787330   31.975823416
       1     108   27.075503454   31.989405032
       1     109   27.256604332   32.789887856
       1     110   27.272052875   32.815702747
       1     111   27.695801156   31.961130866
       1     112   27.705265302   31.959910769
       1     113   28.106445844   33.006233795
       1     114   28.106556422   33.003700158
       1     115   28.337481316   33.132046917
       1     116   28.384702154   33.115212683
       1     117   28.715903505   33.556099379
       1     118   28.744537568   33.617914282
       1     119   29.337753358   32.760695621
       1     120   29.338992483   32.761651682
       1     121   29.907387098   35.628623067
       1     122   29.908990020   35.621834174
       1     123   30.546906307   34.976756884
       1     124   30.558391308   34.984845841
       1     125   30.883762615   35.343861019
       1     126   30.887473889   35.334435477
       1     127   31.687126378   36.400438093
       1     128   31.692703401   36.411982771
  0.250000000 -0.250000000  0.000000000     128
       1       1  -66.141185865  -77.052647435
       1       2  -66.141185865  -77.052669776
       1       3  -41.938955642  -48.758498319
       1       4  -41.938955596  -48.759072923
       1       5  -39.503218439  -45.956657287
       1       6  -39.503218437  -45.957004716
       1       7  -39.394091268  -45.952511321
       1       8  -39.394091206  -45.952874772
       1       9  -18.591341744  -21.457967059
       1      10  -18.591341691  -21.457979174
       1      11  -17.824843605  -20.371163800
       1      12  -17.824843602  -20.371147165
       1      13  -10.279990117  -11.035529653
       1      14  -10.279990096  -11.035517379
       1      15   -9.093803375   -9.718390303
       1      16   -9.093803328   -9.718438080
       1      17   -8.902427302   -9.443018037
       1      18   -8.902427264   -9.442973921
       1      19   -7.722451022   -7.671898703
       1      20   -7.722450962   -7.671847026
       1      21   -6.996076138   -7.313548280
       1      22   -6.996075929   -7.313582912
       1      23   -6.687441831   -7.461879904
       1      24   -6.687441824   -7.461908208
       1      25   -6.071779857   -5.789817439
       1      26   -6.071779467   -5.789895677
       1      27   -3.148145710   -1.234436097
       1      28   -3.148145365   -1.234536074
       1      29   -2.956635325   -0.869486287
       1      30   -2.956634846   -0.869584084
       1      31   -2.335899306    0.476546327
       1      32   -2.335899060    0.476557376
       1      33   -1.533012014    1.261692368
       1      34   -1.533011738    1.261695224
       1      35    2.962813386    4.996628045
       1      36    2.962813427    4.996643688
       1      37    3.813224330    5.659114169
       1      38    3.813224331    5.659101612
       1      39    4.175410113    6.079704094
       1      40    4.175410165    6.079762318
       1      41    5.178574921    6.964510207
       1      42    5.178574971    6.964434130
       1      43    5.493242476    6.933726455
       1      44    5.493242482    6.933761721
       1      45    7.243806066    9.611962394
       1      46    7.243806196    9.611928818
       1      47    7.258337925    9.624598717
       1      48    7.258337950    9.624724742
       1      49    7.942017454   10.943843670
       1      50    7.942017505   10.943788986
       1      51    8.690535243   11.665571238
       1      52    8.690535305   11.665558098
       1      53    9.149422066   12.238862163
       1      54    9.149422158   12.238826216
       1      55    9.468652483   12.814668188
       1      56    9.468653221   12.814402731
       1      57    9.808235001   12.585134137
       1      58    9.808235660   12.584864638
       1      59   12.368034524   16.968208111
       1      60   12.368034526   16.968210687
       1      61   13.629110259   16.088712695
       1      62   13.629110314   16.088742290
       1      63   14.743045325   17.601157360
       1      64   14.743045334   17.601203213
       1      65   15.243993706   18.176065416
       1      66   15.243993715   18.176051412
       1      67   15.518988849   18.789758327
       1      68   15.518988970   18.789731152
       1      69   16.485150556   19.186012785
       1      70   16.485150690   19.185986453
       1      71   17.227586120   20.123547303
       1      72   17.227586334   20.123496990
       1      73   17.459421173   21.160066048
       1      74   17.459421216   21.160163822
       1      75   17.517280893   21.711238882
       1      76   17.517281019   21.711213194
       1      77   18.316669765   22.394623322
       1      78   18.316669782   22.394683349
       1      79   18.981747106   23.341277320
       1      80   18.981747107   23.341194988
       1      81   19.981864227   23.551734079
       1      82   19.981864241   23.551734478
       1      83   20.768711801   25.048774834
       1      84   20.768711845   25.048803054
       1      85   21.062528564   25.649096676
       1      86   21.062528969   25.648870214
       1      87   21.313420399   25.086794068
       1      88   21.313420863   25.086588510
       1      89   22.527098941   25.438011366
       1      90   22.527098947   25.437994816
       1      91   23.339267794   27.217206804
       1      92   23.339267943   27.217168114
       1      93   24.104556103   27.880689713
       1      94   24.104556221   27.880718264
       1      95   24.184233649   27.772540086
       1      96   24.184233665   27.772526305
       1      97   24.481840555   29.777798322
       1      98   24.481841003   29.777818518
       1      99   25.266309864   30.523516884
       1     100   25.266309962   30.523554008
       1     101   25.725736382   30.544010069
       1     102   25.725736695   30.544010546
       1     103   26.398135580   30.861427059
       1     104   26.398136581   30.861732452
       1     105   26.459316487   31.978491147
       1     106   26.459316524   31.978461445
       1     107   26.601164398   31.375068339
       1     108   26.601164419   31.375040168
       1     109   27.021070796   32.335940058
       1     110   27.021071068   32.336039056
       1     111   27.441296861   30.998551758
       1     112   27.441297270   30.998546031
       1     113   27.517700399   30.991239298
       1     114   27.517700414   30.991217536
       1     115   29.015953152   34.972812454
       1     116   29.015953682   34.972481076
       1     117   30.026808660   33.870034318
       1     118   30.026809481   33.867865977
       1     119   30.069387377   33.372926239
       1     120   30.069387659   33.374735506
       1     121   30.558470026   34.512103945
       1     122   30.558470061   34.512090680
       1     123   30.965072579   33.048367900
       1     124   30.965072859   33.048334858
       1     125   31.176158430   35.494820636
       1     126   31.176158460   35.494953562
       1     127   31.656571520   35.847698266
       1     128   31.656571548   35.847679723
 -0.500000000  0.000000000  0.000000000     128
       1       1  -66.121247840  -76.957440605
       1       2  -66.121247840  -76.957440605
       1       3  -42.000125075  -48.880245301
       1       4  -42.000125075  -48.880245301
       1       5  -39.613113526  -46.266643192
       1       6  -39.613113526  -46.266643192
       1       7  -39.420725286  -45.839036897
       1       8  -39.420725286  -45.839036897
       1       9  -17.511834211  -19.870014241
       1      10  -17.511834211  -19.870014241
       1      11  -17.381014780  -19.670255338
       1      12  -17.381014780  -19.670255338
       1      13  -11.123677455  -11.989928782
       1      14  -11.123677455  -11.989928782
       1      15  -10.176935383  -11.028463620
       1      16  -10.176935383  -11.028463620
       1      17   -9.384364309  -10.022782682
       1      18   -9.384364309  -10.022782682
       1      19   -8.417395152   -8.513049100
       1      20   -8.417395152   -8.513049100
       1      21   -7.282557974   -7.931590496
       1      22   -7.282557974   -7.931590496
       1      23   -6.229340812   -6.819241608
       1      24   -6.229340812   -6.819241608
       1      25   -5.947807339   -5.859015174
       1      26   -5.947807339   -5.859015174
       1      27   -3.006696582   -0.428462466
       1      28   -3.006696582   -0.428462466
       1      29   -2.508497167   -0.262245312
       1      30   -2.508497167   -0.262245312
       1      31   -1.404070141    1.201710890
       1      32   -1.404070141    1.201710890
       1      33   -1.040196610    1.883343469
       1      34   -1.040196610    1.883343469
       1      35    1.070100846    2.896573598
       1      36    1.070100846    2.896573598
       1      37    2.713701109    4.744224292
       1      38    2.713701109    4.744224292
       1      39    3.259188866    5.035348528
       1      40    3.259188866    5.035348528
       1      41    4.530215399    6.430914183
       1      42    4.530215399    6.430914183
       1      43    5.147004824    7.267673263
       1      44    5.147004824    7.267673263
       1      45    6.215127741    8.635066434
       1      46    6.215127741    8.635066434
       1      47    8.458658458   10.371512572
       1      48    8.458658458   10.371512572
       1      49    9.003096623   11.386494287
       1      50    9.003096623   11.386494287
       1      51   10.297023936   12.619828550
       1      52   10.297023936   12.619828550
       1      53   10.766625167   14.508596501
       1      54   10.766625167   14.508596501
       1      55   11.973889030   15.103106905
       1      56   11.973889030   15.103106905
       1      57   12.618259888   16.994082375
       1      58   12.618259888   16.994082375
       1      59   13.393784098   18.037696880
       1      60   13.393784098   18.037696880
       1      61   13.672305271   17.180394281
       1      62   13.672305271   17.180394281
       1      63   14.265699009   17.650636510
       1      64   14.265699009   17.650636510
       1      65   14.737197614   18.664882758
       1      66   14.737197614   18.664882758
       1      67   15.072713399   18.321289225
       1      68   15.072713399   18.321289225
       1      69   15.820755348   19.735368915
       1      70   15.820755348   19.735368915
       1      71   16.594003658   19.766558348
       1      72   16.594003658   19.766558348
       1      73   16.666024799   20.726050307
       1      74   16.666024799   20.726050307
       1      75   19.017191092   22.464750275
       1      76   19.017191092   22.464750275
       1      77   19.136989495   24.248022215
       1      78   19.136989495   24.248022215
       1      79   19.675665405   21.334507747
       1      80   19.675665405   21.334507747
       1      81   19.944148434   25.105882744
       1      82   19.944148434   25.105882743
       1      83   19.971235725   23.057945677
       1      84   19.971235725   23.057945677
       1      85   20.437499689   23.952100212
       1      86   20.437499689   23.952100212
       1      87   21.002215837   23.242657179
       1      88   21.002215837   23.242657179
       1      89   21.800548689   24.588620966
       1      90   21.800548689   24.588620966
       1      91   22.697470500   26.652839386
       1      92   22.697470500   26.652839386
       1      93   22.727673446   26.428031539
       1      94   22.727673446   26.428031539
       1      95   22.748863692   26.879971126
       1      96   22.748863692   26.879971126
       1      97   24.069369057   28.320406923
       1      98   24.069369057   28.320406923
       1      99   25.486343682   30.683821138
       1     100   25.486343682   30.683821138
       1     101   25.999992384   30.310410787
       1     102   25.999992384   30.310410787
       1     103   26.033913172   31.111568683
       1     104   26.033913172   31.111568683
       1     105   26.500337416   31.751896124
       1     106   26.500337416   31.751896124
       1     107   27.432449370   33.374193304
       1     108   27.432449370   33.374193304
       1     109   27.580824608   32.995478717
       1     110   27.580824608   32.995478717
       1     111   28.336664504   33.938615746
       1     112   28.336664504   33.938615746
       1     113   28.386746633   33.685309342
       1     114   28.386746633   33.685309342
       1     115   28.824833270   33.606474740
       1     116   28.824833270   33.606474740
       1     117   29.280216975   31.175510341
       1     118   29.280216975   31.175510341
       1     119   29.474580206   33.431205517
       1     120   29.474580206   33.431205517
       1     121   29.633601954   32.633978527
       1     122   29.633601954   32.633978527
       1     123   30.209484512   33.860015997
       1     124   30.209484512   33.860015997
       1     125   30.510905833   34.570540705
       1     126   30.510905833   34.570540705
       1     127   32.058952530   37.126497551
       1     128   32.058952530   37.126497551
 -0.500000000  0.250000000  0.000000000     128
       1       1  -66.121038880  -76.985992781
       1       2  -66.121036519  -76.984930108
       1       3  -42.005295582  -48.894202116
       1       4  -41.987615630  -48.826839000
       1       5  -39.590173279  -46.325282742
       1       6  -39.563585813  -46.176416138
       1       7  -39.463824031  -45.882256766
       1       8  -39.462148164  -45.821137120
       1       9  -17.563822223  -19.960757377
       1      10  -17.520273294  -19.892966138
       1      11  -17.360413349  -19.645869801
       1      12  -17.357142326  -19.641270089
       1      13  -10.439623639  -11.215217786
       1      14  -10.435542016  -11.217534846
       1      15  -10.244816301  -10.834627519
       1      16  -10.233159840  -10.803513634
       1      17   -8.916886576   -9.703416266
       1      18   -8.910981236   -9.713600133
       1      19   -8.609243416   -9.225882158
       1      20   -8.589602917   -9.189290298
       1      21   -8.253690726   -8.820672466
       1      22   -8.200272285   -8.755964167
       1      23   -7.026548240   -7.663867132
       1      24   -7.016948195   -7.648411957
       1      25   -5.859456082   -5.604973567
       1      26   -5.749199665   -5.495873879
       1      27   -3.118933840   -1.129559923
       1      28   -3.111707035   -1.133653769
       1      29   -2.479168979   -0.048724586
       1      30   -2.368816298    0.052602040
       1      31   -2.231277418    0.575601736
       1      32   -2.218579806    0.586638724
       1      33   -0.712064738    2.429662561
       1      34   -0.670966265    2.476058347
       1      35    2.432421772    4.377357940
       1      36    2.469905428    4.446534878
       1      37    3.486053956    5.372619395
       1      38    3.549152150    5.425857449
       1      39    4.370804357    6.096073571
       1      40    4.376544789    6.103912107
       1      41    5.516585209    7.750065961
       1      42    5.534001311    7.768682718
       1      43    5.688305127    7.546542323
       1      44    5.702974431    7.573305119
       1      45    6.434397357    8.450701899
       1      46    6.481789991    8.497118274
       1      47    7.538218742   10.239017337
       1      48    7.542683950   10.242820858
       1      49    7.593961185   10.349055699
       1      50    7.610605516   10.363245833
       1      51    8.767704414   11.630187461
       1      52    8.778500712   11.633956228
       1      53    9.223477782   11.840878177
       1      54    9.232088796   11.857525913
       1      55   10.436428953   13.034135892
       1      56   10.478953812   13.107805261
       1      57   11.840420085   14.559576715
       1      58   11.868443985   14.607349361
       1      59   13.414428643   16.541712154
       1      60   13.423452420   16.524704800
       1      61   13.743948585   17.101514513
       1      62   13.745825947   17.100448007
       1      63   15.150641493   19.161628231
       1      64   15.213429762   18.921341388
       1      65   15.214841116   19.027689201
       1      66   15.220584523   19.134967496
       1      67   15.890618271   19.132006461
       1      68   15.893445727   19.137230416
       1      69   16.527906356   20.258071789
       1      70   16.589255179   20.365921207
       1      71   17.028486964   20.749270266
       1      72   17.036536844   20.727192907
       1      73   17.320128467   22.213125682
       1      74   17.333091768   22.233692080
       1      75   17.976229864   21.222668742
       1      76   17.981584608   21.173006521
       1      77   19.032595928   22.103759015
       1      78   19.034122193   22.107459224
       1      79   19.450918326   23.705005750
       1      80   19.459934148   23.735721972
       1      81   20.024998288   24.101385908
       1      82   20.026724302   24.101769053
       1      83   20.092987013   24.155303386
       1      84   20.096245770   24.162118007
       1      85   20.927018440   24.127821131
       1      86   20.929864928   24.140507877
       1      87   21.526301697   26.439100023
       1      88   21.535072090   26.448270988
       1      89   22.950051058   25.118593162
       1      90   22.957166253   25.114445493
       1      91   23.248265235   26.804436035
       1      92   23.254401350   26.793410524
       1      93   23.417959407   28.548776890
       1      94   23.424876732   28.557782060
       1      95   23.877252487   26.924559992
       1      96   23.888759100   26.987727438
       1      97   24.024609866   29.091662661
       1      98   24.031864298   29.124222224
       1      99   24.610165313   29.377725959
       1     100   24.614168848   29.333364116
       1     101   24.668337855   28.077038310
       1     102   24.678500740   28.109234594
       1     103   25.829826895   29.215869803
       1     104   25.830445941   29.209388385
       1     105   26.271044493   30.562014736
       1     106   26.285108818   30.571981735
       1     107   27.070793236   31.975043465
       1     108   27.075509188   31.988550857
       1     109   27.256595198   32.790997695
       1     110   27.272044598   32.816878519
       1     111   27.695806883   31.960465818
       1     112   27.705270117   31.959154596
       1     113   28.106451398   33.008286241
       1     114   28.106562008   33.005757705
       1     115   28.337469354   33.131539335
       1     116   28.384690065   33.115309735
       1     117   28.715912557   33.555030457
       1     118   28.744545790   33.617246709
       1     119   29.337754222   32.760091205
       1     120   29.338993379   32.761061098
       1     121   29.907383912   35.626823833
       1     122   29.908986798   35.620069386
       1     123   30.546913113   34.977645670
       1     124   30.558397952   34.985739805
       1     125   30.883763293   35.344247351
       1     126   30.887474580   35.334865198
       1     127   31.687116399   36.400205804
       1     128   31.692693347   36.411769416
 -0.500000000 -0.500000000  0.000000000     128
       1       1  -66.121247541  -76.957413305
       1       2  -66.121247541  -76.957413305
       1       3  -42.000125515  -48.880267402
       1       4  -42.000125515  -48.880267402
       1       5  -39.613113099  -46.266658203
       1       6  -39.613113099  -46.266658203
       1       7  -39.420727304  -45.839068433
       1       8  -39.420727304  -45.839068433
       1       9  -17.511832025  -19.870020450
       1      10  -17.511832025  -19.870020450
       1      11  -17.381002457  -19.670225318
       1      12  -17.381002457  -19.670225318
       1      13  -11.123671586  -11.989935194
       1      14  -11.123671586  -11.989935194
       1      15  -10.176944288  -11.028473197
       1      16  -10.176944288  -11.028473197
       1      17   -9.384368422  -10.022803698
       1      18   -9.384368422  -10.022803698
       1      19   -8.417421653   -8.513087722
       1      20   -8.417421653   -8.513087722
       1      21   -7.282542979   -7.931571273
       1      22   -7.282542979   -7.931571273
       1      23   -6.229359192   -6.819278655
       1      24   -6.229359192   -6.819278655
       1      25   -5.947790979   -5.858997859
       1      26   -5.947790979   -5.858997859
       1      27   -3.006691475   -0.428435929
       1      28   -3.006691475   -0.428435929
       1      29   -2.508493986   -0.262225817
       1      30   -2.508493986   -0.262225817
       1      31   -1.404091479    1.201691789
       1      32   -1.404091479    1.201691789
       1      33   -1.040198140    1.883320884
       1      34   -1.040198140    1.883320884
       1      35    1.070100274    2.896580151
       1      36    1.070100274    2.896580151
       1      37    2.713686602    4.744215149
       1      38    2.713686602    4.744215149
       1      39    3.259178318    5.035338883
       1      40    3.259178318    5.035338883
       1      41    4.530230807    6.430919091
       1      42    4.530230807    6.430919091
       1      43    5.147024918    7.267707369
       1      44    5.147024918    7.267707369
       1      45    6.215107682    8.635058754
       1      46    6.215107682    8.635058754
       1      47    8.458663916   10.371504034
       1      48    8.458663916   10.371504034
       1      49    9.003100653   11.386513442
       1      50    9.003100653   11.386513442
       1      51   10.297030482   12.619847922
       1      52   10.297030482   12.619847922
       1      53   10.766615985   14.508577585
       1      54   10.766615985   14.508577585
       1      55   11.973908384   15.103112704
       1      56   11.973908384   15.103112704
       1      57   12.618242612   16.994043038
       1      58   12.618242612   16.994043038
       1      59   13.393806953   18.037762095
       1      60   13.393806953   18.037762095
       1      61   13.672304154   17.180377979
       1      62   13.672304154   17.180377979
       1      63   14.265707271   17.650663104
       1      64   14.265707271   17.650663104
       1      65   14.737212971   18.664915605
       1      66   14.737212971   18.664915605
       1      67   15.072740094   18.321294651
       1      68   15.072740094   18.321294651
       1      69   15.820728771   19.735311540
       1      70   15.820728771   19.735311540
       1      71   16.594007097   19.766565275
       1      72   16.594007097   19.766565275
       1      73   16.666016494   20.726045874
       1      74   16.666016494   20.726045874
       1      75   19.017184726   22.464829772
       1      76   19.017184726   22.464829772
       1      77   19.137019437   24.248082282
       1      78   19.137019437   24.248082282
       1      79   19.675677015   21.334524926
       1      80   19.675677015   21.334524926
       1      81   19.944125235   25.106418987
       1      82   19.944125235   25.106418987
       1      83   19.971233645   23.057319670
       1      84   19.971233645   23.057319670
       1      85   20.437472859   23.952033905
       1      86   20.437472859   23.952033905
       1      87   21.002232245   23.242669564
       1      88   21.002232245   23.242669564
       1      89   21.800548253   24.588615065
       1      90   21.800548253   24.588615065
       1      91   22.697435092   26.652864977
       1      92   22.697435092   26.652864977
       1      93   22.727647926   26.427962280
       1      94   22.727647926   26.427962280
       1      95   22.748860828   26.879972165
       1      96   22.748860828   26.879972165
       1      97   24.069419809   28.320456978
       1      98   24.069419809   28.320456978
       1      99   25.486385000   30.683885262
       1     100   25.486385000   30.683885262
       1     101   26.000002633   30.310425121
       1     102   26.000002633   30.310425121
       1     103   26.033930643   31.111614037
       1     104   26.033930643   31.111614037
       1     105   26.500356326   31.751924436
       1     106   26.500356326   31.751924436
       1     107   27.432430158   33.374529946
       1     108   27.432430158   33.374529946
       1     109   27.580816305   32.995133614
       1     110   27.580816305   32.995133614
       1     111   28.336662478   33.938688879
       1     112   28.336662478   33.938688879
       1     113   28.386754592   33.685291195
       1     114   28.386754592   33.685291195
       1     115   28.824849305   33.606407476
       1     116   28.824849305   33.606407476
       1     117   29.280180748   31.175463166
       1     118   29.280180748   31.175463166
       1     119   29.474603956   33.431228207
       1     120   29.474603956   33.431228207
       1     121   29.633586828   32.633969070
       1     122   29.633586828   32.633969070
       1     123   30.209461871   33.860033802
       1     124   30.209461871   33.860033802
       1     125   30.510907587   34.570478231
       1     126   30.510907587   34.570478231
       1     127   32.058995990   37.126562743
       1     128   32.058995990   37.126562743
