# Generated by LORRAX 0.1.0 at 2026-08-01 18:06:23 UTC
  0.000000000  0.000000000  0.000000000      44
       1       1  -66.161155819  -78.333463121
       1       2  -66.161155819  -78.333463121
       1       3  -41.883442071  -48.724987881
       1       4  -41.883442071  -48.724987881
       1       5  -39.455488415  -45.965724746
       1       6  -39.455488415  -45.965724746
       1       7  -39.293255363  -45.817854563
       1       8  -39.293255363  -45.817854563
       1       9  -19.432616059  -22.306112852
       1      10  -19.432616059  -22.306112852
       1      11  -18.187517139  -20.580620591
       1      12  -18.187517139  -20.580620590
       1      13  -10.932789978  -12.035447775
       1      14  -10.932789978  -12.035447775
       1      15   -7.851525121   -8.497243971
       1      16   -7.851525121   -8.497243971
       1      17   -7.784730688   -8.458943818
       1      18   -7.784730688   -8.458943819
       1      19   -7.129180642   -8.402804036
       1      20   -7.129180642   -8.402804036
       1      21   -6.760709762   -7.411306550
       1      22   -6.760709762   -7.411306550
       1      23   -6.674676574   -7.326163037
       1      24   -6.674676574   -7.326163038
       1      25   -5.360241329   -5.870207407
       1      26   -5.360241329   -5.870207407
       1      27   -2.557311110   -1.731966369
       1      28   -2.557311110   -1.731966368
       1      29   -2.480057298   -1.666325576
       1      30   -2.480057298   -1.666325575
       1      31   -2.329487835   -1.628128186
       1      32   -2.329487835   -1.628128186
       1      33   -2.324752957   -1.624680244
       1      34   -2.324752957   -1.624680244
       1      35    1.034518820    1.461206136
       1      36    1.034518820    1.461206136
       1      37    3.861179002    4.409090310
       1      38    3.861179002    4.409090310
       1      39    3.994606274    4.206755711
       1      40    3.994606274    4.206755711
       1      41    4.811434558    4.764692470
       1      42    4.811434558    4.764692470
       1      43    5.757112619    6.435452665
       1      44    5.757112619    6.435452665
  0.000000000  0.250000000  0.000000000      44
       1       1  -66.141185924  -78.304979973
       1       2  -66.141185924  -78.304980938
       1       3  -41.938955593  -48.797492802
       1       4  -41.938955542  -48.797539287
       1       5  -39.503219220  -46.038091008
       1       6  -39.503219218  -46.038089248
       1       7  -39.394090168  -45.930561643
       1       8  -39.394090105  -45.930611642
       1       9  -18.591341438  -21.135420320
       1      10  -18.591341427  -21.135421132
       1      11  -17.824847116  -20.046648806
       1      12  -17.824847114  -20.046648254
       1      13  -10.279988484  -11.294877208
       1      14  -10.279988359  -11.294875396
       1      15   -9.093803282  -10.180347183
       1      16   -9.093803148  -10.180322487
       1      17   -8.902435998   -9.912872775
       1      18   -8.902435911   -9.912876029
       1      19   -7.722431643   -8.482596860
       1      20   -7.722431549   -8.482604252
       1      21   -6.996073199   -7.788318295
       1      22   -6.996072898   -7.788376742
       1      23   -6.687442670   -7.876731413
       1      24   -6.687442578   -7.876749029
       1      25   -6.071792311   -6.597888528
       1      26   -6.071791542   -6.597941566
       1      27   -3.148147465   -2.308484741
       1      28   -3.148144380   -2.308151204
       1      29   -2.956628154   -2.082946969
       1      30   -2.956624537   -2.082616665
       1      31   -2.335887845   -1.358603311
       1      32   -2.335886891   -1.358657859
       1      33   -1.533022664   -0.563541740
       1      34   -1.533021731   -0.563594040
       1      35    2.962815386    3.451348814
       1      36    2.962815539    3.451378240
       1      37    3.813221489    4.305185758
       1      38    3.813221541    4.305185169
       1      39    4.175406287    4.698646994
       1      40    4.175406351    4.698605481
       1      41    5.178572347    5.575206826
       1      42    5.178572613    5.575233495
       1      43    5.493248053    5.643779764
       1      44    5.493248077    5.643777942
  0.000000000 -0.500000000  0.000000000      44
       1       1  -66.121247660  -78.267339346
       1       2  -66.121247660  -78.267339346
       1       3  -42.000125410  -48.878764076
       1       4  -42.000125410  -48.878764076
       1       5  -39.613113657  -46.208018036
       1       6  -39.613113657  -46.208018036
       1       7  -39.420726119  -45.924735157
       1       8  -39.420726119  -45.924735157
       1       9  -17.511830574  -19.607695130
       1      10  -17.511830574  -19.607695130
       1      11  -17.381011481  -19.388691423
       1      12  -17.381011481  -19.388691422
       1      13  -11.123676318  -12.294103178
       1      14  -11.123676318  -12.294103178
       1      15  -10.176936171  -11.338435341
       1      16  -10.176936171  -11.338435341
       1      17   -9.384362757  -10.341293573
       1      18   -9.384362757  -10.341293573
       1      19   -8.417404339   -9.238932500
       1      20   -8.417404339   -9.238932500
       1      21   -7.282555571   -8.382014837
       1      22   -7.282555571   -8.382014837
       1      23   -6.229349354   -7.287226215
       1      24   -6.229349354   -7.287226215
       1      25   -5.947803611   -6.722813236
       1      26   -5.947803611   -6.722813236
       1      27   -3.006696055   -1.696876410
       1      28   -3.006696055   -1.696876410
       1      29   -2.508495788   -1.325468302
       1      30   -2.508495788   -1.325468302
       1      31   -1.404071724   -0.535892286
       1      32   -1.404071724   -0.535892286
       1      33   -1.040200522   -0.012313331
       1      34   -1.040200522   -0.012313331
       1      35    1.070105992    1.617222541
       1      36    1.070105992    1.617222541
       1      37    2.713693644    3.294694874
       1      38    2.713693644    3.294694874
       1      39    3.259183211    3.748889121
       1      40    3.259183211    3.748889121
       1      41    4.530221644    4.913224998
       1      42    4.530221644    4.913224998
       1      43    5.147006367    5.633895196
       1      44    5.147006367    5.633895196
  0.250000000 -0.000000000  0.000000000      44
       1       1  -66.141186014  -78.305485331
       1       2  -66.141186014  -78.305486033
       1       3  -41.938955415  -48.796014758
       1       4  -41.938955410  -48.796048725
       1       5  -39.503219559  -46.034873111
       1       6  -39.503219559  -46.034844918
       1       7  -39.394089286  -45.930400024
       1       8  -39.394089285  -45.930460209
       1       9  -18.591342993  -21.137147912
       1      10  -18.591342930  -21.137148332
       1      11  -17.824848440  -20.048376461
       1      12  -17.824848435  -20.048374507
       1      13  -10.279988990  -11.294900649
       1      14  -10.279988885  -11.294895169
       1      15   -9.093808127  -10.181498156
       1      16   -9.093808040  -10.181476344
       1      17   -8.902437733   -9.913400981
       1      18   -8.902437609   -9.913402558
       1      19   -7.722424755   -8.482757064
       1      20   -7.722424601   -8.482768725
       1      21   -6.996066067   -7.789339946
       1      22   -6.996065976   -7.789375055
       1      23   -6.687444298   -7.876513860
       1      24   -6.687444213   -7.876529768
       1      25   -6.071794087   -6.598101283
       1      26   -6.071793708   -6.598139410
       1      27   -3.148149488   -2.307464107
       1      28   -3.148146748   -2.307175415
       1      29   -2.956622433   -2.082093956
       1      30   -2.956619295   -2.081815546
       1      31   -2.335887788   -1.358412346
       1      32   -2.335887080   -1.358460015
       1      33   -1.533019159   -0.563563248
       1      34   -1.533018502   -0.563602157
       1      35    2.962819681    3.451589930
       1      36    2.962819875    3.451625373
       1      37    3.813220735    4.305095276
       1      38    3.813220788    4.305093520
       1      39    4.175398481    4.698921774
       1      40    4.175398598    4.698886751
       1      41    5.178570023    5.574976199
       1      42    5.178570239    5.575018569
       1      43    5.493249149    5.643808037
       1      44    5.493249179    5.643809822
  0.250000000  0.250000000  0.000000000      44
       1       1  -66.121038941  -78.269902232
       1       2  -66.121036580  -78.270655648
       1       3  -42.005295515  -48.890739355
       1       4  -41.987615559  -48.844232962
       1       5  -39.590173537  -46.202082592
       1       6  -39.563586218  -46.129300286
       1       7  -39.463823343  -45.973210960
       1       8  -39.462147625  -45.957279294
       1       9  -17.563822074  -19.682548628
       1      10  -17.520273224  -19.623152116
       1      11  -17.360417953  -19.361996915
       1      12  -17.357146936  -19.357801471
       1      13  -10.439620778  -11.529973041
       1      14  -10.435539458  -11.524271721
       1      15  -10.244806983  -11.246160117
       1      16  -10.233150438  -11.226957431
       1      17   -8.916887789  -10.047168279
       1      18   -8.910982203  -10.052270254
       1      19   -8.609246221   -9.673897074
       1      20   -8.589605727   -9.646438160
       1      21   -8.253689754   -9.317252726
       1      22   -8.200271329   -9.257600963
       1      23   -7.026548720   -8.137276945
       1      24   -7.016948584   -8.126835282
       1      25   -5.859454463   -6.342726999
       1      26   -5.749197928   -6.236905218
       1      27   -3.118936783   -2.137173667
       1      28   -3.111709239   -2.167507205
       1      29   -2.479181417   -1.262653891
       1      30   -2.368827901   -1.182432317
       1      31   -2.231284742   -1.215299174
       1      32   -2.218587346   -1.198017484
       1      33   -0.712045372    0.346115748
       1      34   -0.670947075    0.392210875
       1      35    2.432426537    3.017342170
       1      36    2.469908644    3.040393430
       1      37    3.486057418    3.981944562
       1      38    3.549157456    4.045996583
       1      39    4.370814761    4.772309218
       1      40    4.376555133    4.780173994
       1      41    5.516576736    5.982574243
       1      42    5.533993255    5.998069264
       1      43    5.688295200    6.042083585
       1      44    5.702964615    6.060899478
  0.250000000 -0.500000000  0.000000000      44
       1       1  -66.121038788  -78.269282545
       1       2  -66.121036428  -78.270036040
       1       3  -42.005295752  -48.893530080
       1       4  -41.987615846  -48.846352218
       1       5  -39.590173625  -46.207800242
       1       6  -39.563586186  -46.134583882
       1       7  -39.463824121  -45.972407712
       1       8  -39.462148217  -45.956754371
       1       9  -17.563820043  -19.684679173
       1      10  -17.520271162  -19.625345730
       1      11  -17.360411757  -19.364647074
       1      12  -17.357140740  -19.360463650
       1      13  -10.439626591  -11.532551003
       1      14  -10.435544960  -11.526889410
       1      15  -10.244817867  -11.250018516
       1      16  -10.233161406  -11.230776552
       1      17   -8.916887181  -10.047445427
       1      18   -8.910981747  -10.052544958
       1      19   -8.609246043   -9.675961700
       1      20   -8.589605442   -9.648462940
       1      21   -8.253686885   -9.317547537
       1      22   -8.200268380   -9.257788418
       1      23   -7.026546454   -8.135699588
       1      24   -7.016946441   -8.125282613
       1      25   -5.859459857   -6.342520041
       1      26   -5.749203604   -6.236674590
       1      27   -3.118932283   -2.137847584
       1      28   -3.111706037   -2.168063059
       1      29   -2.479162111   -1.262833403
       1      30   -2.368810109   -1.182418790
       1      31   -2.231280034   -1.215563034
       1      32   -2.218582638   -1.198278872
       1      33   -0.712063479    0.346663073
       1      34   -0.670965304    0.392717440
       1      35    2.432419415    3.017708716
       1      36    2.469902918    3.040691156
       1      37    3.486055139    3.983369306
       1      38    3.549153485    4.047494925
       1      39    4.370798084    4.772204562
       1      40    4.376538477    4.780063463
       1      41    5.516584578    5.981719317
       1      42    5.534001179    5.997225452
       1      43    5.688299570    6.043028387
       1      44    5.702969078    6.061830532
  0.250000000 -0.250000000  0.000000000      44
       1       1  -66.141185865  -78.305540575
       1       2  -66.141185865  -78.305545826
       1       3  -41.938955642  -48.794867043
       1       4  -41.938955596  -48.795105910
       1       5  -39.503218439  -46.035918455
       1       6  -39.503218437  -46.035868592
       1       7  -39.394091268  -45.926215966
       1       8  -39.394091206  -45.926518072
       1       9  -18.591341744  -21.131498954
       1      10  -18.591341691  -21.131499954
       1      11  -17.824843605  -20.044297014
       1      12  -17.824843602  -20.044312478
       1      13  -10.279990117  -11.291781146
       1      14  -10.279990096  -11.291769529
       1      15   -9.093803375  -10.179908117
       1      16   -9.093803328  -10.179885159
       1      17   -8.902427302   -9.914875436
       1      18   -8.902427264   -9.914887861
       1      19   -7.722451022   -8.478824509
       1      20   -7.722450962   -8.478840489
       1      21   -6.996076138   -7.788978427
       1      22   -6.996075929   -7.788934749
       1      23   -6.687441831   -7.875383996
       1      24   -6.687441824   -7.875391941
       1      25   -6.071779857   -6.599351581
       1      26   -6.071779467   -6.599311833
       1      27   -3.148145710   -2.307776644
       1      28   -3.148145365   -2.307931919
       1      29   -2.956635325   -2.083978509
       1      30   -2.956634846   -2.084129581
       1      31   -2.335899306   -1.357780096
       1      32   -2.335899060   -1.357798016
       1      33   -1.533012014   -0.568189606
       1      34   -1.533011738   -0.568211041
       1      35    2.962813386    3.450901365
       1      36    2.962813427    3.450901279
       1      37    3.813224330    4.305858456
       1      38    3.813224331    4.305860456
       1      39    4.175410113    4.699112077
       1      40    4.175410165    4.699103837
       1      41    5.178574921    5.574447409
       1      42    5.178574971    5.574443175
       1      43    5.493242476    5.643172926
       1      44    5.493242482    5.643170690
 -0.500000000  0.000000000  0.000000000      44
       1       1  -66.121247840  -78.267320995
       1       2  -66.121247840  -78.267320995
       1       3  -42.000125075  -48.878875658
       1       4  -42.000125075  -48.878875658
       1       5  -39.613113526  -46.206508274
       1       6  -39.613113526  -46.206508274
       1       7  -39.420725286  -45.926068053
       1       8  -39.420725286  -45.926068053
       1       9  -17.511834211  -19.607707500
       1      10  -17.511834211  -19.607707500
       1      11  -17.381014780  -19.388671978
       1      12  -17.381014780  -19.388671978
       1      13  -11.123677455  -12.294099797
       1      14  -11.123677455  -12.294099797
       1      15  -10.176935383  -11.338419483
       1      16  -10.176935383  -11.338419483
       1      17   -9.384364309  -10.341321000
       1      18   -9.384364309  -10.341321000
       1      19   -8.417395152   -9.238944227
       1      20   -8.417395152   -9.238944227
       1      21   -7.282557974   -8.381985315
       1      22   -7.282557974   -8.381985315
       1      23   -6.229340812   -7.287203125
       1      24   -6.229340812   -7.287203125
       1      25   -5.947807339   -6.722830012
       1      26   -5.947807339   -6.722830012
       1      27   -3.006696582   -1.696874426
       1      28   -3.006696582   -1.696874426
       1      29   -2.508497167   -1.325447441
       1      30   -2.508497167   -1.325447441
       1      31   -1.404070141   -0.535900524
       1      32   -1.404070141   -0.535900524
       1      33   -1.040196610   -0.012348507
       1      34   -1.040196610   -0.012348507
       1      35    1.070100846    1.617202619
       1      36    1.070100846    1.617202619
       1      37    2.713701109    3.294693939
       1      38    2.713701109    3.294693939
       1      39    3.259188866    3.748881680
       1      40    3.259188866    3.748881680
       1      41    4.530215399    4.913238156
       1      42    4.530215399    4.913238156
       1      43    5.147004824    5.633907974
       1      44    5.147004824    5.633907974
 -0.500000000  0.250000000  0.000000000      44
       1       1  -66.121038880  -78.268942794
       1       2  -66.121036519  -78.269688505
       1       3  -42.005295582  -48.894757287
       1       4  -41.987615630  -48.848095120
       1       5  -39.590173279  -46.207998919
       1       6  -39.563585813  -46.134858911
       1       7  -39.463824031  -45.975348721
       1       8  -39.462148164  -45.959291776
       1       9  -17.563822223  -19.683001412
       1      10  -17.520273294  -19.623667618
       1      11  -17.360413349  -19.362410141
       1      12  -17.357142326  -19.358243426
       1      13  -10.439623639  -11.531835823
       1      14  -10.435542016  -11.526175859
       1      15  -10.244816301  -11.249032533
       1      16  -10.233159840  -11.229792659
       1      17   -8.916886576  -10.047019393
       1      18   -8.910981236  -10.052153342
       1      19   -8.609243416   -9.676013134
       1      20   -8.589602917   -9.648515140
       1      21   -8.253690726   -9.317306753
       1      22   -8.200272285   -9.257535399
       1      23   -7.026548240   -8.135589844
       1      24   -7.016948195   -8.125166229
       1      25   -5.859456082   -6.340688085
       1      26   -5.749199665   -6.234857604
       1      27   -3.118933840   -2.138661737
       1      28   -3.111707035   -2.169047165
       1      29   -2.479168979   -1.263421074
       1      30   -2.368816298   -1.183238625
       1      31   -2.231277418   -1.215607875
       1      32   -2.218579806   -1.198353800
       1      33   -0.712064738    0.346601655
       1      34   -0.670966265    0.392645115
       1      35    2.432421772    3.017147930
       1      36    2.469905428    3.040163747
       1      37    3.486053956    3.983947875
       1      38    3.549152150    4.048016957
       1      39    4.370804357    4.771969735
       1      40    4.376544789    4.779833500
       1      41    5.516585209    5.981302163
       1      42    5.534001311    5.996722490
       1      43    5.688305127    6.042724222
       1      44    5.702974431    6.061485584
 -0.500000000 -0.500000000  0.000000000      44
       1       1  -66.121247541  -78.267336235
       1       2  -66.121247541  -78.267336235
       1       3  -42.000125515  -48.878900622
       1       4  -42.000125515  -48.878900622
       1       5  -39.613113099  -46.206537833
       1       6  -39.613113099  -46.206537833
       1       7  -39.420727304  -45.926088609
       1       8  -39.420727304  -45.926088609
       1       9  -17.511832025  -19.607736572
       1      10  -17.511832025  -19.607736573
       1      11  -17.381002457  -19.388649315
       1      12  -17.381002457  -19.388649315
       1      13  -11.123671586  -12.294090480
       1      14  -11.123671586  -12.294090481
       1      15  -10.176944288  -11.338435549
       1      16  -10.176944288  -11.338435549
       1      17   -9.384368422  -10.341288365
       1      18   -9.384368422  -10.341288365
       1      19   -8.417421653   -9.238951583
       1      20   -8.417421653   -9.238951583
       1      21   -7.282542979   -8.382003177
       1      22   -7.282542979   -8.382003177
       1      23   -6.229359192   -7.287215280
       1      24   -6.229359192   -7.287215280
       1      25   -5.947790979   -6.722803360
       1      26   -5.947790979   -6.722803360
       1      27   -3.006691475   -1.696886388
       1      28   -3.006691475   -1.696886388
       1      29   -2.508493986   -1.325448218
       1      30   -2.508493986   -1.325448218
       1      31   -1.404091479   -0.535962164
       1      32   -1.404091479   -0.535962164
       1      33   -1.040198140   -0.012304728
       1      34   -1.040198140   -0.012304728
       1      35    1.070100274    1.617229737
       1      36    1.070100274    1.617229737
       1      37    2.713686602    3.294662990
       1      38    2.713686602    3.294662990
       1      39    3.259178318    3.748882628
       1      40    3.259178318    3.748882628
       1      41    4.530230807    4.913310458
       1      42    4.530230807    4.913310458
       1      43    5.147024918    5.633909722
       1      44    5.147024918    5.633909723
