# Generated by LORRAX 0.1.0 at 2026-08-01 12:06:48 UTC
  0.000000000  0.000000000  0.000000000     128
       1       1  -66.161155819  -61.549999268
       1       2  -66.161155819  -61.549999268
       1       3  -41.883442071  -38.724468094
       1       4  -41.883442071  -38.724468094
       1       5  -39.455488415  -33.593518720
       1       6  -39.455488415  -33.593518720
       1       7  -39.293255363  -39.628197767
       1       8  -39.293255363  -39.628197767
       1       9  -19.432616059  -18.770923240
       1      10  -19.432616059  -18.770923240
       1      11  -18.187517139  -17.163997115
       1      12  -18.187517139  -17.163997115
       1      13  -10.932789978   -7.410392935
       1      14  -10.932789978   -7.410392935
       1      15   -7.851525121   -3.679007482
       1      16   -7.851525121   -3.679007482
       1      17   -7.784730688   -3.652314035
       1      18   -7.784730688   -3.652314035
       1      19   -7.129180642   -4.772169348
       1      20   -7.129180642   -4.772169348
       1      21   -6.760709762   -2.705260090
       1      22   -6.760709762   -2.705260090
       1      23   -6.674676574   -2.585353210
       1      24   -6.674676574   -2.585353210
       1      25   -5.360241329    3.857345997
       1      26   -5.360241329    3.857345997
       1      27   -2.557311110    1.250054697
       1      28   -2.557311110    1.250054697
       1      29   -2.480057298    1.491572837
       1      30   -2.480057298    1.491572837
       1      31   -2.329487835    3.335726314
       1      32   -2.329487835    3.335726314
       1      33   -2.324752957    3.182601498
       1      34   -2.324752957    3.182601498
       1      35    1.034518820    3.935898792
       1      36    1.034518820    3.935898792
       1      37    3.861179002    6.537759026
       1      38    3.861179002    6.537759026
       1      39    3.994606274    7.843836367
       1      40    3.994606274    7.843836367
       1      41    4.811434558    7.130838417
       1      42    4.811434558    7.130838417
       1      43    5.757112619   10.536700974
       1      44    5.757112619   10.536700974
       1      45    5.836018325   10.606464095
       1      46    5.836018325   10.606464095
       1      47    7.651719875   13.550052742
       1      48    7.651719875   13.550052742
       1      49    7.786981780   11.671758804
       1      50    7.786981780   11.671758804
       1      51    7.796846781   11.596424560
       1      52    7.796846781   11.596424560
       1      53   10.916709169   13.950859324
       1      54   10.916709169   13.950859324
       1      55   11.198839136   14.201629362
       1      56   11.198839136   14.201629362
       1      57   11.213056836   14.229828567
       1      58   11.213056836   14.229828567
       1      59   11.237545282   14.440410692
       1      60   11.237545282   14.440410692
       1      61   11.497538608   15.466938443
       1      62   11.497538608   15.466938443
       1      63   11.502598146   15.405240603
       1      64   11.502598146   15.405240603
       1      65   14.031784585   17.509647920
       1      66   14.031784585   17.509647920
       1      67   14.280398170   17.924336048
       1      68   14.280398170   17.924336048
       1      69   14.813646812   19.580689578
       1      70   14.813646812   19.580689578
       1      71   16.110956719   19.005588992
       1      72   16.110956719   19.005588992
       1      73   18.004607076   23.055289105
       1      74   18.004607076   23.055289105
       1      75   18.172475638   23.182689715
       1      76   18.172475638   23.182689715
       1      77   20.582377276   26.099846354
       1      78   20.582377276   26.099846354
       1      79   20.872567798   24.694321466
       1      80   20.872567798   24.694321466
       1      81   20.889056961   24.712698467
       1      82   20.889056961   24.712698467
       1      83   21.259396755   24.271048475
       1      84   21.259396755   24.271048475
       1      85   21.977161054   25.862842073
       1      86   21.977161054   25.862842073
       1      87   22.217004189   27.282525145
       1      88   22.217004189   27.282525145
       1      89   22.251682865   27.272510300
       1      90   22.251682865   27.272510300
       1      91   23.065745507   26.663995222
       1      92   23.065745507   26.663995222
       1      93   23.595383852   27.837971270
       1      94   23.595383852   27.837971270
       1      95   23.608419216   27.863778762
       1      96   23.608419216   27.863778762
       1      97   24.040544376   28.326737676
       1      98   24.040544376   28.326737676
       1      99   24.191399374   29.078423715
       1     100   24.191399374   29.078423715
       1     101   24.353664138   29.192226481
       1     102   24.353664138   29.192226481
       1     103   25.856655775   29.054843357
       1     104   25.856655775   29.054843357
       1     105   27.808125448   32.731332029
       1     106   27.808125448   32.731332029
       1     107   27.858476554   32.784666764
       1     108   27.858476554   32.784666764
       1     109   28.181005836   34.014478052
       1     110   28.181005836   34.014478052
       1     111   28.891750263   33.332923677
       1     112   28.891750263   33.332923677
       1     113   28.910257737   33.363398443
       1     114   28.910257737   33.363398443
       1     115   30.466560495   37.462836624
       1     116   30.466560495   37.462836624
       1     117   30.491768022   35.020904212
       1     118   30.491768022   35.020904212
       1     119   30.607539149   37.183497903
       1     120   30.607539149   37.183497903
       1     121   30.616103692   37.221363327
       1     122   30.616103692   37.221363327
       1     123   32.065071176   36.044717721
       1     124   32.065071176   36.044717721
       1     125   32.164988442   35.869303018
       1     126   32.164988442   35.869303018
       1     127   32.519058434   36.876613787
       1     128   32.519058434   36.876613787
  0.000000000  0.250000000  0.000000000     128
       1       1  -66.141185924  -61.485698917
       1       2  -66.141185924  -61.485698926
       1       3  -41.938955593  -39.076109419
       1       4  -41.938955542  -39.076109681
       1       5  -39.503219220  -34.985950158
       1       6  -39.503219218  -34.985946552
       1       7  -39.394090168  -38.092682415
       1       8  -39.394090105  -38.092686377
       1       9  -18.591341438  -17.694012008
       1      10  -18.591341427  -17.694012197
       1      11  -17.824847116  -16.595739131
       1      12  -17.824847114  -16.595739063
       1      13  -10.279988484   -6.805027922
       1      14  -10.279988359   -6.805026920
       1      15   -9.093803282   -6.190562651
       1      16   -9.093803148   -6.190538053
       1      17   -8.902435998   -5.823149996
       1      18   -8.902435911   -5.823153762
       1      19   -7.722431643   -3.859782671
       1      20   -7.722431549   -3.859791060
       1      21   -6.996073199   -3.089083869
       1      22   -6.996072898   -3.089140680
       1      23   -6.687442670   -4.152625926
       1      24   -6.687442578   -4.152642970
       1      25   -6.071792311    1.347245684
       1      26   -6.071791542    1.347195780
       1      27   -3.148147465    4.721094889
       1      28   -3.148144380    4.721433517
       1      29   -2.956628154    3.018128521
       1      30   -2.956624537    3.018465649
       1      31   -2.335887845    1.178993273
       1      32   -2.335886891    1.178940110
       1      33   -1.533022664    2.122401119
       1      34   -1.533021731    2.122351392
       1      35    2.962815386    6.858173033
       1      36    2.962815539    6.858202112
       1      37    3.813221489    6.868715212
       1      38    3.813221541    6.868715182
       1      39    4.175406287    8.465853326
       1      40    4.175406351    8.465810215
       1      41    5.178572347    9.579706134
       1      42    5.178572613    9.579731618
       1      43    5.493248053    7.801460755
       1      44    5.493248077    7.801456850
       1      45    7.243803560   11.648585950
       1      46    7.243803966   11.648958392
       1      47    7.258335769   11.798621956
       1      48    7.258336095   11.799003440
       1      49    7.942019314   12.514917371
       1      50    7.942019744   12.514981081
       1      51    8.690544539   12.951875789
       1      52    8.690544618   12.951857969
       1      53    9.149414241   12.530877029
       1      54    9.149414342   12.530883120
       1      55    9.468659355   14.006404624
       1      56    9.468660699   14.006118255
       1      57    9.808220880   13.941106030
       1      58    9.808222068   13.940798501
       1      59   12.368030942   15.567488519
       1      60   12.368031025   15.567485026
       1      61   13.629108534   16.655353413
       1      62   13.629108671   16.655357939
       1      63   14.743037238   18.590346841
       1      64   14.743037328   18.590342474
       1      65   15.243989732   18.595121661
       1      66   15.243989735   18.595118125
       1      67   15.518980344   19.656212857
       1      68   15.518980934   19.656226068
       1      69   16.485162171   19.600125058
       1      70   16.485162539   19.600207830
       1      71   17.227588249   20.630558345
       1      72   17.227588486   20.630861869
       1      73   17.459413669   21.448166423
       1      74   17.459413849   21.448745751
       1      75   17.517293983   22.435623783
       1      76   17.517294620   22.435328402
       1      77   18.316676608   21.951440708
       1      78   18.316676656   21.951441866
       1      79   18.981729224   25.179647383
       1      80   18.981729324   25.179616954
       1      81   19.981871234   24.167826878
       1      82   19.981871242   24.167823922
       1      83   20.768704019   26.254954148
       1      84   20.768704269   26.255032905
       1      85   21.062543072   25.945214441
       1      86   21.062544527   25.944709098
       1      87   21.313413596   25.407427598
       1      88   21.313414914   25.407034867
       1      89   22.527094865   26.030463408
       1      90   22.527094869   26.030460592
       1      91   23.339278139   27.522232963
       1      92   23.339278210   27.522256902
       1      93   24.104545742   28.591434170
       1      94   24.104545904   28.591531686
       1      95   24.184224478   28.475659290
       1      96   24.184224516   28.475588665
       1      97   24.481822661   31.037105137
       1      98   24.481823678   31.036887134
       1      99   25.266320764   30.558162816
       1     100   25.266320871   30.558223212
       1     101   25.725749323   32.428475999
       1     102   25.725750049   32.428576778
       1     103   26.398120797   31.663871522
       1     104   26.398122242   31.663919367
       1     105   26.459335167   31.860874325
       1     106   26.459335492   31.860964147
       1     107   26.601143550   31.319063514
       1     108   26.601143660   31.319010558
       1     109   27.021067914   32.470397434
       1     110   27.021068748   32.469799039
       1     111   27.441302522   31.475219155
       1     112   27.441303624   31.474482430
       1     113   27.517701921   30.944361775
       1     114   27.517701923   30.944350118
       1     115   29.015979702   35.121579559
       1     116   29.015980813   35.120896468
       1     117   30.026800157   33.528099069
       1     118   30.026801669   33.523671581
       1     119   30.069384613   33.365479228
       1     120   30.069385176   33.369224466
       1     121   30.558472651   34.250134485
       1     122   30.558472757   34.250159848
       1     123   30.965091351   33.043691940
       1     124   30.965091620   33.043624810
       1     125   31.176153908   36.771026799
       1     126   31.176154171   36.770911930
       1     127   31.656565354   35.595084104
       1     128   31.656565447   35.595100547
  0.000000000 -0.500000000  0.000000000     128
       1       1  -66.121247660  -61.436856557
       1       2  -66.121247660  -61.436856557
       1       3  -42.000125410  -39.433197700
       1       4  -42.000125410  -39.433197700
       1       5  -39.613113657  -37.444276688
       1       6  -39.613113657  -37.444276688
       1       7  -39.420726119  -35.479371612
       1       8  -39.420726119  -35.479371612
       1       9  -17.511830574  -16.318588272
       1      10  -17.511830574  -16.318588272
       1      11  -17.381011481  -15.898405627
       1      12  -17.381011481  -15.898405627
       1      13  -11.123676318   -8.365735154
       1      14  -11.123676318   -8.365735154
       1      15  -10.176936171   -7.528207197
       1      16  -10.176936171   -7.528207197
       1      17   -9.384362757   -5.652808029
       1      18   -9.384362757   -5.652808029
       1      19   -8.417404339   -4.653738961
       1      20   -8.417404339   -4.653738961
       1      21   -7.282555571   -4.868919658
       1      22   -7.282555571   -4.868919658
       1      23   -6.229349354   -2.786465567
       1      24   -6.229349354   -2.786465567
       1      25   -5.947803611   -1.022915933
       1      26   -5.947803611   -1.022915933
       1      27   -3.006696055    3.873634031
       1      28   -3.006696055    3.873634031
       1      29   -2.508495788    8.304209980
       1      30   -2.508495788    8.304209980
       1      31   -1.404071724    1.835038954
       1      32   -1.404071724    1.835038954
       1      33   -1.040200522    2.369672969
       1      34   -1.040200522    2.369672969
       1      35    1.070105992    5.456748115
       1      36    1.070105992    5.456748115
       1      37    2.713693644    5.865581668
       1      38    2.713693644    5.865581668
       1      39    3.259183211    7.309211609
       1      40    3.259183211    7.309211609
       1      41    4.530221644    6.745038384
       1      42    4.530221644    6.745038384
       1      43    5.147006367    9.682585184
       1      44    5.147006367    9.682585184
       1      45    6.215113525    8.977054477
       1      46    6.215113525    8.977054477
       1      47    8.458662496   11.812215072
       1      48    8.458662496   11.812215072
       1      49    9.003103628   13.326255341
       1      50    9.003103628   13.326255341
       1      51   10.297022226   14.382884210
       1      52   10.297022226   14.382884210
       1      53   10.766617203   13.580187343
       1      54   10.766617203   13.580187343
       1      55   11.973894395   15.704752312
       1      56   11.973894395   15.704752312
       1      57   12.618260964   19.889274347
       1      58   12.618260964   19.889274347
       1      59   13.393787465   20.507249315
       1      60   13.393787465   20.507249315
       1      61   13.672301823   19.258465690
       1      62   13.672301823   19.258465690
       1      63   14.265707160   18.450643441
       1      64   14.265707160   18.450643441
       1      65   14.737203729   18.469378759
       1      66   14.737203729   18.469378759
       1      67   15.072719732   19.540281743
       1      68   15.072719732   19.540281743
       1      69   15.820742437   20.719841940
       1      70   15.820742437   20.719841940
       1      71   16.594005724   21.390395228
       1      72   16.594005724   21.390395228
       1      73   16.666025091   21.246650220
       1      74   16.666025091   21.246650220
       1      75   19.017193333   23.039428374
       1      76   19.017193333   23.039428374
       1      77   19.136987291   24.953322273
       1      78   19.136987291   24.953322273
       1      79   19.675672177   21.264407563
       1      80   19.675672177   21.264407563
       1      81   19.944147748   23.609766221
       1      82   19.944147748   23.609766221
       1      83   19.971240059   22.557211176
       1      84   19.971240059   22.557211176
       1      85   20.437485874   24.123590891
       1      86   20.437485874   24.123590891
       1      87   21.002222349   22.871198669
       1      88   21.002222349   22.871198669
       1      89   21.800550500   24.211026061
       1      90   21.800550500   24.211026061
       1      91   22.697458513   26.541568721
       1      92   22.697458513   26.541568721
       1      93   22.727667149   26.927988862
       1      94   22.727667149   26.927988862
       1      95   22.748859824   27.303811139
       1      96   22.748859824   27.303811139
       1      97   24.069386680   29.074282891
       1      98   24.069386680   29.074282891
       1      99   25.486361410   29.909841351
       1     100   25.486361410   29.909841351
       1     101   25.999994414   31.562115441
       1     102   25.999994414   31.562115441
       1     103   26.033926228   31.508592534
       1     104   26.033926228   31.508592534
       1     105   26.500352127   33.593671113
       1     106   26.500352127   33.593671113
       1     107   27.432439380   33.509891325
       1     108   27.432439380   33.509891325
       1     109   27.580819940   32.717071137
       1     110   27.580819940   32.717071137
       1     111   28.336679641   34.715047347
       1     112   28.336679641   34.715047347
       1     113   28.386745462   34.078386029
       1     114   28.386745462   34.078386029
       1     115   28.824841253   34.324192122
       1     116   28.824841253   34.324192122
       1     117   29.280199544   30.572005170
       1     118   29.280199544   30.572005169
       1     119   29.474592370   33.895240225
       1     120   29.474592370   33.895240225
       1     121   29.633596173   32.797602131
       1     122   29.633596173   32.797602131
       1     123   30.209470669   34.354595965
       1     124   30.209470669   34.354595965
       1     125   30.510915685   34.215325082
       1     126   30.510915685   34.215325082
       1     127   32.058961559   38.585845325
       1     128   32.058961559   38.585845325
  0.250000000 -0.000000000  0.000000000     128
       1       1  -66.141186014  -61.485740640
       1       2  -66.141186014  -61.485740647
       1       3  -41.938955415  -39.076138406
       1       4  -41.938955410  -39.076141332
       1       5  -39.503219559  -34.985895249
       1       6  -39.503219559  -34.985899204
       1       7  -39.394089286  -38.092793145
       1       8  -39.394089285  -38.092792275
       1       9  -18.591342993  -17.694057505
       1      10  -18.591342930  -17.694056885
       1      11  -17.824848440  -16.596047681
       1      12  -17.824848435  -16.596047514
       1      13  -10.279988990   -6.805067023
       1      14  -10.279988885   -6.805063592
       1      15   -9.093808127   -6.190470896
       1      16   -9.093808040   -6.190451684
       1      17   -8.902437733   -5.823069399
       1      18   -8.902437609   -5.823074032
       1      19   -7.722424755   -3.859727030
       1      20   -7.722424601   -3.859737720
       1      21   -6.996066067   -3.089076995
       1      22   -6.996065976   -3.089113648
       1      23   -6.687444298   -4.152615394
       1      24   -6.687444213   -4.152629367
       1      25   -6.071794087    1.347211057
       1      26   -6.071793708    1.347174471
       1      27   -3.148149488    4.721102339
       1      28   -3.148146748    4.721393887
       1      29   -2.956622433    3.018549897
       1      30   -2.956619295    3.018837231
       1      31   -2.335887788    1.178778415
       1      32   -2.335887080    1.178733408
       1      33   -1.533019159    2.122389967
       1      34   -1.533018502    2.122347667
       1      35    2.962819681    6.858310437
       1      36    2.962819875    6.858343700
       1      37    3.813220735    6.868611873
       1      38    3.813220788    6.868613638
       1      39    4.175398481    8.466290545
       1      40    4.175398598    8.466255090
       1      41    5.178570023    9.579477732
       1      42    5.178570239    9.579516698
       1      43    5.493249149    7.801481261
       1      44    5.493249179    7.801476789
       1      45    7.243798220   11.648695591
       1      46    7.243798756   11.649133495
       1      47    7.258330309   11.798471276
       1      48    7.258330660   11.798928990
       1      49    7.942027370   12.514852758
       1      50    7.942027852   12.514900931
       1      51    8.690554391   12.951792065
       1      52    8.690554408   12.951783508
       1      53    9.149411024   12.530858187
       1      54    9.149411033   12.530863320
       1      55    9.468667268   14.006514283
       1      56    9.468667875   14.006411870
       1      57    9.808217767   13.941204925
       1      58    9.808218296   13.941077666
       1      59   12.368037401   15.567562390
       1      60   12.368037481   15.567557771
       1      61   13.629107202   16.655431328
       1      62   13.629107395   16.655439408
       1      63   14.743034795   18.590360942
       1      64   14.743034894   18.590355863
       1      65   15.243984213   18.595079921
       1      66   15.243984218   18.595080511
       1      67   15.518970130   19.656227029
       1      68   15.518970599   19.656254624
       1      69   16.485161101   19.600268584
       1      70   16.485161335   19.600307684
       1      71   17.227588448   20.630653262
       1      72   17.227588899   20.630947523
       1      73   17.459403957   21.448028256
       1      74   17.459404180   21.448725116
       1      75   17.517303590   22.436091542
       1      76   17.517304352   22.435710054
       1      77   18.316670766   21.951439466
       1      78   18.316670831   21.951442696
       1      79   18.981716248   25.179646389
       1      80   18.981716348   25.179637847
       1      81   19.981884065   24.168134373
       1      82   19.981884088   24.168133784
       1      83   20.768699292   26.254900985
       1      84   20.768699498   26.254975224
       1      85   21.062554484   25.945089313
       1      86   21.062555533   25.944785569
       1      87   21.313415270   25.407690500
       1      88   21.313416123   25.407484268
       1      89   22.527092757   26.030476952
       1      90   22.527092758   26.030477054
       1      91   23.339279869   27.522041268
       1      92   23.339280089   27.522095146
       1      93   24.104544884   28.591496021
       1      94   24.104544928   28.591551595
       1      95   24.184217051   28.475549244
       1      96   24.184217073   28.475477923
       1      97   24.481827816   31.036928225
       1      98   24.481828386   31.036790060
       1      99   25.266321615   30.559054510
       1     100   25.266321624   30.559076442
       1     101   25.725746183   32.428616196
       1     102   25.725746596   32.428690496
       1     103   26.398110163   31.663919124
       1     104   26.398110607   31.663688868
       1     105   26.459336586   31.861001188
       1     106   26.459336874   31.861149166
       1     107   26.601130595   31.319188364
       1     108   26.601130726   31.319126684
       1     109   27.021070163   32.470622871
       1     110   27.021070725   32.470031941
       1     111   27.441295161   31.475114824
       1     112   27.441295855   31.474604753
       1     113   27.517697828   30.944351458
       1     114   27.517697841   30.944361582
       1     115   29.016001433   35.121123656
       1     116   29.016002014   35.120737473
       1     117   30.026798830   33.526937235
       1     118   30.026799521   33.524649697
       1     119   30.069386141   33.366253948
       1     120   30.069386423   33.368212645
       1     121   30.558483397   34.249930197
       1     122   30.558483468   34.249962642
       1     123   30.965109584   33.043761084
       1     124   30.965109595   33.043779193
       1     125   31.176156097   36.770948602
       1     126   31.176156392   36.770940662
       1     127   31.656555068   35.595005391
       1     128   31.656555132   35.595024748
  0.250000000  0.250000000  0.000000000     128
       1       1  -66.121038941  -61.436460214
       1       2  -66.121036580  -61.436974923
       1       3  -42.005295515  -39.457247730
       1       4  -41.987615559  -39.379659481
       1       5  -39.590173537  -38.893845591
       1       6  -39.563586218  -37.823537437
       1       7  -39.463823343  -35.094896549
       1       8  -39.462147625  -34.112412015
       1       9  -17.563822074  -16.406350199
       1      10  -17.520273224  -16.355698490
       1      11  -17.360417953  -15.877428649
       1      12  -17.357146936  -15.874904015
       1      13  -10.439620778   -7.210647583
       1      14  -10.435539458   -7.195279078
       1      15  -10.244806983   -7.260884731
       1      16  -10.233150438   -7.250450663
       1      17   -8.916887789   -6.224237414
       1      18   -8.910982203   -6.249587247
       1      19   -8.609246221   -5.529773928
       1      20   -8.589605727   -5.499442030
       1      21   -8.253689754   -4.835034304
       1      22   -8.200271329   -4.737458810
       1      23   -7.026548720   -4.334620779
       1      24   -7.016948584   -4.308414693
       1      25   -5.859454463   -0.255016959
       1      26   -5.749197928   -0.045318412
       1      27   -3.118936783    7.071151116
       1      28   -3.111709239    6.569903043
       1      29   -2.479181417    5.002339136
       1      30   -2.368827901    4.728141888
       1      31   -2.231284742    1.027742439
       1      32   -2.218587346    1.073860061
       1      33   -0.712045372    2.409219654
       1      34   -0.670947075    2.486905775
       1      35    2.432426537    6.717730800
       1      36    2.469908644    6.808389625
       1      37    3.486057418    6.868340732
       1      38    3.549157456    6.794716084
       1      39    4.370814761    7.701415235
       1      40    4.376555133    7.713347560
       1      41    5.516576736    9.368886310
       1      42    5.533993255    9.408488887
       1      43    5.688295200    8.800962692
       1      44    5.702964615    8.840970774
       1      45    6.434413909   11.198831578
       1      46    6.481805934   11.298255135
       1      47    7.538208991   11.299422550
       1      48    7.542673974   11.331881362
       1      49    7.593957778   13.231260781
       1      50    7.610601697   13.252543399
       1      51    8.767711408   11.703879376
       1      52    8.778507736   11.735946493
       1      53    9.223474191   12.708383570
       1      54    9.232085174   12.705620819
       1      55   10.436428165   14.501393337
       1      56   10.478952900   14.580124443
       1      57   11.840425166   15.204669427
       1      58   11.868449280   15.244062574
       1      59   13.414423918   17.914553819
       1      60   13.423447912   17.869757201
       1      61   13.743946178   18.269402990
       1      62   13.745823551   18.264665958
       1      63   15.150627016   20.746104325
       1      64   15.213425316   19.520639651
       1      65   15.214833566   19.922128744
       1      66   15.220573935   20.297519965
       1      67   15.890614660   19.918703844
       1      68   15.893441992   19.911362140
       1      69   16.527904027   20.670777910
       1      70   16.589252692   20.804944953
       1      71   17.028491784   21.100580650
       1      72   17.036541703   21.057575767
       1      73   17.320111254   21.770505189
       1      74   17.333074575   21.786958204
       1      75   17.976223356   21.599965091
       1      76   17.981578331   21.555711122
       1      77   19.032593384   22.177285369
       1      78   19.034119663   22.181129213
       1      79   19.450922647   24.670382255
       1      80   19.459939097   24.714805303
       1      81   20.024986856   24.243343209
       1      82   20.026712843   24.249788412
       1      83   20.092995384   24.702499411
       1      84   20.096254032   24.717920686
       1      85   20.927030262   24.220186093
       1      86   20.929876682   24.249278684
       1      87   21.526307561   26.781778428
       1      88   21.535077834   26.791330586
       1      89   22.950048564   25.295328081
       1      90   22.957163896   25.288006299
       1      91   23.248271889   26.938573919
       1      92   23.254407939   26.936637093
       1      93   23.417943861   30.385968384
       1      94   23.424860617   30.387975000
       1      95   23.877256862   28.253117314
       1      96   23.888763930   28.333678121
       1      97   24.024617660   29.123332362
       1      98   24.031872343   29.149495643
       1      99   24.610185399   29.616068509
       1     100   24.614188590   29.563271689
       1     101   24.668331387   28.290039344
       1     102   24.678494468   28.333270328
       1     103   25.829827665   29.595167328
       1     104   25.830446783   29.589115447
       1     105   26.271034813   31.839524441
       1     106   26.285098739   31.861488334
       1     107   27.070789131   31.424352893
       1     108   27.075505193   31.439444584
       1     109   27.256589270   32.592197484
       1     110   27.272038996   32.659313901
       1     111   27.695798498   32.151418864
       1     112   27.705261764   32.100716106
       1     113   28.106458651   33.305420427
       1     114   28.106569288   33.302683970
       1     115   28.337458459   33.878359322
       1     116   28.384678304   33.878350856
       1     117   28.715924766   33.240399725
       1     118   28.744556121   33.390202541
       1     119   29.337755452   32.328850715
       1     120   29.338994615   32.331349774
       1     121   29.907407528   35.526161752
       1     122   29.909010075   35.522740407
       1     123   30.546922933   35.801566558
       1     124   30.558408195   35.832261006
       1     125   30.883763626   35.472475364
       1     126   30.887474669   35.472062148
       1     127   31.687107067   36.347686420
       1     128   31.692684010   36.361154564
  0.250000000 -0.500000000  0.000000000     128
       1       1  -66.121038788  -61.436758879
       1       2  -66.121036428  -61.437260822
       1       3  -42.005295752  -39.457092828
       1       4  -41.987615846  -39.379265091
       1       5  -39.590173625  -38.893593673
       1       6  -39.563586186  -37.823206936
       1       7  -39.463824121  -35.094515178
       1       8  -39.462148217  -34.112123567
       1       9  -17.563820043  -16.405978604
       1      10  -17.520271162  -16.355338870
       1      11  -17.360411757  -15.877193321
       1      12  -17.357140740  -15.874659244
       1      13  -10.439626591   -7.210471835
       1      14  -10.435544960   -7.195132598
       1      15  -10.244817867   -7.260107727
       1      16  -10.233161406   -7.249679934
       1      17   -8.916887181   -6.224075299
       1      18   -8.910981747   -6.249419641
       1      19   -8.609246043   -5.529785118
       1      20   -8.589605442   -5.499479758
       1      21   -8.253686885   -4.835568066
       1      22   -8.200268380   -4.738005548
       1      23   -7.026546454   -4.334166506
       1      24   -7.016946441   -4.307948259
       1      25   -5.859459857   -0.255524948
       1      26   -5.749203604   -0.045814617
       1      27   -3.118932283    7.071299264
       1      28   -3.111706037    6.570070026
       1      29   -2.479162111    5.002298424
       1      30   -2.368810109    4.728107822
       1      31   -2.231280034    1.027937515
       1      32   -2.218582638    1.074065630
       1      33   -0.712063479    2.408879418
       1      34   -0.670965304    2.486591707
       1      35    2.432419415    6.718501741
       1      36    2.469902918    6.809245854
       1      37    3.486055139    6.868168872
       1      38    3.549153485    6.794498526
       1      39    4.370798084    7.701637524
       1      40    4.376538477    7.713573014
       1      41    5.516584578    9.368424452
       1      42    5.534001179    9.408019694
       1      43    5.688299570    8.800461280
       1      44    5.702969078    8.840485429
       1      45    6.434387639   11.198523718
       1      46    6.481780138   11.297957401
       1      47    7.538219770   11.299289259
       1      48    7.542684997   11.331735815
       1      49    7.593958592   13.230970605
       1      50    7.610602840   13.252272436
       1      51    8.767703246   11.702471940
       1      52    8.778499513   11.734521935
       1      53    9.223481958   12.708634576
       1      54    9.232093017   12.705912279
       1      55   10.436426943   14.501409750
       1      56   10.478952077   14.580218860
       1      57   11.840418633   15.205218701
       1      58   11.868442420   15.244655635
       1      59   13.414428060   17.914709017
       1      60   13.423451614   17.869892805
       1      61   13.743952027   18.269598817
       1      62   13.745829357   18.264863007
       1      63   15.150654535   20.746586083
       1      64   15.213433254   19.520922635
       1      65   15.214847726   19.920379101
       1      66   15.220594043   20.300034756
       1      67   15.890620837   19.919185694
       1      68   15.893448292   19.911834561
       1      69   16.527904581   20.670915705
       1      70   16.589253611   20.805086081
       1      71   17.028493788   21.099287516
       1      72   17.036543496   21.056290214
       1      73   17.320141668   21.770422693
       1      74   17.333104941   21.786893738
       1      75   17.976242709   21.601147458
       1      76   17.981597133   21.556894690
       1      77   19.032598335   22.176862141
       1      78   19.034124612   22.180693958
       1      79   19.450909753   24.669990971
       1      80   19.459925396   24.714406965
       1      81   20.024997186   24.243109469
       1      82   20.026723184   24.249586306
       1      83   20.092983729   24.702416661
       1      84   20.096242495   24.717840940
       1      85   20.927016225   24.220173093
       1      86   20.929862796   24.249249060
       1      87   21.526301247   26.781977846
       1      88   21.535071725   26.791548331
       1      89   22.950050064   25.295301977
       1      90   22.957165040   25.287970192
       1      91   23.248263162   26.939339730
       1      92   23.254399245   26.937391161
       1      93   23.417961828   30.386354338
       1      94   23.424879156   30.388361042
       1      95   23.877250462   28.253356137
       1      96   23.888756749   28.333899026
       1      97   24.024614010   29.123371517
       1      98   24.031868383   29.149538159
       1      99   24.610161858   29.615897280
       1     100   24.614165385   29.563130384
       1     101   24.668336025   28.289793920
       1     102   24.678498904   28.332998996
       1     103   25.829826194   29.595169218
       1     104   25.830445193   29.589119098
       1     105   26.271045825   31.839385865
       1     106   26.285110378   31.861374440
       1     107   27.070787330   31.424615338
       1     108   27.075503454   31.439705896
       1     109   27.256604332   32.592401762
       1     110   27.272052875   32.659477186
       1     111   27.695801156   32.151300648
       1     112   27.705265302   32.100579577
       1     113   28.106445844   33.305670507
       1     114   28.106556422   33.302955620
       1     115   28.337481316   33.878258798
       1     116   28.384702154   33.878351343
       1     117   28.715903505   33.240201699
       1     118   28.744537568   33.390058079
       1     119   29.337753358   32.328746029
       1     120   29.338992483   32.331231943
       1     121   29.907387098   35.526169916
       1     122   29.908990020   35.522777085
       1     123   30.546906307   35.801837052
       1     124   30.558391308   35.832509874
       1     125   30.883762615   35.472714667
       1     126   30.887473889   35.472304294
       1     127   31.687126378   36.347542510
       1     128   31.692703401   36.361032097
  0.250000000 -0.250000000  0.000000000     128
       1       1  -66.141185865  -61.486031003
       1       2  -66.141185865  -61.486024983
       1       3  -41.938955642  -39.075854292
       1       4  -41.938955596  -39.075844313
       1       5  -39.503218439  -34.985895305
       1       6  -39.503218437  -34.985898141
       1       7  -39.394091268  -38.092102249
       1       8  -39.394091206  -38.092076359
       1       9  -18.591341744  -17.692908787
       1      10  -18.591341691  -17.692892630
       1      11  -17.824843605  -16.594859748
       1      12  -17.824843602  -16.594848747
       1      13  -10.279990117   -6.805424756
       1      14  -10.279990096   -6.805425569
       1      15   -9.093803375   -6.190666315
       1      16   -9.093803328   -6.190661559
       1      17   -8.902427302   -5.823124679
       1      18   -8.902427264   -5.823115512
       1      19   -7.722451022   -3.860340642
       1      20   -7.722450962   -3.860327694
       1      21   -6.996076138   -3.089725560
       1      22   -6.996075929   -3.089733086
       1      23   -6.687441831   -4.152449033
       1      24   -6.687441824   -4.152446322
       1      25   -6.071779857    1.347350535
       1      26   -6.071779467    1.347354427
       1      27   -3.148145710    4.721534822
       1      28   -3.148145365    4.721553741
       1      29   -2.956635325    3.018262157
       1      30   -2.956634846    3.018266027
       1      31   -2.335899306    1.179240955
       1      32   -2.335899060    1.179222026
       1      33   -1.533012014    2.122793231
       1      34   -1.533011738    2.122767961
       1      35    2.962813386    6.859135927
       1      36    2.962813427    6.859150043
       1      37    3.813224330    6.869358199
       1      38    3.813224331    6.869365738
       1      39    4.175410113    8.466309140
       1      40    4.175410165    8.466317358
       1      41    5.178574921    9.579414856
       1      42    5.178574971    9.579409770
       1      43    5.493242476    7.802431227
       1      44    5.493242482    7.802430627
       1      45    7.243806066   11.648735686
       1      46    7.243806196   11.648801901
       1      47    7.258337925   11.798451580
       1      48    7.258337950   11.798538489
       1      49    7.942017454   12.514916724
       1      50    7.942017505   12.514913741
       1      51    8.690535243   12.950874642
       1      52    8.690535305   12.950855067
       1      53    9.149422066   12.531825436
       1      54    9.149422158   12.531831666
       1      55    9.468652483   14.005146098
       1      56    9.468653221   14.004871190
       1      57    9.808235001   13.941555773
       1      58    9.808235660   13.941316540
       1      59   12.368034524   15.568243577
       1      60   12.368034526   15.568239961
       1      61   13.629110259   16.655086528
       1      62   13.629110314   16.655093859
       1      63   14.743045325   18.590210366
       1      64   14.743045334   18.590206497
       1      65   15.243993706   18.595123919
       1      66   15.243993715   18.595123682
       1      67   15.518988849   19.655659328
       1      68   15.518988970   19.655635921
       1      69   16.485150556   19.600453873
       1      70   16.485150690   19.600497660
       1      71   17.227586120   20.630263487
       1      72   17.227586334   20.630213237
       1      73   17.459421173   21.448612960
       1      74   17.459421216   21.448711572
       1      75   17.517280893   22.436133542
       1      76   17.517281019   22.435992906
       1      77   18.316669765   21.951141674
       1      78   18.316669782   21.951139413
       1      79   18.981747106   25.180065396
       1      80   18.981747107   25.180040552
       1      81   19.981864227   24.169222612
       1      82   19.981864241   24.169224232
       1      83   20.768711801   26.255127865
       1      84   20.768711845   26.255160424
       1      85   21.062528564   25.947134487
       1      86   21.062528969   25.947017682
       1      87   21.313420399   25.407261555
       1      88   21.313420863   25.407212472
       1      89   22.527098941   26.030818017
       1      90   22.527098947   26.030814286
       1      91   23.339267794   27.521382475
       1      92   23.339267943   27.521410873
       1      93   24.104556103   28.591690606
       1      94   24.104556221   28.591709492
       1      95   24.184233649   28.475540874
       1      96   24.184233665   28.475534134
       1      97   24.481840555   31.036742289
       1      98   24.481841003   31.036689595
       1      99   25.266309864   30.558184431
       1     100   25.266309962   30.558222250
       1     101   25.725736382   32.428616592
       1     102   25.725736695   32.428649872
       1     103   26.398135580   31.662885294
       1     104   26.398136581   31.663165169
       1     105   26.459316487   31.861400134
       1     106   26.459316524   31.861346894
       1     107   26.601164398   31.319164332
       1     108   26.601164419   31.319149334
       1     109   27.021070796   32.470689559
       1     110   27.021071068   32.470694060
       1     111   27.441296861   31.474629368
       1     112   27.441297270   31.474419481
       1     113   27.517700399   30.943712694
       1     114   27.517700414   30.943706793
       1     115   29.015953152   35.121917225
       1     116   29.015953682   35.121588040
       1     117   30.026808660   33.526792627
       1     118   30.026809481   33.524634136
       1     119   30.069387377   33.366457328
       1     120   30.069387659   33.368258226
       1     121   30.558470026   34.250254765
       1     122   30.558470061   34.250244405
       1     123   30.965072579   33.043789707
       1     124   30.965072859   33.043729131
       1     125   31.176158430   36.770407707
       1     126   31.176158460   36.770519775
       1     127   31.656571520   35.594394152
       1     128   31.656571548   35.594392917
 -0.500000000  0.000000000  0.000000000     128
       1       1  -66.121247840  -61.436856802
       1       2  -66.121247840  -61.436856802
       1       3  -42.000125075  -39.433192429
       1       4  -42.000125075  -39.433192429
       1       5  -39.613113526  -37.444275577
       1       6  -39.613113526  -37.444275577
       1       7  -39.420725286  -35.479377437
       1       8  -39.420725286  -35.479377437
       1       9  -17.511834211  -16.318592588
       1      10  -17.511834211  -16.318592588
       1      11  -17.381014780  -15.898409358
       1      12  -17.381014780  -15.898409358
       1      13  -11.123677455   -8.365739460
       1      14  -11.123677455   -8.365739460
       1      15  -10.176935383   -7.528204318
       1      16  -10.176935383   -7.528204318
       1      17   -9.384364309   -5.652807333
       1      18   -9.384364309   -5.652807333
       1      19   -8.417395152   -4.653730839
       1      20   -8.417395152   -4.653730839
       1      21   -7.282557974   -4.868924535
       1      22   -7.282557974   -4.868924535
       1      23   -6.229340812   -2.786449317
       1      24   -6.229340812   -2.786449317
       1      25   -5.947807339   -1.022921856
       1      26   -5.947807339   -1.022921856
       1      27   -3.006696582    3.873643272
       1      28   -3.006696582    3.873643272
       1      29   -2.508497167    8.304202962
       1      30   -2.508497167    8.304202962
       1      31   -1.404070141    1.835042424
       1      32   -1.404070141    1.835042424
       1      33   -1.040196610    2.369676835
       1      34   -1.040196610    2.369676835
       1      35    1.070100846    5.456740567
       1      36    1.070100846    5.456740567
       1      37    2.713701109    5.865593051
       1      38    2.713701109    5.865593051
       1      39    3.259188866    7.309211972
       1      40    3.259188866    7.309211972
       1      41    4.530215399    6.745029794
       1      42    4.530215399    6.745029794
       1      43    5.147004824    9.682583614
       1      44    5.147004824    9.682583614
       1      45    6.215127741    8.977065987
       1      46    6.215127741    8.977065987
       1      47    8.458658458   11.812210903
       1      48    8.458658458   11.812210903
       1      49    9.003096623   13.326246993
       1      50    9.003096623   13.326246993
       1      51   10.297023936   14.382886939
       1      52   10.297023936   14.382886939
       1      53   10.766625167   13.580197705
       1      54   10.766625167   13.580197705
       1      55   11.973889030   15.704744800
       1      56   11.973889030   15.704744800
       1      57   12.618259888   19.889279553
       1      58   12.618259888   19.889279553
       1      59   13.393784098   20.507242087
       1      60   13.393784098   20.507242087
       1      61   13.672305271   19.258465231
       1      62   13.672305271   19.258465231
       1      63   14.265699009   18.450618807
       1      64   14.265699009   18.450618807
       1      65   14.737197614   18.469388906
       1      66   14.737197614   18.469388906
       1      67   15.072713399   19.540294658
       1      68   15.072713399   19.540294658
       1      69   15.820755348   20.719848477
       1      70   15.820755348   20.719848477
       1      71   16.594003658   21.390393648
       1      72   16.594003658   21.390393648
       1      73   16.666024799   21.246640071
       1      74   16.666024799   21.246640071
       1      75   19.017191092   23.039411483
       1      76   19.017191092   23.039411484
       1      77   19.136989495   24.953322932
       1      78   19.136989495   24.953322932
       1      79   19.675665405   21.264413452
       1      80   19.675665405   21.264413452
       1      81   19.944148434   23.609696119
       1      82   19.944148434   23.609696118
       1      83   19.971235725   22.557289811
       1      84   19.971235725   22.557289810
       1      85   20.437499689   24.123599838
       1      86   20.437499689   24.123599838
       1      87   21.002215837   22.871191683
       1      88   21.002215837   22.871191683
       1      89   21.800548689   24.211025489
       1      90   21.800548689   24.211025489
       1      91   22.697470500   26.541635482
       1      92   22.697470500   26.541635482
       1      93   22.727673446   26.927943917
       1      94   22.727673446   26.927943917
       1      95   22.748863692   27.303807238
       1      96   22.748863692   27.303807238
       1      97   24.069369057   29.074277111
       1      98   24.069369057   29.074277111
       1      99   25.486343682   29.909827674
       1     100   25.486343682   29.909827674
       1     101   25.999992384   31.562112368
       1     102   25.999992384   31.562112368
       1     103   26.033913172   31.508566129
       1     104   26.033913172   31.508566129
       1     105   26.500337416   33.593672736
       1     106   26.500337416   33.593672736
       1     107   27.432449370   33.509594714
       1     108   27.432449370   33.509594714
       1     109   27.580824608   32.717388171
       1     110   27.580824608   32.717388171
       1     111   28.336664504   34.715001168
       1     112   28.336664504   34.715001168
       1     113   28.386746633   34.078392831
       1     114   28.386746633   34.078392831
       1     115   28.824833270   34.324215129
       1     116   28.824833270   34.324215129
       1     117   29.280216975   30.572025133
       1     118   29.280216975   30.572025133
       1     119   29.474580206   33.895215821
       1     120   29.474580206   33.895215821
       1     121   29.633601954   32.797585061
       1     122   29.633601954   32.797585061
       1     123   30.209484512   34.354601652
       1     124   30.209484512   34.354601652
       1     125   30.510905833   34.215353611
       1     126   30.510905833   34.215353611
       1     127   32.058952530   38.585828411
       1     128   32.058952530   38.585828411
 -0.500000000  0.250000000  0.000000000     128
       1       1  -66.121038880  -61.436426262
       1       2  -66.121036519  -61.436928228
       1       3  -42.005295582  -39.457194520
       1       4  -41.987615630  -39.379876236
       1       5  -39.590173279  -38.893792258
       1       6  -39.563585813  -37.823843034
       1       7  -39.463824031  -35.095006237
       1       8  -39.462148164  -34.112494942
       1       9  -17.563822223  -16.405949129
       1      10  -17.520273294  -16.355295674
       1      11  -17.360413349  -15.877367054
       1      12  -17.357142326  -15.874825085
       1      13  -10.439623639   -7.210498558
       1      14  -10.435542016   -7.195145380
       1      15  -10.244816301   -7.260633429
       1      16  -10.233159840   -7.250204080
       1      17   -8.916886576   -6.224137598
       1      18   -8.910981236   -6.249485271
       1      19   -8.609243416   -5.529767317
       1      20   -8.589602917   -5.499453679
       1      21   -8.253690726   -4.835282351
       1      22   -8.200272285   -4.737710036
       1      23   -7.026548240   -4.334476017
       1      24   -7.016948195   -4.308265783
       1      25   -5.859456082   -0.254860245
       1      26   -5.749199665   -0.045169338
       1      27   -3.118933840    7.071411515
       1      28   -3.111707035    6.570196333
       1      29   -2.479168979    5.002159142
       1      30   -2.368816298    4.727984916
       1      31   -2.231277418    1.027888199
       1      32   -2.218579806    1.074026535
       1      33   -0.712064738    2.408711722
       1      34   -0.670966265    2.486442693
       1      35    2.432421772    6.718352374
       1      36    2.469905428    6.809087169
       1      37    3.486053956    6.868211481
       1      38    3.549152150    6.794549998
       1      39    4.370804357    7.701696941
       1      40    4.376544789    7.713615269
       1      41    5.516585209    9.368303511
       1      42    5.534001311    9.407908180
       1      43    5.688305127    8.800322995
       1      44    5.702974431    8.840347061
       1      45    6.434397357   11.198540845
       1      46    6.481789991   11.297985775
       1      47    7.538218742   11.299515177
       1      48    7.542683950   11.331971054
       1      49    7.593961185   13.230887284
       1      50    7.610605516   13.252184273
       1      51    8.767704414   11.702225258
       1      52    8.778500712   11.734274186
       1      53    9.223477782   12.708831562
       1      54    9.232088796   12.706109013
       1      55   10.436428953   14.501248079
       1      56   10.478953812   14.580032655
       1      57   11.840420085   15.205460079
       1      58   11.868443985   15.244873171
       1      59   13.414428643   17.914778859
       1      60   13.423452420   17.869943637
       1      61   13.743948585   18.269656983
       1      62   13.745825947   18.264911247
       1      63   15.150641493   20.746713704
       1      64   15.213429762   19.521004483
       1      65   15.214841116   19.921498788
       1      66   15.220584523   20.299106142
       1      67   15.890618271   19.919012118
       1      68   15.893445727   19.911669129
       1      69   16.527906356   20.670872137
       1      70   16.589255179   20.805047455
       1      71   17.028486964   21.099133569
       1      72   17.036536844   21.056153143
       1      73   17.320128467   21.770438893
       1      74   17.333091768   21.786909838
       1      75   17.976229864   21.600998933
       1      76   17.981584608   21.556739335
       1      77   19.032595928   22.176812326
       1      78   19.034122193   22.180639034
       1      79   19.450918326   24.670142932
       1      80   19.459934148   24.714553650
       1      81   20.024998288   24.243538895
       1      82   20.026724302   24.249994169
       1      83   20.092987013   24.702284349
       1      84   20.096245770   24.717719449
       1      85   20.927018440   24.220248935
       1      86   20.929864928   24.249321734
       1      87   21.526301697   26.782369248
       1      88   21.535072090   26.791919305
       1      89   22.950051058   25.295264342
       1      90   22.957166253   25.287934419
       1      91   23.248265235   26.939326156
       1      92   23.254401350   26.937369970
       1      93   23.417959407   30.386278489
       1      94   23.424876732   30.388278552
       1      95   23.877252487   28.253291957
       1      96   23.888759100   28.333842664
       1      97   24.024609866   29.123355166
       1      98   24.031864298   29.149510717
       1      99   24.610165313   29.615924226
       1     100   24.614168848   29.563160065
       1     101   24.668337855   28.290130347
       1     102   24.678500740   28.333346485
       1     103   25.829826895   29.595328082
       1     104   25.830445941   29.589273303
       1     105   26.271044493   31.839513558
       1     106   26.285108818   31.861494694
       1     107   27.070793236   31.425019626
       1     108   27.075509188   31.440118527
       1     109   27.256595198   32.592191657
       1     110   27.272044598   32.659300477
       1     111   27.695806883   32.151337606
       1     112   27.705270117   32.100596653
       1     113   28.106451398   33.305533911
       1     114   28.106562008   33.302809366
       1     115   28.337469354   33.878390137
       1     116   28.384690065   33.878500437
       1     117   28.715912557   33.239909899
       1     118   28.744545790   33.389777636
       1     119   29.337754222   32.328758421
       1     120   29.338993379   32.331249519
       1     121   29.907383912   35.526298349
       1     122   29.908986798   35.522893186
       1     123   30.546913113   35.801812016
       1     124   30.558397952   35.832500206
       1     125   30.883763293   35.472795112
       1     126   30.887474580   35.472380938
       1     127   31.687116399   36.347686302
       1     128   31.692693347   36.361165517
 -0.500000000 -0.500000000  0.000000000     128
       1       1  -66.121247541  -61.436856138
       1       2  -66.121247541  -61.436856138
       1       3  -42.000125515  -39.433193484
       1       4  -42.000125515  -39.433193484
       1       5  -39.613113099  -37.444306931
       1       6  -39.613113099  -37.444306931
       1       7  -39.420727304  -35.479347813
       1       8  -39.420727304  -35.479347813
       1       9  -17.511832025  -16.318585607
       1      10  -17.511832025  -16.318585607
       1      11  -17.381002457  -15.898393943
       1      12  -17.381002457  -15.898393943
       1      13  -11.123671586   -8.365742208
       1      14  -11.123671586   -8.365742208
       1      15  -10.176944288   -7.528217629
       1      16  -10.176944288   -7.528217629
       1      17   -9.384368422   -5.652811863
       1      18   -9.384368422   -5.652811863
       1      19   -8.417421653   -4.653752739
       1      20   -8.417421653   -4.653752739
       1      21   -7.282542979   -4.868907318
       1      22   -7.282542979   -4.868907318
       1      23   -6.229359192   -2.786482574
       1      24   -6.229359192   -2.786482574
       1      25   -5.947790979   -1.022871918
       1      26   -5.947790979   -1.022871918
       1      27   -3.006691475    3.873632713
       1      28   -3.006691475    3.873632713
       1      29   -2.508493986    8.304181737
       1      30   -2.508493986    8.304181737
       1      31   -1.404091479    1.835024363
       1      32   -1.404091479    1.835024363
       1      33   -1.040198140    2.369669819
       1      34   -1.040198140    2.369669819
       1      35    1.070100274    5.456756230
       1      36    1.070100274    5.456756230
       1      37    2.713686602    5.865568316
       1      38    2.713686602    5.865568316
       1      39    3.259178318    7.309212976
       1      40    3.259178318    7.309212976
       1      41    4.530230807    6.745050619
       1      42    4.530230807    6.745050619
       1      43    5.147024918    9.682598836
       1      44    5.147024918    9.682598836
       1      45    6.215107682    8.977045106
       1      46    6.215107682    8.977045106
       1      47    8.458663916   11.812219885
       1      48    8.458663916   11.812219885
       1      49    9.003100653   13.326266455
       1      50    9.003100653   13.326266455
       1      51   10.297030482   14.382896823
       1      52   10.297030482   14.382896823
       1      53   10.766615985   13.580183876
       1      54   10.766615985   13.580183876
       1      55   11.973908384   15.704760611
       1      56   11.973908384   15.704760611
       1      57   12.618242612   19.889241328
       1      58   12.618242612   19.889241328
       1      59   13.393806953   20.507266042
       1      60   13.393806953   20.507266042
       1      61   13.672304154   19.258477616
       1      62   13.672304154   19.258477616
       1      63   14.265707271   18.450653695
       1      64   14.265707271   18.450653695
       1      65   14.737212971   18.469388598
       1      66   14.737212971   18.469388598
       1      67   15.072740094   19.540276714
       1      68   15.072740094   19.540276714
       1      69   15.820728771   20.719831766
       1      70   15.820728771   20.719831766
       1      71   16.594007097   21.390401827
       1      72   16.594007097   21.390401827
       1      73   16.666016494   21.246638980
       1      74   16.666016494   21.246638980
       1      75   19.017184726   23.039491035
       1      76   19.017184726   23.039491035
       1      77   19.137019437   24.953349989
       1      78   19.137019437   24.953349989
       1      79   19.675677015   21.264427914
       1      80   19.675677015   21.264427914
       1      81   19.944125235   23.609988181
       1      82   19.944125235   23.609988181
       1      83   19.971233645   22.556916119
       1      84   19.971233645   22.556916119
       1      85   20.437472859   24.123549674
       1      86   20.437472859   24.123549674
       1      87   21.002232245   22.871208877
       1      88   21.002232245   22.871208877
       1      89   21.800548253   24.211029131
       1      90   21.800548253   24.211029131
       1      91   22.697435092   26.541448206
       1      92   22.697435092   26.541448206
       1      93   22.727647926   26.928012600
       1      94   22.727647926   26.928012600
       1      95   22.748860828   27.303862486
       1      96   22.748860828   27.303862486
       1      97   24.069419809   29.074302884
       1      98   24.069419809   29.074302884
       1      99   25.486385000   29.909867086
       1     100   25.486385000   29.909867085
       1     101   26.000002633   31.562089213
       1     102   26.000002633   31.562089213
       1     103   26.033930643   31.508579885
       1     104   26.033930643   31.508579885
       1     105   26.500356326   33.593720208
       1     106   26.500356326   33.593720209
       1     107   27.432430158   33.510191808
       1     108   27.432430158   33.510191808
       1     109   27.580816305   32.716753839
       1     110   27.580816305   32.716753840
       1     111   28.336662478   34.715164432
       1     112   28.336662478   34.715164432
       1     113   28.386754592   34.078343626
       1     114   28.386754592   34.078343626
       1     115   28.824849305   34.324085642
       1     116   28.824849305   34.324085642
       1     117   29.280180748   30.571978105
       1     118   29.280180748   30.571978105
       1     119   29.474603956   33.895273231
       1     120   29.474603956   33.895273231
       1     121   29.633586828   32.797581653
       1     122   29.633586828   32.797581653
       1     123   30.209461871   34.354625012
       1     124   30.209461871   34.354625012
       1     125   30.510907587   34.215286934
       1     126   30.510907587   34.215286934
       1     127   32.058995990   38.585862278
       1     128   32.058995990   38.585862279
