# Generated by LORRAX unknown at 2026-07-21 07:35:29 UTC
  0.000000000  0.000000000  0.000000000      80
       1       1  -65.461080000  610.915767464
       1       2  -65.461080000  610.915767472
       1       3  -42.076878476  637.068969615
       1       4  -42.076878476  637.068969566
       1       5  -39.554728243  630.899207921
       1       6  -39.554728243  630.899207942
       1       7  -39.383435310  616.788299973
       1       8  -39.383435310  616.788299827
       1       9  -19.374135150  377.675112510
       1      10  -19.374135150  377.675112517
       1      11  -18.177279202  355.659707974
       1      12  -18.177279202  355.659707984
       1      13  -10.875836699 3166.147150205
       1      14  -10.875836699 3166.147112885
       1      15   -7.861773930  385.914911663
       1      16   -7.861773930  385.914911719
       1      17   -7.802674544  383.108553837
       1      18   -7.802674544  383.108553525
       1      19   -7.121961704  242.059115521
       1      20   -7.121961704  242.059115281
       1      21   -6.780841091  372.801332872
       1      22   -6.780841091  372.801332455
       1      23   -6.699897224  374.893216492
       1      24   -6.699897224  374.893216124
       1      25   -5.381421473  266.228409892
       1      26   -5.381421473  266.228409532
       1      27   -2.574766637  367.892548869
       1      28   -2.574766637  367.892548807
       1      29   -2.498945418  360.484746846
       1      30   -2.498945418  360.484747963
       1      31   -2.333878760  327.509214858
       1      32   -2.333878760  327.509216124
       1      33   -2.325689751  327.451813289
       1      34   -2.325689751  327.451812214
       1      35    1.102384887  334.367672826
       1      36    1.102384887  334.367673040
       1      37    3.746505276  258.634690674
       1      38    3.746505276  258.634690503
       1      39    3.953429837   87.730576821
       1      40    3.953429837   87.730576179
       1      41    4.786070156   43.459158667
       1      42    4.786070156   43.459158638
       1      43    5.517734412  291.290588296
       1      44    5.517734412  291.290587936
       1      45    5.594437696  296.985307271
       1      46    5.594437696  296.985307634
       1      47    7.492860389  384.307329317
       1      48    7.492860389  384.307329330
       1      49    7.510373621  386.581494937
       1      50    7.510373621  386.581494976
       1      51    7.663743489  298.000895524
       1      52    7.663743489  298.000895539
       1      53   10.772983484  367.989941229
       1      54   10.772983484  367.989941221
       1      55   10.787583668  368.044653564
       1      56   10.787583668  368.044653448
       1      57   10.866953358  378.118920661
       1      58   10.866953358  378.118920660
       1      59   11.110949599  366.320254825
       1      60   11.110949599  366.320254837
       1      61   11.117844294  366.780050840
       1      62   11.117844294  366.780050861
       1      63   11.239117863  234.244651093
       1      64   11.239117863  234.244651097
       1      65   14.037417462  207.696924717
       1      66   14.037417462  207.696924727
       1      67   14.279780383  172.280785268
       1      68   14.279780383  172.280785229
       1      69   14.666693328  267.482964060
       1      70   14.666693328  267.482964080
       1      71   16.070604130  174.320541501
       1      72   16.070604130  174.320541480
       1      73   18.074525667  327.936122029
       1      74   18.074525667  327.936122013
       1      75   18.251233323  313.887078263
       1      76   18.251233323  313.887078306
       1      77   20.602106180  228.849579799
       1      78   20.602106180  228.849579855
       1      79   20.830551792  155.767115785
       1      80   20.830551792  155.767115226
  0.000000000  0.250000000  0.000000000      80
       1       1  -65.453278892  596.982043218
       1       2  -65.453278892  597.657883880
       1       3  -42.131328983  623.758883629
       1       4  -42.131328932  623.971960104
       1       5  -39.599192178  609.690228592
       1       6  -39.599192177  610.252089903
       1       7  -39.488545575  616.217462115
       1       8  -39.488545507  615.728690740
       1       9  -18.545594641  381.469275787
       1      10  -18.545594635  381.495249918
       1      11  -17.814950337  361.570587786
       1      12  -17.814950335  361.583430060
       1      13  -10.273785240  325.294031648
       1      14  -10.273785107  328.991569568
       1      15   -9.040022761  293.007261788
       1      16   -9.040022590  292.349494469
       1      17   -8.913920251  294.484188147
       1      18   -8.913920150  290.693494858
       1      19   -7.742955985  366.289922004
       1      20   -7.742955884  365.036308700
       1      21   -7.005213941  342.991448458
       1      22   -7.005213736  345.394038525
       1      23   -6.681849591  247.020991624
       1      24   -6.681849496  246.900201156
       1      25   -6.090483934  338.022723843
       1      26   -6.090483252  339.356632340
       1      27   -3.159537154  257.432452603
       1      28   -3.159534698  266.321594152
       1      29   -2.958523249  341.779475146
       1      30   -2.958520311  355.654122455
       1      31   -2.356331498  345.841793384
       1      32   -2.356330688  344.314367072
       1      33   -1.544765703  385.830448819
       1      34   -1.544764908  384.013847678
       1      35    2.988144870  297.415399127
       1      36    2.988144989  299.613222352
       1      37    3.659469223  350.168778105
       1      38    3.659469276  347.160864383
       1      39    4.172687694  477.186204338
       1      40    4.172687801  552.859307843
       1      41    5.105824477  163.523291633
       1      42    5.105824772  157.975469297
       1      43    5.443105188  720.176064208
       1      44    5.443105210  687.342970428
       1      45    7.036408418  297.523199942
       1      46    7.036408507  297.518538542
       1      47    7.073964237  335.878760527
       1      48    7.073964292  335.841238386
       1      49    7.695937685  404.536910530
       1      50    7.695938145  404.667724847
       1      51    8.343084959  363.109631012
       1      52    8.343085030  363.142954542
       1      53    9.010855818  319.853527713
       1      54    9.010855958  319.854095850
       1      55    9.168321373  376.733894035
       1      56    9.168322058  376.649493550
       1      57    9.744848238  286.810680838
       1      58    9.744848836  286.949368488
       1      59   11.947323065  385.370056531
       1      60   11.947323152  385.620343610
       1      61   13.618535270  205.530369621
       1      62   13.618535414  205.463914764
       1      63   14.678965991  193.212425457
       1      64   14.678966081  193.199311410
       1      65   15.052261908  204.687116190
       1      66   15.052261912  204.692860961
       1      67   15.463571707  190.596752467
       1      68   15.463572368  190.561596164
       1      69   16.411347818  245.721609198
       1      70   16.411348153  245.742134375
       1      71   17.173077952  185.864008910
       1      72   17.173078670  185.677347122
       1      73   17.227103106  251.728916459
       1      74   17.227103263  251.739212064
       1      75   17.405600714  332.501853906
       1      76   17.405601967  332.631883001
       1      77   18.119939359  253.145307930
       1      78   18.119939400  253.174946101
       1      79   18.871758809  291.660406168
       1      80   18.871758935  291.651160985
  0.000000000  0.500000000  0.000000000      80
       1       1  -65.477445934  577.274494805
       1       2  -65.477445934  577.274494795
       1       3  -42.193944935  620.163588407
       1       4  -42.193944935  620.163588377
       1       5  -39.711107317  610.503184350
       1       6  -39.711107317  610.503184198
       1       7  -39.522589136  605.365834386
       1       8  -39.522589136  605.365834345
       1       9  -17.492720431  386.824036368
       1      10  -17.492720431  386.824036376
       1      11  -17.372839417  378.175381209
       1      12  -17.372839417  378.175381201
       1      13  -11.071771944  227.010738844
       1      14  -11.071771944  227.010738775
       1      15  -10.176263111  256.963391230
       1      16  -10.176263111  256.963390844
       1      17   -9.396196708  295.815102335
       1      18   -9.396196708  295.815102725
       1      19   -8.435165143  449.882939681
       1      20   -8.435165143  449.882938169
       1      21   -7.287408574  276.944470311
       1      22   -7.287408574  276.944470344
       1      23   -6.229798334  310.594988553
       1      24   -6.229798334  310.594988521
       1      25   -5.959237052  347.256624772
       1      26   -5.959237052  347.256625523
       1      27   -3.034071693  345.293910473
       1      28   -3.034071693  345.293909775
       1      29   -2.519587636  243.660339772
       1      30   -2.519587636  243.660339084
       1      31   -1.441695794  312.546876395
       1      32   -1.441695794  312.546876665
       1      33   -1.050195944  324.341765191
       1      34   -1.050195944  324.341764516
       1      35    1.140216885  358.365508527
       1      36    1.140216885  358.365507817
       1      37    2.591007717  198.869271859
       1      38    2.591007717  198.869271590
       1      39    3.229689567  363.693170618
       1      40    3.229689567  363.693172961
       1      41    4.445879459  294.291710198
       1      42    4.445879459  294.291709419
       1      43    4.996113620  178.728073657
       1      44    4.996113620  178.728073618
       1      45    6.026334628  375.523458062
       1      46    6.026334628  375.523457860
       1      47    8.332092030  117.335740868
       1      48    8.332092030  117.335740863
       1      49    9.010773350  260.786022604
       1      50    9.010773350  260.786022582
       1      51   10.399257312  197.498246488
       1      52   10.399257312  197.498246491
       1      53   10.413666434  319.894089218
       1      54   10.413666434  319.894089215
       1      55   11.858639273  245.135029849
       1      56   11.858639273  245.135029834
       1      57   12.088195783  400.749404163
       1      58   12.088195783  400.749404177
       1      59   12.797673128  389.187179337
       1      60   12.797673128  389.187179341
       1      61   13.423921016  251.216227366
       1      62   13.423921016  251.216227350
       1      63   14.113075385  262.195914745
       1      64   14.113075385  262.195914748
       1      65   14.601987728  325.179930902
       1      66   14.601987728  325.179930898
       1      67   15.013668203  288.308806375
       1      68   15.013668203  288.308806374
       1      69   15.665351492  278.559150134
       1      70   15.665351492  278.559150210
       1      71   16.403686934  169.159304644
       1      72   16.403686934  169.159304605
       1      73   16.425572006  203.411073157
       1      74   16.425572006  203.411073148
       1      75   18.893628781  273.424129897
       1      76   18.893628781  273.424129860
       1      77   18.952806008  385.414492427
       1      78   18.952806008  385.414492449
       1      79   19.525776815  125.432337615
       1      80   19.525776815  125.432337398
  0.000000000  0.750000000  0.000000000      80
       1       1  -65.453278892  596.982043218
       1       2  -65.453278892  597.657883880
       1       3  -42.131328983  623.758883629
       1       4  -42.131328932  623.971960104
       1       5  -39.599192178  609.690228592
       1       6  -39.599192177  610.252089903
       1       7  -39.488545575  616.217462115
       1       8  -39.488545507  615.728690740
       1       9  -18.545594641  381.469275787
       1      10  -18.545594635  381.495249918
       1      11  -17.814950337  361.570587786
       1      12  -17.814950335  361.583430060
       1      13  -10.273785240  325.294031648
       1      14  -10.273785107  328.991569568
       1      15   -9.040022761  293.007261788
       1      16   -9.040022590  292.349494469
       1      17   -8.913920251  294.484188147
       1      18   -8.913920150  290.693494858
       1      19   -7.742955985  366.289922004
       1      20   -7.742955884  365.036308700
       1      21   -7.005213941  342.991448458
       1      22   -7.005213736  345.394038525
       1      23   -6.681849591  247.020991624
       1      24   -6.681849496  246.900201156
       1      25   -6.090483934  338.022723843
       1      26   -6.090483252  339.356632340
       1      27   -3.159537154  257.432452603
       1      28   -3.159534698  266.321594152
       1      29   -2.958523249  341.779475146
       1      30   -2.958520311  355.654122455
       1      31   -2.356331498  345.841793384
       1      32   -2.356330688  344.314367072
       1      33   -1.544765703  385.830448819
       1      34   -1.544764908  384.013847678
       1      35    2.988144870  297.415399127
       1      36    2.988144989  299.613222352
       1      37    3.659469223  350.168778105
       1      38    3.659469276  347.160864383
       1      39    4.172687694  477.186204338
       1      40    4.172687801  552.859307843
       1      41    5.105824477  163.523291633
       1      42    5.105824772  157.975469297
       1      43    5.443105188  720.176064208
       1      44    5.443105210  687.342970428
       1      45    7.036408418  297.523199942
       1      46    7.036408507  297.518538542
       1      47    7.073964237  335.878760527
       1      48    7.073964292  335.841238386
       1      49    7.695937685  404.536910530
       1      50    7.695938145  404.667724847
       1      51    8.343084959  363.109631012
       1      52    8.343085030  363.142954542
       1      53    9.010855818  319.853527713
       1      54    9.010855958  319.854095850
       1      55    9.168321373  376.733894035
       1      56    9.168322058  376.649493550
       1      57    9.744848238  286.810680838
       1      58    9.744848836  286.949368488
       1      59   11.947323065  385.370056531
       1      60   11.947323152  385.620343610
       1      61   13.618535270  205.530369621
       1      62   13.618535414  205.463914764
       1      63   14.678965991  193.212425457
       1      64   14.678966081  193.199311410
       1      65   15.052261908  204.687116190
       1      66   15.052261912  204.692860961
       1      67   15.463571707  190.596752467
       1      68   15.463572368  190.561596164
       1      69   16.411347818  245.721609198
       1      70   16.411348153  245.742134375
       1      71   17.173077952  185.864008910
       1      72   17.173078670  185.677347122
       1      73   17.227103106  251.728916459
       1      74   17.227103263  251.739212064
       1      75   17.405600714  332.501853906
       1      76   17.405601967  332.631883001
       1      77   18.119939359  253.145307930
       1      78   18.119939400  253.174946101
       1      79   18.871758809  291.660406168
       1      80   18.871758935  291.651160985
  0.250000000 -0.000000000  0.000000000      80
       1       1  -65.453278983  603.514620560
       1       2  -65.453278983  603.017477878
       1       3  -42.131328807  623.365733373
       1       4  -42.131328801  624.147943694
       1       5  -39.599192581  613.592845805
       1       6  -39.599192581  612.967870597
       1       7  -39.488544606  612.138438692
       1       8  -39.488544603  611.804542052
       1       9  -18.545596167  380.980384269
       1      10  -18.545596105  380.900836109
       1      11  -17.814951676  362.259857873
       1      12  -17.814951670  362.343121688
       1      13  -10.273785576  319.904397499
       1      14  -10.273785465  324.524182051
       1      15   -9.040027537  297.423319746
       1      16   -9.040027428  298.444964369
       1      17   -8.913921936  321.371042361
       1      18   -8.913921797  319.271657009
       1      19   -7.742949212  327.912344857
       1      20   -7.742949049  328.079163223
       1      21   -7.005206860  360.542741645
       1      22   -7.005206835  364.919547349
       1      23   -6.681851175  261.543229437
       1      24   -6.681851088  261.636150240
       1      25   -6.090485925  306.437451618
       1      26   -6.090485606  309.489280674
       1      27   -3.159539248  275.383632773
       1      28   -3.159537032  297.875990593
       1      29   -2.958517456  352.011746894
       1      30   -2.958514881  386.948807952
       1      31   -2.356331235  528.711527909
       1      32   -2.356330648  533.636767694
       1      33   -1.544762461  265.142239183
       1      34   -1.544761918  265.641591014
       1      35    2.988149811  193.418243637
       1      36    2.988149971  195.505401605
       1      37    3.659468267  337.188652325
       1      38    3.659468322  341.733730637
       1      39    4.172679357  473.687244564
       1      40    4.172679524  467.090736538
       1      41    5.105821778  190.228870673
       1      42    5.105822020  187.885348094
       1      43    5.443106299 6261.881446595
       1      44    5.443106326 3396.541584984
       1      45    7.036403998  295.736641650
       1      46    7.036404131  295.752456565
       1      47    7.073958115  337.204369200
       1      48    7.073958196  337.264091067
       1      49    7.695945270  403.882427476
       1      50    7.695945733  404.066014584
       1      51    8.343094443  359.833380440
       1      52    8.343094467  359.860193623
       1      53    9.010852919  324.180978252
       1      54    9.010852949  324.231966691
       1      55    9.168328665  384.638322009
       1      56    9.168328954  384.558444361
       1      57    9.744844980  287.031483625
       1      58    9.744845246  287.166136390
       1      59   11.947328796  379.423816514
       1      60   11.947328878  379.474795355
       1      61   13.618533482  207.350975589
       1      62   13.618533671  207.402704031
       1      63   14.678963355  190.979970409
       1      64   14.678963449  190.975957703
       1      65   15.052256131  198.080481611
       1      66   15.052256133  198.072215031
       1      67   15.463562386  196.370100357
       1      68   15.463562918  196.403894095
       1      69   16.411346471  249.065332255
       1      70   16.411346677  249.139318386
       1      71   17.173077480  183.604441485
       1      72   17.173078431  183.723532939
       1      73   17.227092588  262.531594899
       1      74   17.227092770  262.583209349
       1      75   17.405611378  339.587099456
       1      76   17.405612769  339.619378970
       1      77   18.119933675  263.621195065
       1      78   18.119933737  263.597459801
       1      79   18.871746543  290.250014495
       1      80   18.871746607  290.308006589
  0.250000000  0.250000000  0.000000000      80
       1       1  -65.417328508  586.408046034
       1       2  -65.417325139  587.312011149
       1       3  -42.193634044  619.190906720
       1       4  -42.176490881  619.034923718
       1       5  -39.680493866  617.659683684
       1       6  -39.655726195  612.990064740
       1       7  -39.554529208  600.338375719
       1       8  -39.554295165  596.599419999
       1       9  -17.542970829  389.692478508
       1      10  -17.497707451  388.925958913
       1      11  -17.350886522  378.744664220
       1      12  -17.347341285  378.609503092
       1      13  -10.414176254  276.537012097
       1      14  -10.411106309  274.677445305
       1      15  -10.256660282  285.890989962
       1      16  -10.244485221  286.387857682
       1      17   -8.880047145  284.529739514
       1      18   -8.874788741  279.987163130
       1      19   -8.614033867  321.972963953
       1      20   -8.594771752  320.685616772
       1      21   -8.253971198  293.087696609
       1      22   -8.197637531  293.050175799
       1      23   -7.025828378  276.471600766
       1      24   -7.015221615  277.670590597
       1      25   -5.866696060  384.142022915
       1      26   -5.764595658  383.282076287
       1      27   -3.122798271  268.164465833
       1      28   -3.115176687  274.733587297
       1      29   -2.459133356  310.514991576
       1      30   -2.357954624  320.838946563
       1      31   -2.253669679  280.615766885
       1      32   -2.243342906  282.904407004
       1      33   -0.709808795  397.721062086
       1      34   -0.671549298  390.848467247
       1      35    2.451122079  213.042113874
       1      36    2.497418181  211.080026813
       1      37    3.430205868  220.536518069
       1      38    3.487443869  211.174018502
       1      39    4.217254370  262.572685055
       1      40    4.222834237  265.336230709
       1      41    5.465538683  208.967769746
       1      42    5.488095603  215.252500604
       1      43    5.561688793  166.281086714
       1      44    5.581396488  171.525429745
       1      45    6.314451040  372.286261883
       1      46    6.361302288  369.915217006
       1      47    7.315096767  337.656029326
       1      48    7.320442963  337.609163472
       1      49    7.482272470  400.642030915
       1      50    7.496469972  400.048527767
       1      51    8.622711564  278.864424521
       1      52    8.633644043  277.245189401
       1      53    9.051175789  204.269553006
       1      54    9.058908412  205.640205332
       1      55   10.348222214  247.857249992
       1      56   10.383544716  252.134274420
       1      57   11.702902565  214.512929265
       1      58   11.731264198  218.254945739
       1      59   13.311677513  262.167165360
       1      60   13.328268045  254.988810025
       1      61   13.409888314  227.379311295
       1      62   13.412498359  226.890075356
       1      63   14.871480255  261.804154227
       1      64   14.904692154  224.007381676
       1      65   14.905604737  213.533395974
       1      66   14.940278249  270.350515511
       1      67   15.691549376  136.490142726
       1      68   15.692752283  136.942955966
       1      69   16.314830562  301.510257812
       1      70   16.374957974  311.717271609
       1      71   16.849955947  240.907862342
       1      72   16.865816973  235.724842621
       1      73   17.050138869  368.035621546
       1      74   17.063130357  368.647345053
       1      75   17.929793123  271.356677713
       1      76   17.935465278  267.706730291
       1      77   18.821933932  172.451494353
       1      78   18.822477933  172.351370206
       1      79   19.468108530  317.541420587
       1      80   19.478345631  318.936373823
  0.250000000  0.500000000  0.000000000      80
       1       1  -65.417328124  596.767422906
       1       2  -65.417324755  597.028169099
       1       3  -42.193634291  623.107696814
       1       4  -42.176491180  623.541269019
       1       5  -39.680493805  612.518042941
       1       6  -39.655725970  610.098571802
       1       7  -39.554530267  613.891931770
       1       8  -39.554295990  611.236464459
       1       9  -17.542968828  391.124136314
       1      10  -17.497705421  390.494912400
       1      11  -17.350880273  383.012779222
       1      12  -17.347335036  382.914638140
       1      13  -10.414182076  275.791080385
       1      14  -10.411111800  276.346947506
       1      15  -10.256671201  358.565859094
       1      16  -10.244496224  360.677686728
       1      17   -8.880047140  282.602382708
       1      18   -8.874788894  278.917960495
       1      19   -8.614033714  289.014499246
       1      20   -8.594771480  289.491016283
       1      21   -8.253968130  293.521235987
       1      22   -8.197634372  293.217930889
       1      23   -7.025826181  261.959657868
       1      24   -7.015219537  262.102470376
       1      25   -5.866701511  366.810332812
       1      26   -5.764601377  365.348900023
       1      27   -3.122793877  315.646327983
       1      28   -3.115173304  316.742906634
       1      29   -2.459113609  352.477214198
       1      30   -2.357936094  352.485224404
       1      31   -2.253664581  488.281752836
       1      32   -2.243337763  491.587090994
       1      33   -0.709827769  228.738608848
       1      34   -0.671568368  225.397902821
       1      35    2.451113889  232.800388997
       1      36    2.497411620  219.661525132
       1      37    3.430205221  335.856756395
       1      38    3.487441363  336.106434328
       1      39    4.217237293  247.386986130
       1      40    4.222817177  247.673736696
       1      41    5.465546657  227.518020728
       1      42    5.488103827  205.599840065
       1      43    5.561694040  521.703236467
       1      44    5.581402055  466.830817091
       1      45    6.314424664  367.569518448
       1      46    6.361276456  365.344098774
       1      47    7.315107222  339.713198575
       1      48    7.320453765  339.494553705
       1      49    7.482273673  400.331096134
       1      50    7.496471346  399.772068099
       1      51    8.622704181  279.996726570
       1      52    8.633636595  278.363387249
       1      53    9.051184527  196.995494803
       1      54    9.058917233  198.389581965
       1      55   10.348222159  253.161021299
       1      56   10.383545161  257.628838107
       1      57   11.702896369  212.015346656
       1      58   11.731257662  215.874803882
       1      59   13.311682827  259.996555571
       1      60   13.328272713  252.428573698
       1      61   13.409896669  235.306082496
       1      62   13.412506678  234.722539255
       1      63   14.871502539  272.093953890
       1      64   14.904698980  221.393792114
       1      65   14.905608144  207.679565922
       1      66   14.940302970  284.563134714
       1      67   15.691554126  143.882480999
       1      68   15.692757141  144.391515678
       1      69   16.314828300  296.348380941
       1      70   16.374955476  305.586413590
       1      71   16.849958958  235.873188056
       1      72   16.865820260  230.946181293
       1      73   17.050169022  369.815371439
       1      74   17.063160432  370.240692170
       1      75   17.929813199  271.892507438
       1      76   17.935484824  268.619308805
       1      77   18.821938134  158.883136260
       1      78   18.822482125  158.694564220
       1      79   19.468099686  308.455889889
       1      80   19.478335977  309.894614568
  0.250000000  0.750000000  0.000000000      80
       1       1  -65.453278835  602.113815780
       1       2  -65.453278835  601.367833402
       1       3  -42.131329027  629.871115390
       1       4  -42.131328982  627.976989486
       1       5  -39.599191293  616.743076571
       1       6  -39.599191292  616.665602973
       1       7  -39.488546795  618.989401803
       1       8  -39.488546731  617.143513692
       1       9  -18.545594924  381.244020868
       1      10  -18.545594868  381.119476973
       1      11  -17.814946813  364.769169365
       1      12  -17.814946809  364.803985263
       1      13  -10.273786883  296.179903838
       1      14  -10.273786860  294.761234338
       1      15   -9.040023136  347.248495271
       1      16   -9.040023074  349.243589913
       1      17   -8.913911630  283.173712706
       1      18   -8.913911592  285.051580466
       1      19   -7.742975455  367.857941249
       1      20   -7.742975393  370.743001869
       1      21   -7.005216911  348.897839872
       1      22   -7.005216732  348.399717897
       1      23   -6.681848785  248.785776764
       1      24   -6.681848776  249.930179044
       1      25   -6.090471170  287.531990564
       1      26   -6.090470808  287.577012001
       1      27   -3.159535522  352.083272674
       1      28   -3.159535281  347.899800564
       1      29   -2.958530894  340.469055150
       1      30   -2.958530530  335.570077920
       1      31   -2.356343131  331.909599781
       1      32   -2.356342909  328.642433598
       1      33   -1.544754998  471.706710688
       1      34   -1.544754746  467.879263049
       1      35    2.988142809  259.481156483
       1      36    2.988142850  260.347990520
       1      37    3.659472243  569.983947681
       1      38    3.659472243  569.089858962
       1      39    4.172691712  407.585644068
       1      40    4.172691773  389.396679525
       1      41    5.105827235  234.847443384
       1      42    5.105827288  246.008052207
       1      43    5.443099613  135.886447480
       1      44    5.443099619  134.567630820
       1      45    7.036411098  294.733223589
       1      46    7.036411142  294.798427154
       1      47    7.073965129  338.070845210
       1      48    7.073965155  338.197147057
       1      49    7.695936160  416.321236431
       1      50    7.695936162  416.406477343
       1      51    8.343076241  361.724295223
       1      52    8.343076289  361.692893705
       1      53    9.010863403  316.485985636
       1      54    9.010863514  316.414202787
       1      55    9.168314613  372.882595603
       1      56    9.168315009  373.214783458
       1      57    9.744862080  284.717372384
       1      58    9.744862412  285.101191940
       1      59   11.947327893  382.460566361
       1      60   11.947327898  382.704278080
       1      61   13.618537403  208.716509305
       1      62   13.618537448  208.716118755
       1      63   14.678974628  188.019894993
       1      64   14.678974632  188.041617071
       1      65   15.052265588  202.113209171
       1      66   15.052265595  202.100896634
       1      67   15.463580014  189.982959479
       1      68   15.463580143  190.010510287
       1      69   16.411336106  253.953390572
       1      70   16.411336233  254.009516454
       1      71   17.173076121  175.055671787
       1      72   17.173076354  175.131112194
       1      73   17.227111708  255.445873185
       1      74   17.227111733  255.463783422
       1      75   17.405585577  351.734450291
       1      76   17.405585715  351.698648213
       1      77   18.119932191  243.108526601
       1      78   18.119932211  243.089916185
       1      79   18.871777620  309.399482316
       1      80   18.871777682  309.509550321
  0.500000000 -0.000000000  0.000000000      80
       1       1  -65.477446092  605.773725481
       1       2  -65.477446092  605.773725520
       1       3  -42.193944609  622.857025838
       1       4  -42.193944609  622.857025813
       1       5  -39.711107244  614.009478117
       1       6  -39.711107244  614.009478086
       1       7  -39.522588210  607.000991788
       1       8  -39.522588210  607.000991764
       1       9  -17.492723973  383.864975689
       1      10  -17.492723973  383.864975695
       1      11  -17.372842743  372.575009280
       1      12  -17.372842743  372.575009276
       1      13  -11.071772809  300.963525187
       1      14  -11.071772809  300.963525144
       1      15  -10.176262172  286.841395592
       1      16  -10.176262172  286.841395793
       1      17   -9.396198244  280.818285362
       1      18   -9.396198244  280.818285233
       1      19   -8.435156080  309.308835032
       1      20   -8.435156080  309.308834772
       1      21   -7.287410975  291.353045212
       1      22   -7.287410975  291.353044318
       1      23   -6.229789924  300.286275506
       1      24   -6.229789924  300.286275492
       1      25   -5.959240934  319.115417419
       1      26   -5.959240934  319.115417804
       1      27   -3.034072194  451.034845451
       1      28   -3.034072194  451.034845298
       1      29   -2.519588666  300.638480234
       1      30   -2.519588666  300.638479715
       1      31   -1.441693951  708.210170831
       1      32   -1.441693951  708.210175579
       1      33   -1.050192283  283.881540333
       1      34   -1.050192283  283.881541086
       1      35    1.140211246  325.759179248
       1      36    1.140211246  325.759178698
       1      37    2.591014905-2404.968813854
       1      38    2.591014905-2404.968809217
       1      39    3.229695360  341.433836943
       1      40    3.229695360  341.433833086
       1      41    4.445873248 -304.002026285
       1      42    4.445873248 -304.002019954
       1      43    4.996111826  340.064669036
       1      44    4.996111826  340.064668874
       1      45    6.026348285  384.494768711
       1      46    6.026348285  384.494768510
       1      47    8.332088114  119.856208291
       1      48    8.332088114  119.856208291
       1      49    9.010766274  260.202801617
       1      50    9.010766274  260.202801607
       1      51   10.399259349  199.705820960
       1      52   10.399259349  199.705820956
       1      53   10.413672701  326.555018361
       1      54   10.413672701  326.555018366
       1      55   11.858634027  238.021249467
       1      56   11.858634027  238.021249475
       1      57   12.088194244  402.010719227
       1      58   12.088194244  402.010719234
       1      59   12.797670022  386.172147710
       1      60   12.797670022  386.172147727
       1      61   13.423924033  248.774937917
       1      62   13.423924033  248.774937906
       1      63   14.113067333  265.896807896
       1      64   14.113067333  265.896807904
       1      65   14.601981346  327.419725938
       1      66   14.601981346  327.419725935
       1      67   15.013660938  283.764135175
       1      68   15.013660938  283.764135181
       1      69   15.665364699  283.577221424
       1      70   15.665364699  283.577221393
       1      71   16.403686188  174.207373697
       1      72   16.403686188  174.207373819
       1      73   16.425571474  205.303888559
       1      74   16.425571474  205.303888758
       1      75   18.893626833  257.979576139
       1      76   18.893626833  257.979576135
       1      77   18.952808290  383.956231742
       1      78   18.952808290  383.956231759
       1      79   19.525768329  133.278380178
       1      80   19.525768329  133.278380426
  0.500000000  0.250000000  0.000000000      80
       1       1  -65.417328349  599.451392480
       1       2  -65.417324980  600.506408446
       1       3  -42.193634112  623.949973745
       1       4  -42.176490956  622.302131873
       1       5  -39.680493492  614.742175641
       1       6  -39.655725657  611.686028545
       1       7  -39.554530072  609.972945438
       1       8  -39.554295859  608.543089675
       1       9  -17.542970955  386.730736994
       1      10  -17.497707495  385.760708460
       1      11  -17.350881882  378.730171156
       1      12  -17.347336638  378.604635267
       1      13  -10.414179191  308.209551733
       1      14  -10.411108923  307.451376917
       1      15  -10.256669632  293.822771425
       1      16  -10.244494654  298.808895538
       1      17   -8.880046254  283.154605119
       1      18   -8.874788102  279.238007232
       1      19   -8.614031040  274.261276067
       1      20   -8.594768906  275.384521836
       1      21   -8.253972041  284.893931081
       1      22   -8.197638349  285.041173307
       1      23   -7.025827987  257.046316276
       1      24   -7.015221311  256.498686097
       1      25   -5.866697782  348.657242231
       1      26   -5.764597488  346.779206393
       1      27   -3.122795407  312.937129243
       1      28   -3.115174433  306.419047252
       1      29   -2.459120536  556.704597865
       1      30   -2.357942503  546.564454974
       1      31   -2.253662135  377.261345602
       1      32   -2.243335142  377.608610669
       1      33   -0.709828708  452.654722554
       1      34   -0.671569044  461.662887511
       1      35    2.451116354  375.389165128
       1      36    2.497414218  352.768859984
       1      37    3.430203733  278.827960676
       1      38    3.487439749  276.323414602
       1      39    4.217243808  314.348837542
       1      40    4.222823732  322.001334649
       1      41    5.465547600  207.170170125
       1      42    5.488103947  194.453168078
       1      43    5.561698991  271.905606427
       1      44    5.581406451  258.937374735
       1      45    6.314434150  367.029064148
       1      46    6.361286063  364.822184676
       1      47    7.315106006  344.072565452
       1      48    7.320452474  343.878308501
       1      49    7.482276296  399.186075098
       1      50    7.496474123  398.798003712
       1      51    8.622705127  286.393959555
       1      52    8.633637579  284.834169245
       1      53    9.051180106  200.313429542
       1      54    9.058912757  201.698257587
       1      55   10.348223472  254.945995560
       1      56   10.383546168  259.262592326
       1      57   11.702897410  215.510360804
       1      58   11.731258815  219.291568831
       1      59   13.311682891  260.526163976
       1      60   13.328273087  252.990490811
       1      61   13.409892292  224.545195321
       1      62   13.412502329  224.021684824
       1      63   14.871492018  269.679385409
       1      64   14.904696076  221.269280531
       1      65   14.905606839  208.082361574
       1      66   14.940291157  280.894558392
       1      67   15.691551957  140.239672186
       1      68   15.692754961  140.731561549
       1      69   16.314830613  295.189511266
       1      70   16.374957620  305.912002233
       1      71   16.849951862  232.612760606
       1      72   16.865813384  227.299915260
       1      73   17.050155995  370.017882127
       1      74   17.063147436  370.690060945
       1      75   17.929800169  270.190079636
       1      76   17.935472103  266.762786262
       1      77   18.821936594  159.371658222
       1      78   18.822480580  159.205427179
       1      79   19.468107603  309.691144142
       1      80   19.478344062  310.876161148
  0.500000000  0.500000000  0.000000000      80
       1       1  -65.477445835  587.166401736
       1       2  -65.477445835  587.166401777
       1       3  -42.193945032  626.192204425
       1       4  -42.193945032  626.192204382
       1       5  -39.711106645  612.070034492
       1       6  -39.711106645  612.070034605
       1       7  -39.522590472  617.388049737
       1       8  -39.522590472  617.388049777
       1       9  -17.492721704  383.242775393
       1      10  -17.492721704  383.242775380
       1      11  -17.372830362  380.058867351
       1      12  -17.372830362  380.058867363
       1      13  -11.071767611  307.881096070
       1      14  -11.071767611  307.881095493
       1      15  -10.176271223  312.084049010
       1      16  -10.176271223  312.084049032
       1      17   -9.396202336  236.556715229
       1      18   -9.396202336  236.556714976
       1      19   -8.435182523  401.300227635
       1      20   -8.435182523  401.300228535
       1      21   -7.287395975  243.074535230
       1      22   -7.287395975  243.074535394
       1      23   -6.229808204  304.527499705
       1      24   -6.229808204  304.527499607
       1      25   -5.959224504  272.356636469
       1      26   -5.959224504  272.356636370
       1      27   -3.034067010  417.023282375
       1      28   -3.034067010  417.023281437
       1      29   -2.519586165  444.575545494
       1      30   -2.519586165  444.575543105
       1      31   -1.441715815  327.411590560
       1      32   -1.441715815  327.411589146
       1      33   -1.050193459 1239.182106147
       1      34   -1.050193459 1239.182095558
       1      35    1.140211037  362.619972207
       1      36    1.140211037  362.619973588
       1      37    2.591000859  409.453747022
       1      38    2.591000859  409.453751068
       1      39    3.229684874  199.104987027
       1      40    3.229684874  199.104987050
       1      41    4.445888313  222.503386337
       1      42    4.445888313  222.503385138
       1      43    4.996132678  132.889074498
       1      44    4.996132678  132.889074919
       1      45    6.026329490  464.617019220
       1      46    6.026329490  464.617019389
       1      47    8.332093266  108.411416753
       1      48    8.332093266  108.411416751
       1      49    9.010769841  260.169267846
       1      50    9.010769841  260.169267847
       1      51   10.399264877  198.015865992
       1      52   10.399264877  198.015866005
       1      53   10.413667023  320.423962404
       1      54   10.413667023  320.423962404
       1      55   11.858652724  238.289377599
       1      56   11.858652724  238.289377597
       1      57   12.088178876  412.220843983
       1      58   12.088178876  412.220843974
       1      59   12.797692700  397.320195895
       1      60   12.797692700  397.320195880
       1      61   13.423922878  257.420710209
       1      62   13.423922878  257.420710219
       1      63   14.113076868  268.456958893
       1      64   14.113076868  268.456958872
       1      65   14.601999233  326.410757065
       1      66   14.601999233  326.410757067
       1      67   15.013689370  279.976528460
       1      68   15.013689370  279.976528473
       1      69   15.665336592  294.936554445
       1      70   15.665336592  294.936554455
       1      71   16.403683316  156.518637297
       1      72   16.403683316  156.518637187
       1      73   16.425565477  193.137555099
       1      74   16.425565477  193.137555154
       1      75   18.893617466  269.382180161
       1      76   18.893617466  269.382180123
       1      77   18.952837508  392.425378959
       1      78   18.952837508  392.425378963
       1      79   19.525781305  117.943439535
       1      80   19.525781305  117.943439542
  0.500000000  0.750000000  0.000000000      80
       1       1  -65.417328349  599.451392480
       1       2  -65.417324980  600.506408446
       1       3  -42.193634112  623.949973745
       1       4  -42.176490956  622.302131873
       1       5  -39.680493492  614.742175641
       1       6  -39.655725657  611.686028545
       1       7  -39.554530072  609.972945438
       1       8  -39.554295859  608.543089675
       1       9  -17.542970955  386.730736994
       1      10  -17.497707495  385.760708460
       1      11  -17.350881882  378.730171156
       1      12  -17.347336638  378.604635267
       1      13  -10.414179191  308.209551733
       1      14  -10.411108923  307.451376917
       1      15  -10.256669632  293.822771425
       1      16  -10.244494654  298.808895538
       1      17   -8.880046254  283.154605119
       1      18   -8.874788102  279.238007232
       1      19   -8.614031040  274.261276067
       1      20   -8.594768906  275.384521836
       1      21   -8.253972041  284.893931081
       1      22   -8.197638349  285.041173307
       1      23   -7.025827987  257.046316276
       1      24   -7.015221311  256.498686097
       1      25   -5.866697782  348.657242231
       1      26   -5.764597488  346.779206393
       1      27   -3.122795407  312.937129243
       1      28   -3.115174433  306.419047252
       1      29   -2.459120536  556.704597865
       1      30   -2.357942503  546.564454974
       1      31   -2.253662135  377.261345602
       1      32   -2.243335142  377.608610669
       1      33   -0.709828708  452.654722554
       1      34   -0.671569044  461.662887511
       1      35    2.451116354  375.389165128
       1      36    2.497414218  352.768859984
       1      37    3.430203733  278.827960676
       1      38    3.487439749  276.323414602
       1      39    4.217243808  314.348837542
       1      40    4.222823732  322.001334649
       1      41    5.465547600  207.170170125
       1      42    5.488103947  194.453168078
       1      43    5.561698991  271.905606427
       1      44    5.581406451  258.937374735
       1      45    6.314434150  367.029064148
       1      46    6.361286063  364.822184676
       1      47    7.315106006  344.072565452
       1      48    7.320452474  343.878308501
       1      49    7.482276296  399.186075098
       1      50    7.496474123  398.798003712
       1      51    8.622705127  286.393959555
       1      52    8.633637579  284.834169245
       1      53    9.051180106  200.313429542
       1      54    9.058912757  201.698257587
       1      55   10.348223472  254.945995560
       1      56   10.383546168  259.262592326
       1      57   11.702897410  215.510360804
       1      58   11.731258815  219.291568831
       1      59   13.311682891  260.526163976
       1      60   13.328273087  252.990490811
       1      61   13.409892292  224.545195321
       1      62   13.412502329  224.021684824
       1      63   14.871492018  269.679385409
       1      64   14.904696076  221.269280531
       1      65   14.905606839  208.082361574
       1      66   14.940291157  280.894558392
       1      67   15.691551957  140.239672186
       1      68   15.692754961  140.731561549
       1      69   16.314830613  295.189511266
       1      70   16.374957620  305.912002233
       1      71   16.849951862  232.612760606
       1      72   16.865813384  227.299915260
       1      73   17.050155995  370.017882127
       1      74   17.063147436  370.690060945
       1      75   17.929800169  270.190079636
       1      76   17.935472103  266.762786262
       1      77   18.821936594  159.371658222
       1      78   18.822480580  159.205427179
       1      79   19.468107603  309.691144142
       1      80   19.478344062  310.876161148
  0.750000000 -0.000000000  0.000000000      80
       1       1  -65.453278983  603.514620560
       1       2  -65.453278983  603.017477878
       1       3  -42.131328807  623.365733373
       1       4  -42.131328801  624.147943694
       1       5  -39.599192581  613.592845805
       1       6  -39.599192581  612.967870597
       1       7  -39.488544606  612.138438692
       1       8  -39.488544603  611.804542052
       1       9  -18.545596167  380.980384269
       1      10  -18.545596105  380.900836109
       1      11  -17.814951676  362.259857873
       1      12  -17.814951670  362.343121688
       1      13  -10.273785576  319.904397499
       1      14  -10.273785465  324.524182051
       1      15   -9.040027537  297.423319746
       1      16   -9.040027428  298.444964369
       1      17   -8.913921936  321.371042361
       1      18   -8.913921797  319.271657009
       1      19   -7.742949212  327.912344857
       1      20   -7.742949049  328.079163223
       1      21   -7.005206860  360.542741645
       1      22   -7.005206835  364.919547349
       1      23   -6.681851175  261.543229437
       1      24   -6.681851088  261.636150240
       1      25   -6.090485925  306.437451618
       1      26   -6.090485606  309.489280674
       1      27   -3.159539248  275.383632773
       1      28   -3.159537032  297.875990593
       1      29   -2.958517456  352.011746894
       1      30   -2.958514881  386.948807952
       1      31   -2.356331235  528.711527909
       1      32   -2.356330648  533.636767694
       1      33   -1.544762461  265.142239183
       1      34   -1.544761918  265.641591014
       1      35    2.988149811  193.418243637
       1      36    2.988149971  195.505401605
       1      37    3.659468267  337.188652325
       1      38    3.659468322  341.733730637
       1      39    4.172679357  473.687244564
       1      40    4.172679524  467.090736538
       1      41    5.105821778  190.228870673
       1      42    5.105822020  187.885348094
       1      43    5.443106299 6261.881446595
       1      44    5.443106326 3396.541584984
       1      45    7.036403998  295.736641650
       1      46    7.036404131  295.752456565
       1      47    7.073958115  337.204369200
       1      48    7.073958196  337.264091067
       1      49    7.695945270  403.882427476
       1      50    7.695945733  404.066014584
       1      51    8.343094443  359.833380440
       1      52    8.343094467  359.860193623
       1      53    9.010852919  324.180978252
       1      54    9.010852949  324.231966691
       1      55    9.168328665  384.638322009
       1      56    9.168328954  384.558444361
       1      57    9.744844980  287.031483625
       1      58    9.744845246  287.166136390
       1      59   11.947328796  379.423816514
       1      60   11.947328878  379.474795355
       1      61   13.618533482  207.350975589
       1      62   13.618533671  207.402704031
       1      63   14.678963355  190.979970409
       1      64   14.678963449  190.975957703
       1      65   15.052256131  198.080481611
       1      66   15.052256133  198.072215031
       1      67   15.463562386  196.370100357
       1      68   15.463562918  196.403894095
       1      69   16.411346471  249.065332255
       1      70   16.411346677  249.139318386
       1      71   17.173077480  183.604441485
       1      72   17.173078431  183.723532939
       1      73   17.227092588  262.531594899
       1      74   17.227092770  262.583209349
       1      75   17.405611378  339.587099456
       1      76   17.405612769  339.619378970
       1      77   18.119933675  263.621195065
       1      78   18.119933737  263.597459801
       1      79   18.871746543  290.250014495
       1      80   18.871746607  290.308006589
  0.750000000  0.250000000  0.000000000      80
       1       1  -65.453278835  602.113815780
       1       2  -65.453278835  601.367833402
       1       3  -42.131329027  629.871115390
       1       4  -42.131328982  627.976989486
       1       5  -39.599191293  616.743076571
       1       6  -39.599191292  616.665602973
       1       7  -39.488546795  618.989401803
       1       8  -39.488546731  617.143513692
       1       9  -18.545594924  381.244020868
       1      10  -18.545594868  381.119476973
       1      11  -17.814946813  364.769169365
       1      12  -17.814946809  364.803985263
       1      13  -10.273786883  296.179903838
       1      14  -10.273786860  294.761234338
       1      15   -9.040023136  347.248495271
       1      16   -9.040023074  349.243589913
       1      17   -8.913911630  283.173712706
       1      18   -8.913911592  285.051580466
       1      19   -7.742975455  367.857941249
       1      20   -7.742975393  370.743001869
       1      21   -7.005216911  348.897839872
       1      22   -7.005216732  348.399717897
       1      23   -6.681848785  248.785776764
       1      24   -6.681848776  249.930179044
       1      25   -6.090471170  287.531990564
       1      26   -6.090470808  287.577012001
       1      27   -3.159535522  352.083272674
       1      28   -3.159535281  347.899800564
       1      29   -2.958530894  340.469055150
       1      30   -2.958530530  335.570077920
       1      31   -2.356343131  331.909599781
       1      32   -2.356342909  328.642433598
       1      33   -1.544754998  471.706710688
       1      34   -1.544754746  467.879263049
       1      35    2.988142809  259.481156483
       1      36    2.988142850  260.347990520
       1      37    3.659472243  569.983947681
       1      38    3.659472243  569.089858962
       1      39    4.172691712  407.585644068
       1      40    4.172691773  389.396679525
       1      41    5.105827235  234.847443384
       1      42    5.105827288  246.008052207
       1      43    5.443099613  135.886447480
       1      44    5.443099619  134.567630820
       1      45    7.036411098  294.733223589
       1      46    7.036411142  294.798427154
       1      47    7.073965129  338.070845210
       1      48    7.073965155  338.197147057
       1      49    7.695936160  416.321236431
       1      50    7.695936162  416.406477343
       1      51    8.343076241  361.724295223
       1      52    8.343076289  361.692893705
       1      53    9.010863403  316.485985636
       1      54    9.010863514  316.414202787
       1      55    9.168314613  372.882595603
       1      56    9.168315009  373.214783458
       1      57    9.744862080  284.717372384
       1      58    9.744862412  285.101191940
       1      59   11.947327893  382.460566361
       1      60   11.947327898  382.704278080
       1      61   13.618537403  208.716509305
       1      62   13.618537448  208.716118755
       1      63   14.678974628  188.019894993
       1      64   14.678974632  188.041617071
       1      65   15.052265588  202.113209171
       1      66   15.052265595  202.100896634
       1      67   15.463580014  189.982959479
       1      68   15.463580143  190.010510287
       1      69   16.411336106  253.953390572
       1      70   16.411336233  254.009516454
       1      71   17.173076121  175.055671787
       1      72   17.173076354  175.131112194
       1      73   17.227111708  255.445873185
       1      74   17.227111733  255.463783422
       1      75   17.405585577  351.734450291
       1      76   17.405585715  351.698648213
       1      77   18.119932191  243.108526601
       1      78   18.119932211  243.089916185
       1      79   18.871777620  309.399482316
       1      80   18.871777682  309.509550321
  0.750000000  0.500000000  0.000000000      80
       1       1  -65.417328124  596.767422906
       1       2  -65.417324755  597.028169099
       1       3  -42.193634291  623.107696814
       1       4  -42.176491180  623.541269019
       1       5  -39.680493805  612.518042941
       1       6  -39.655725970  610.098571802
       1       7  -39.554530267  613.891931770
       1       8  -39.554295990  611.236464459
       1       9  -17.542968828  391.124136314
       1      10  -17.497705421  390.494912400
       1      11  -17.350880273  383.012779222
       1      12  -17.347335036  382.914638140
       1      13  -10.414182076  275.791080385
       1      14  -10.411111800  276.346947506
       1      15  -10.256671201  358.565859094
       1      16  -10.244496224  360.677686728
       1      17   -8.880047140  282.602382708
       1      18   -8.874788894  278.917960495
       1      19   -8.614033714  289.014499246
       1      20   -8.594771480  289.491016283
       1      21   -8.253968130  293.521235987
       1      22   -8.197634372  293.217930889
       1      23   -7.025826181  261.959657868
       1      24   -7.015219537  262.102470376
       1      25   -5.866701511  366.810332812
       1      26   -5.764601377  365.348900023
       1      27   -3.122793877  315.646327983
       1      28   -3.115173304  316.742906634
       1      29   -2.459113609  352.477214198
       1      30   -2.357936094  352.485224404
       1      31   -2.253664581  488.281752836
       1      32   -2.243337763  491.587090994
       1      33   -0.709827769  228.738608848
       1      34   -0.671568368  225.397902821
       1      35    2.451113889  232.800388997
       1      36    2.497411620  219.661525132
       1      37    3.430205221  335.856756395
       1      38    3.487441363  336.106434328
       1      39    4.217237293  247.386986130
       1      40    4.222817177  247.673736696
       1      41    5.465546657  227.518020728
       1      42    5.488103827  205.599840065
       1      43    5.561694040  521.703236467
       1      44    5.581402055  466.830817091
       1      45    6.314424664  367.569518448
       1      46    6.361276456  365.344098774
       1      47    7.315107222  339.713198575
       1      48    7.320453765  339.494553705
       1      49    7.482273673  400.331096134
       1      50    7.496471346  399.772068099
       1      51    8.622704181  279.996726570
       1      52    8.633636595  278.363387249
       1      53    9.051184527  196.995494803
       1      54    9.058917233  198.389581965
       1      55   10.348222159  253.161021299
       1      56   10.383545161  257.628838107
       1      57   11.702896369  212.015346656
       1      58   11.731257662  215.874803882
       1      59   13.311682827  259.996555571
       1      60   13.328272713  252.428573698
       1      61   13.409896669  235.306082496
       1      62   13.412506678  234.722539255
       1      63   14.871502539  272.093953890
       1      64   14.904698980  221.393792114
       1      65   14.905608144  207.679565922
       1      66   14.940302970  284.563134714
       1      67   15.691554126  143.882480999
       1      68   15.692757141  144.391515678
       1      69   16.314828300  296.348380941
       1      70   16.374955476  305.586413590
       1      71   16.849958958  235.873188056
       1      72   16.865820260  230.946181293
       1      73   17.050169022  369.815371439
       1      74   17.063160432  370.240692170
       1      75   17.929813199  271.892507438
       1      76   17.935484824  268.619308805
       1      77   18.821938134  158.883136260
       1      78   18.822482125  158.694564220
       1      79   19.468099686  308.455889889
       1      80   19.478335977  309.894614568
  0.750000000  0.750000000  0.000000000      80
       1       1  -65.417328508  586.408046034
       1       2  -65.417325139  587.312011149
       1       3  -42.193634044  619.190906720
       1       4  -42.176490881  619.034923718
       1       5  -39.680493866  617.659683684
       1       6  -39.655726195  612.990064740
       1       7  -39.554529208  600.338375719
       1       8  -39.554295165  596.599419999
       1       9  -17.542970829  389.692478508
       1      10  -17.497707451  388.925958913
       1      11  -17.350886522  378.744664220
       1      12  -17.347341285  378.609503092
       1      13  -10.414176254  276.537012097
       1      14  -10.411106309  274.677445305
       1      15  -10.256660282  285.890989962
       1      16  -10.244485221  286.387857682
       1      17   -8.880047145  284.529739514
       1      18   -8.874788741  279.987163130
       1      19   -8.614033867  321.972963953
       1      20   -8.594771752  320.685616772
       1      21   -8.253971198  293.087696609
       1      22   -8.197637531  293.050175799
       1      23   -7.025828378  276.471600766
       1      24   -7.015221615  277.670590597
       1      25   -5.866696060  384.142022915
       1      26   -5.764595658  383.282076287
       1      27   -3.122798271  268.164465833
       1      28   -3.115176687  274.733587297
       1      29   -2.459133356  310.514991576
       1      30   -2.357954624  320.838946563
       1      31   -2.253669679  280.615766885
       1      32   -2.243342906  282.904407004
       1      33   -0.709808795  397.721062086
       1      34   -0.671549298  390.848467247
       1      35    2.451122079  213.042113874
       1      36    2.497418181  211.080026813
       1      37    3.430205868  220.536518069
       1      38    3.487443869  211.174018502
       1      39    4.217254370  262.572685055
       1      40    4.222834237  265.336230709
       1      41    5.465538683  208.967769746
       1      42    5.488095603  215.252500604
       1      43    5.561688793  166.281086714
       1      44    5.581396488  171.525429745
       1      45    6.314451040  372.286261883
       1      46    6.361302288  369.915217006
       1      47    7.315096767  337.656029326
       1      48    7.320442963  337.609163472
       1      49    7.482272470  400.642030915
       1      50    7.496469972  400.048527767
       1      51    8.622711564  278.864424521
       1      52    8.633644043  277.245189401
       1      53    9.051175789  204.269553006
       1      54    9.058908412  205.640205332
       1      55   10.348222214  247.857249992
       1      56   10.383544716  252.134274420
       1      57   11.702902565  214.512929265
       1      58   11.731264198  218.254945739
       1      59   13.311677513  262.167165360
       1      60   13.328268045  254.988810025
       1      61   13.409888314  227.379311295
       1      62   13.412498359  226.890075356
       1      63   14.871480255  261.804154227
       1      64   14.904692154  224.007381676
       1      65   14.905604737  213.533395974
       1      66   14.940278249  270.350515511
       1      67   15.691549376  136.490142726
       1      68   15.692752283  136.942955966
       1      69   16.314830562  301.510257812
       1      70   16.374957974  311.717271609
       1      71   16.849955947  240.907862342
       1      72   16.865816973  235.724842621
       1      73   17.050138869  368.035621546
       1      74   17.063130357  368.647345053
       1      75   17.929793123  271.356677713
       1      76   17.935465278  267.706730291
       1      77   18.821933932  172.451494353
       1      78   18.822477933  172.351370206
       1      79   19.468108530  317.541420587
       1      80   19.478345631  318.936373823
