# Generated by LORRAX 0.1.0 at 2026-07-11 09:25:44 UTC
  0.000000000  0.000000000  0.000000000      30
       1       1  -66.060191736  -75.992181593
       1       2  -66.060191736  -75.992290422
       1       3  -41.782007644  -47.466900721
       1       4  -41.782007644  -47.472297151
       1       5  -39.377763781  -44.686826450
       1       6  -39.377763781  -44.684610779
       1       7  -39.158299115  -43.510667871
       1       8  -39.158299115  -43.510644615
       1       9  -19.434594551  -22.041516378
       1      10  -19.434594551  -22.041472544
       1      11  -18.207170492  -20.200795278
       1      12  -18.207170492  -20.200790802
       1      13  -10.915038366  -10.201121706
       1      14  -10.915038366  -10.201081067
       1      15   -7.788309736   -5.505364876
       1      16   -7.788309736   -5.506477091
       1      17   -7.724953643   -5.508439419
       1      18   -7.724953643   -5.509893041
       1      19   -7.137726948   -5.776299549
       1      20   -7.137726948   -5.776383723
       1      21   -6.753142103   -4.281762614
       1      22   -6.753142103   -4.279928781
       1      23   -6.667987811   -4.029319159
       1      24   -6.667987811   -4.027829638
       1      25   -5.362751539   -2.719489354
       1      26   -5.362751539   -2.719586906
       1      27   -2.572545035    2.541258726
       1      28   -2.572545035    2.538226124
       1      29   -2.495091071    2.807736301
       1      30   -2.495091071    2.809123925
  0.000000000  0.333333333  0.000000000      30
       1       1  -66.029997939  -76.078206851
       1       2  -66.029997939  -76.078102784
       1       3  -41.863236760  -45.234506176
       1       4  -41.863236712  -45.227040677
       1       5  -39.456867640  -46.318397600
       1       6  -39.456867631  -46.316738937
       1       7  -39.301753518  -44.325695090
       1       8  -39.301753466  -44.318952669
       1       9  -18.095628720  -20.019567656
       1      10  -18.095628712  -20.020017000
       1      11  -17.625296535  -19.391076013
       1      12  -17.625296533  -19.390910173
       1      13  -10.514493892   -9.704279196
       1      14  -10.514493832   -9.703608368
       1      15   -9.542166398   -8.458787661
       1      16   -9.542166343   -8.459301311
       1      17   -9.205317081   -7.956855259
       1      18   -9.205317017   -7.957068780
       1      19   -8.082841420   -5.936947886
       1      20   -8.082841293   -5.936741977
       1      21   -7.032539919   -5.370474967
       1      22   -7.032539899   -5.370245411
       1      23   -6.570320544   -4.296733905
       1      24   -6.570317489   -4.287511102
       1      25   -6.264701704   -3.825058814
       1      26   -6.264698330   -3.814618385
       1      27   -3.034353301    1.733537752
       1      28   -3.034350595    1.755150513
       1      29   -2.930765738    1.544987041
       1      30   -2.930762661    1.568858625
  0.000000000  0.666666667  0.000000000      30
       1       1  -66.029997939  -76.078206851
       1       2  -66.029997939  -76.078102784
       1       3  -41.863236760  -45.234506176
       1       4  -41.863236712  -45.227040677
       1       5  -39.456867640  -46.318397600
       1       6  -39.456867631  -46.316738937
       1       7  -39.301753518  -44.325695090
       1       8  -39.301753466  -44.318952669
       1       9  -18.095628720  -20.019567656
       1      10  -18.095628712  -20.020017000
       1      11  -17.625296535  -19.391076013
       1      12  -17.625296533  -19.390910173
       1      13  -10.514493892   -9.704279196
       1      14  -10.514493832   -9.703608368
       1      15   -9.542166398   -8.458787661
       1      16   -9.542166343   -8.459301311
       1      17   -9.205317081   -7.956855259
       1      18   -9.205317017   -7.957068780
       1      19   -8.082841420   -5.936947886
       1      20   -8.082841293   -5.936741977
       1      21   -7.032539919   -5.370474967
       1      22   -7.032539899   -5.370245411
       1      23   -6.570320544   -4.296733905
       1      24   -6.570317489   -4.287511102
       1      25   -6.264701704   -3.825058814
       1      26   -6.264698330   -3.814618385
       1      27   -3.034353301    1.733537752
       1      28   -3.034350595    1.755150513
       1      29   -2.930765738    1.544987041
       1      30   -2.930762661    1.568858625
  0.333333333  0.000000000  0.000000000      30
       1       1  -66.029998072  -75.902060819
       1       2  -66.029998072  -75.901777681
       1       3  -41.863236502  -45.276472407
       1       4  -41.863236496  -45.278194333
       1       5  -39.456867858  -45.125781720
       1       6  -39.456867858  -45.126622091
       1       7  -39.301752508  -45.629581419
       1       8  -39.301752505  -45.629189045
       1       9  -18.095631198  -19.938024614
       1      10  -18.095631138  -19.937459085
       1      11  -17.625298767  -19.258380699
       1      12  -17.625298760  -19.258046255
       1      13  -10.514494445   -9.639201372
       1      14  -10.514494348   -9.638948581
       1      15   -9.542167198   -8.277945430
       1      16   -9.542167137   -8.277804983
       1      17   -9.205321385   -7.816274435
       1      18   -9.205321355   -7.815585491
       1      19   -8.082833170   -6.270164645
       1      20   -8.082833051   -6.268824899
       1      21   -7.032541572   -5.263583201
       1      22   -7.032541569   -5.263481947
       1      23   -6.570312654   -4.333015788
       1      24   -6.570310775   -4.333715032
       1      25   -6.264703066   -3.921465547
       1      26   -6.264700996   -3.923107805
       1      27   -3.034350023    1.776170297
       1      28   -3.034348394    1.802188983
       1      29   -2.930765589    1.634215465
       1      30   -2.930763651    1.659010164
  0.333333333  0.333333333  0.000000000      30
       1       1  -66.014993819  -75.870013195
       1       2  -66.014990985  -75.870073640
       1       3  -41.914529390  -45.269293851
       1       4  -41.891920149  -45.374705639
       1       5  -39.475755621  -45.537293370
       1       6  -39.427907425  -45.680229452
       1       7  -39.426906748  -45.306418515
       1       8  -39.411056963  -45.342017001
       1       9  -17.261984725  -18.691643429
       1      10  -17.217618552  -18.700819816
       1      11  -17.213907917  -18.702112865
       1      12  -17.201962726  -18.684377239
       1      13  -10.726245865   -9.972517129
       1      14  -10.718456938   -9.963876089
       1      15   -9.976669775   -9.062947974
       1      16   -9.941233028   -9.060772683
       1      17   -9.426638359   -8.302188726
       1      18   -9.372141493   -8.284255180
       1      19   -8.847986298   -7.269274429
       1      20   -8.827111483   -7.238165241
       1      21   -8.308532881   -6.851531711
       1      22   -8.258880877   -6.869344207
       1      23   -7.566233542   -5.460582979
       1      24   -7.543019619   -5.485308610
       1      25   -5.307443486   -2.450584616
       1      26   -5.163122574   -2.584818380
       1      27   -3.501037732    1.230380554
       1      28   -3.498772375    1.235773145
       1      29   -2.360124125    2.853377042
       1      30   -2.326972709    2.848520960
  0.333333333  0.666666667  0.000000000      30
       1       1  -66.029997850  -75.845617481
       1       2  -66.029997850  -75.844755040
       1       3  -41.863236865  -45.277160697
       1       4  -41.863236823  -45.278871354
       1       5  -39.456867152  -44.935490880
       1       6  -39.456867144  -44.936369523
       1       7  -39.301754458  -45.702740103
       1       8  -39.301754408  -45.705074721
       1       9  -18.095629376  -20.068837055
       1      10  -18.095629325  -20.069254979
       1      11  -17.625290715  -19.312771040
       1      12  -17.625290711  -19.313089942
       1      13  -10.514493407   -9.659404823
       1      14  -10.514493370   -9.659496364
       1      15   -9.542165394   -8.429669766
       1      16   -9.542165387   -8.429769148
       1      17   -9.205319448   -7.845263069
       1      18   -9.205319413   -7.845619430
       1      19   -8.082859348   -6.099595402
       1      20   -8.082859340   -6.099764315
       1      21   -7.032534607   -5.208384961
       1      22   -7.032534584   -5.208549939
       1      23   -6.570325057   -4.295104651
       1      24   -6.570323881   -4.295355223
       1      25   -6.264686878   -3.809574503
       1      26   -6.264685574   -3.809974672
       1      27   -3.034355808    1.861992609
       1      28   -3.034354731    1.856812984
       1      29   -2.930767335    1.737479705
       1      30   -2.930766196    1.731928910
  0.666666667 -0.000000000  0.000000000      30
       1       1  -66.029998072  -75.902060819
       1       2  -66.029998072  -75.901777681
       1       3  -41.863236502  -45.276472407
       1       4  -41.863236496  -45.278194333
       1       5  -39.456867858  -45.125781720
       1       6  -39.456867858  -45.126622091
       1       7  -39.301752508  -45.629581419
       1       8  -39.301752505  -45.629189045
       1       9  -18.095631198  -19.938024614
       1      10  -18.095631138  -19.937459085
       1      11  -17.625298767  -19.258380699
       1      12  -17.625298760  -19.258046255
       1      13  -10.514494445   -9.639201372
       1      14  -10.514494348   -9.638948581
       1      15   -9.542167198   -8.277945430
       1      16   -9.542167137   -8.277804983
       1      17   -9.205321385   -7.816274435
       1      18   -9.205321355   -7.815585491
       1      19   -8.082833170   -6.270164645
       1      20   -8.082833051   -6.268824899
       1      21   -7.032541572   -5.263583201
       1      22   -7.032541569   -5.263481947
       1      23   -6.570312654   -4.333015788
       1      24   -6.570310775   -4.333715032
       1      25   -6.264703066   -3.921465547
       1      26   -6.264700996   -3.923107805
       1      27   -3.034350023    1.776170297
       1      28   -3.034348394    1.802188983
       1      29   -2.930765589    1.634215465
       1      30   -2.930763651    1.659010164
  0.666666667  0.333333333  0.000000000      30
       1       1  -66.029997850  -75.845617481
       1       2  -66.029997850  -75.844755040
       1       3  -41.863236865  -45.277160697
       1       4  -41.863236823  -45.278871354
       1       5  -39.456867152  -44.935490880
       1       6  -39.456867144  -44.936369523
       1       7  -39.301754458  -45.702740103
       1       8  -39.301754408  -45.705074721
       1       9  -18.095629376  -20.068837055
       1      10  -18.095629325  -20.069254979
       1      11  -17.625290715  -19.312771040
       1      12  -17.625290711  -19.313089942
       1      13  -10.514493407   -9.659404823
       1      14  -10.514493370   -9.659496364
       1      15   -9.542165394   -8.429669766
       1      16   -9.542165387   -8.429769148
       1      17   -9.205319448   -7.845263069
       1      18   -9.205319413   -7.845619430
       1      19   -8.082859348   -6.099595402
       1      20   -8.082859340   -6.099764315
       1      21   -7.032534607   -5.208384961
       1      22   -7.032534584   -5.208549939
       1      23   -6.570325057   -4.295104651
       1      24   -6.570323881   -4.295355223
       1      25   -6.264686878   -3.809574503
       1      26   -6.264685574   -3.809974672
       1      27   -3.034355808    1.861992609
       1      28   -3.034354731    1.856812984
       1      29   -2.930767335    1.737479705
       1      30   -2.930766196    1.731928910
  0.666666667  0.666666667  0.000000000      30
       1       1  -66.014993819  -75.870013195
       1       2  -66.014990985  -75.870073640
       1       3  -41.914529390  -45.269293851
       1       4  -41.891920149  -45.374705639
       1       5  -39.475755621  -45.537293370
       1       6  -39.427907425  -45.680229452
       1       7  -39.426906748  -45.306418515
       1       8  -39.411056963  -45.342017001
       1       9  -17.261984725  -18.691643429
       1      10  -17.217618552  -18.700819816
       1      11  -17.213907917  -18.702112865
       1      12  -17.201962726  -18.684377239
       1      13  -10.726245865   -9.972517129
       1      14  -10.718456938   -9.963876089
       1      15   -9.976669775   -9.062947974
       1      16   -9.941233028   -9.060772683
       1      17   -9.426638359   -8.302188726
       1      18   -9.372141493   -8.284255180
       1      19   -8.847986298   -7.269274429
       1      20   -8.827111483   -7.238165241
       1      21   -8.308532881   -6.851531711
       1      22   -8.258880877   -6.869344207
       1      23   -7.566233542   -5.460582979
       1      24   -7.543019619   -5.485308610
       1      25   -5.307443486   -2.450584616
       1      26   -5.163122574   -2.584818380
       1      27   -3.501037732    1.230380554
       1      28   -3.498772375    1.235773145
       1      29   -2.360124125    2.853377042
       1      30   -2.326972709    2.848520960
