# Generated by LORRAX unknown at 2026-07-21 07:43:14 UTC
  0.000000000  0.000000000  0.000000000      80
       1       1  -65.461080000  585.449355242
       1       2  -65.461080000  585.449355242
       1       3  -42.076878476  606.462196605
       1       4  -42.076878476  606.462196605
       1       5  -39.554728243  595.806997664
       1       6  -39.554728243  595.806997664
       1       7  -39.383435310  607.127996905
       1       8  -39.383435310  607.127996905
       1       9  -19.374135150  372.377340756
       1      10  -19.374135150  372.377340756
       1      11  -18.177279202  343.471607977
       1      12  -18.177279202  343.471607977
       1      13  -10.875836699  396.020028004
       1      14  -10.875836699  396.020028004
       1      15   -7.861773930  515.523297469
       1      16   -7.861773930  515.523297469
       1      17   -7.802674544  510.227643599
       1      18   -7.802674544  510.227643602
       1      19   -7.121961704  308.440149669
       1      20   -7.121961704  308.440149670
       1      21   -6.780841091  484.547110124
       1      22   -6.780841091  484.547110119
       1      23   -6.699897224  483.779621441
       1      24   -6.699897224  483.779621434
       1      25   -5.381421473  438.390125870
       1      26   -5.381421473  438.390125878
       1      27   -2.574766637  452.871238654
       1      28   -2.574766637  452.871238653
       1      29   -2.498945418  450.895847354
       1      30   -2.498945418  450.895847354
       1      31   -2.333878760  433.433608199
       1      32   -2.333878760  433.433608198
       1      33   -2.325689751  431.614187898
       1      34   -2.325689751  431.614187897
       1      35    1.102384887  442.024942808
       1      36    1.102384887  442.024942807
       1      37    3.746505276  342.602511925
       1      38    3.746505276  342.602511923
       1      39    3.953429837  182.828057909
       1      40    3.953429837  182.828057905
       1      41    4.786070156   82.306648270
       1      42    4.786070156   82.306648268
       1      43    5.517734412  381.216846829
       1      44    5.517734412  381.216846846
       1      45    5.594437696  379.498056278
       1      46    5.594437696  379.498056269
       1      47    7.492860389  360.514710439
       1      48    7.492860389  360.514710462
       1      49    7.510373621  361.727565764
       1      50    7.510373621  361.727565801
       1      51    7.663743489  308.541467915
       1      52    7.663743489  308.541467907
       1      53   10.772983484  349.021525534
       1      54   10.772983484  349.021525529
       1      55   10.787583668  349.203984521
       1      56   10.787583668  349.203984405
       1      57   10.866953358  377.769611414
       1      58   10.866953358  377.769611411
       1      59   11.110949599  365.281975167
       1      60   11.110949599  365.281975172
       1      61   11.117844294  365.208953474
       1      62   11.117844294  365.208953467
       1      63   11.239117863  246.633170729
       1      64   11.239117863  246.633170727
       1      65   14.037417462  202.657596463
       1      66   14.037417462  202.657596462
       1      67   14.279780383  168.408708089
       1      68   14.279780383  168.408708064
       1      69   14.666693328  263.078913148
       1      70   14.666693328  263.078913155
       1      71   16.070604130  193.605163441
       1      72   16.070604130  193.605163429
       1      73   18.074525667  327.512893607
       1      74   18.074525667  327.512893314
       1      75   18.251233323  316.749066978
       1      76   18.251233323  316.749067041
       1      77   20.602106180  231.007715885
       1      78   20.602106180  231.007715958
       1      79   20.830551792  181.913435592
       1      80   20.830551792  181.913435143
  0.000000000  0.250000000  0.000000000      80
       1       1  -65.453278892  584.233221299
       1       2  -65.453278892  584.233285796
       1       3  -42.131328983  606.336069102
       1       4  -42.131328932  606.336493510
       1       5  -39.599192178  597.290710144
       1       6  -39.599192177  597.290595337
       1       7  -39.488545575  603.630387160
       1       8  -39.488545507  603.631052583
       1       9  -18.545594641  373.945189437
       1      10  -18.545594635  373.945058073
       1      11  -17.814950337  354.284256274
       1      12  -17.814950335  354.284213748
       1      13  -10.273785240  418.913585554
       1      14  -10.273785107  418.913635457
       1      15   -9.040022761  417.597498803
       1      16   -9.040022590  417.596998090
       1      17   -8.913920251  402.242736268
       1      18   -8.913920150  402.242371250
       1      19   -7.742955985  470.235091702
       1      20   -7.742955884  470.234681808
       1      21   -7.005213941  475.640700516
       1      22   -7.005213736  475.642014086
       1      23   -6.681849591  327.035052668
       1      24   -6.681849496  327.035241469
       1      25   -6.090483934  475.637524110
       1      26   -6.090483252  475.638926299
       1      27   -3.159537154  453.394907374
       1      28   -3.159534698  453.389619445
       1      29   -2.958523249  480.447464867
       1      30   -2.958520311  480.442424899
       1      31   -2.356331498  477.729335431
       1      32   -2.356330688  477.729587486
       1      33   -1.544765703  462.231277484
       1      34   -1.544764908  462.231156529
       1      35    2.988144870  360.002863530
       1      36    2.988144989  360.002763988
       1      37    3.659469223  317.690184043
       1      38    3.659469276  317.690039854
       1      39    4.172687694  384.421233531
       1      40    4.172687801  384.423350945
       1      41    5.105824477  297.720507361
       1      42    5.105824772  297.720845340
       1      43    5.443105188  190.379091896
       1      44    5.443105210  190.378537913
       1      45    7.036408418  301.098825176
       1      46    7.036408507  301.098468501
       1      47    7.073964237  329.760809225
       1      48    7.073964292  329.759827846
       1      49    7.695937685  400.426446587
       1      50    7.695938145  400.423753485
       1      51    8.343084959  350.506911722
       1      52    8.343085030  350.507246451
       1      53    9.010855818  324.168037032
       1      54    9.010855958  324.168283532
       1      55    9.168321373  370.234980605
       1      56    9.168322058  370.236539331
       1      57    9.744848238  301.435326712
       1      58    9.744848836  301.437912606
       1      59   11.947323065  367.387732600
       1      60   11.947323152  367.387558838
       1      61   13.618535270  207.294122447
       1      62   13.618535414  207.294063858
       1      63   14.678965991  200.016753716
       1      64   14.678966081  200.016008045
       1      65   15.052261908  206.464931434
       1      66   15.052261912  206.465669484
       1      67   15.463571707  206.008621350
       1      68   15.463572368  206.007111682
       1      69   16.411347818  245.921422046
       1      70   16.411348153  245.922302349
       1      71   17.173077952  215.209893690
       1      72   17.173078670  215.217728813
       1      73   17.227103106  257.066301754
       1      74   17.227103263  257.067243755
       1      75   17.405600714  343.883741450
       1      76   17.405601967  343.889043637
       1      77   18.119939359  252.462595788
       1      78   18.119939400  252.462470773
       1      79   18.871758809  324.722934798
       1      80   18.871758935  324.723262948
  0.000000000  0.500000000  0.000000000      80
       1       1  -65.477445934  585.433090514
       1       2  -65.477445934  585.433090514
       1       3  -42.193944935  605.839703527
       1       4  -42.193944935  605.839703527
       1       5  -39.711107317  599.382765373
       1       6  -39.711107317  599.382765373
       1       7  -39.522589136  599.528001757
       1       8  -39.522589136  599.528001757
       1       9  -17.492720431  381.063477482
       1      10  -17.492720431  381.063477483
       1      11  -17.372839417  369.658411368
       1      12  -17.372839417  369.658411368
       1      13  -11.071771944  392.498592495
       1      14  -11.071771944  392.498592495
       1      15  -10.176263111  370.929750431
       1      16  -10.176263111  370.929750431
       1      17   -9.396196708  411.181963601
       1      18   -9.396196708  411.181963602
       1      19   -8.435165143  463.256807791
       1      20   -8.435165143  463.256807789
       1      21   -7.287408574  339.343043474
       1      22   -7.287408574  339.343043474
       1      23   -6.229798334  399.016269134
       1      24   -6.229798334  399.016269135
       1      25   -5.959237052  448.358839269
       1      26   -5.959237052  448.358839268
       1      27   -3.034071693  589.517949046
       1      28   -3.034071693  589.517949044
       1      29   -2.519587636  547.173279876
       1      30   -2.519587636  547.173279874
       1      31   -1.441695794  455.200153791
       1      32   -1.441695794  455.200153792
       1      33   -1.050195944  457.371694919
       1      34   -1.050195944  457.371694915
       1      35    1.140216885  364.878353929
       1      36    1.140216885  364.878353934
       1      37    2.591007717  347.028300371
       1      38    2.591007717  347.028300373
       1      39    3.229689567  356.366146620
       1      40    3.229689567  356.366146620
       1      41    4.445879459  273.362299570
       1      42    4.445879459  273.362299578
       1      43    4.996113620  315.483945167
       1      44    4.996113620  315.483945165
       1      45    6.026334628  393.132205742
       1      46    6.026334628  393.132205742
       1      47    8.332092030  142.236574969
       1      48    8.332092030  142.236574964
       1      49    9.010773350  270.119691266
       1      50    9.010773350  270.119691263
       1      51   10.399257312  211.972599960
       1      52   10.399257312  211.972599961
       1      53   10.413666434  313.527206958
       1      54   10.413666434  313.527206955
       1      55   11.858639273  254.423454315
       1      56   11.858639273  254.423454300
       1      57   12.088195783  402.345274539
       1      58   12.088195783  402.345274543
       1      59   12.797673128  399.471071719
       1      60   12.797673128  399.471071718
       1      61   13.423921016  262.239101860
       1      62   13.423921016  262.239101837
       1      63   14.113075385  294.865065100
       1      64   14.113075385  294.865065107
       1      65   14.601987728  331.930232191
       1      66   14.601987728  331.930232199
       1      67   15.013668203  304.288963348
       1      68   15.013668203  304.288963357
       1      69   15.665351492  290.579627610
       1      70   15.665351492  290.579627618
       1      71   16.403686934  220.244034504
       1      72   16.403686934  220.244034454
       1      73   16.425572006  239.570944027
       1      74   16.425572006  239.570944063
       1      75   18.893628781  286.306677913
       1      76   18.893628781  286.306677926
       1      77   18.952806008  410.285296108
       1      78   18.952806008  410.285296148
       1      79   19.525776815  130.908093631
       1      80   19.525776815  130.908093413
  0.000000000  0.750000000  0.000000000      80
       1       1  -65.453278892  584.233221299
       1       2  -65.453278892  584.233285796
       1       3  -42.131328983  606.336069102
       1       4  -42.131328932  606.336493510
       1       5  -39.599192178  597.290710144
       1       6  -39.599192177  597.290595337
       1       7  -39.488545575  603.630387160
       1       8  -39.488545507  603.631052583
       1       9  -18.545594641  373.945189437
       1      10  -18.545594635  373.945058073
       1      11  -17.814950337  354.284256274
       1      12  -17.814950335  354.284213748
       1      13  -10.273785240  418.913585554
       1      14  -10.273785107  418.913635457
       1      15   -9.040022761  417.597498803
       1      16   -9.040022590  417.596998090
       1      17   -8.913920251  402.242736268
       1      18   -8.913920150  402.242371250
       1      19   -7.742955985  470.235091702
       1      20   -7.742955884  470.234681808
       1      21   -7.005213941  475.640700516
       1      22   -7.005213736  475.642014086
       1      23   -6.681849591  327.035052668
       1      24   -6.681849496  327.035241469
       1      25   -6.090483934  475.637524110
       1      26   -6.090483252  475.638926299
       1      27   -3.159537154  453.394907374
       1      28   -3.159534698  453.389619445
       1      29   -2.958523249  480.447464867
       1      30   -2.958520311  480.442424899
       1      31   -2.356331498  477.729335431
       1      32   -2.356330688  477.729587486
       1      33   -1.544765703  462.231277484
       1      34   -1.544764908  462.231156529
       1      35    2.988144870  360.002863530
       1      36    2.988144989  360.002763988
       1      37    3.659469223  317.690184043
       1      38    3.659469276  317.690039854
       1      39    4.172687694  384.421233531
       1      40    4.172687801  384.423350945
       1      41    5.105824477  297.720507361
       1      42    5.105824772  297.720845340
       1      43    5.443105188  190.379091896
       1      44    5.443105210  190.378537913
       1      45    7.036408418  301.098825176
       1      46    7.036408507  301.098468501
       1      47    7.073964237  329.760809225
       1      48    7.073964292  329.759827846
       1      49    7.695937685  400.426446587
       1      50    7.695938145  400.423753485
       1      51    8.343084959  350.506911722
       1      52    8.343085030  350.507246451
       1      53    9.010855818  324.168037032
       1      54    9.010855958  324.168283532
       1      55    9.168321373  370.234980605
       1      56    9.168322058  370.236539331
       1      57    9.744848238  301.435326712
       1      58    9.744848836  301.437912606
       1      59   11.947323065  367.387732600
       1      60   11.947323152  367.387558838
       1      61   13.618535270  207.294122447
       1      62   13.618535414  207.294063858
       1      63   14.678965991  200.016753716
       1      64   14.678966081  200.016008045
       1      65   15.052261908  206.464931434
       1      66   15.052261912  206.465669484
       1      67   15.463571707  206.008621350
       1      68   15.463572368  206.007111682
       1      69   16.411347818  245.921422046
       1      70   16.411348153  245.922302349
       1      71   17.173077952  215.209893690
       1      72   17.173078670  215.217728813
       1      73   17.227103106  257.066301754
       1      74   17.227103263  257.067243755
       1      75   17.405600714  343.883741450
       1      76   17.405601967  343.889043637
       1      77   18.119939359  252.462595788
       1      78   18.119939400  252.462470773
       1      79   18.871758809  324.722934798
       1      80   18.871758935  324.723262948
  0.250000000 -0.000000000  0.000000000      80
       1       1  -65.453278983  584.469441637
       1       2  -65.453278983  584.469427960
       1       3  -42.131328807  606.316198533
       1       4  -42.131328801  606.314724739
       1       5  -39.599192581  597.224237881
       1       6  -39.599192581  597.224276393
       1       7  -39.488544606  603.634500685
       1       8  -39.488544603  603.633386525
       1       9  -18.545596167  373.974953244
       1      10  -18.545596105  373.974812510
       1      11  -17.814951676  354.291006540
       1      12  -17.814951670  354.290957406
       1      13  -10.273785576  419.303236162
       1      14  -10.273785465  419.303501722
       1      15   -9.040027537  417.479558792
       1      16   -9.040027428  417.479645189
       1      17   -8.913921936  402.066172482
       1      18   -8.913921797  402.065704706
       1      19   -7.742949212  469.724107235
       1      20   -7.742949049  469.723516950
       1      21   -7.005206860  475.263864872
       1      22   -7.005206835  475.264292328
       1      23   -6.681851175  327.754427518
       1      24   -6.681851088  327.754469766
       1      25   -6.090485925  475.691919962
       1      26   -6.090485606  475.692679442
       1      27   -3.159539248  453.759817559
       1      28   -3.159537032  453.758023629
       1      29   -2.958517456  480.488882501
       1      30   -2.958514881  480.487372546
       1      31   -2.356331235  477.628875501
       1      32   -2.356330648  477.628759837
       1      33   -1.544762461  461.574803765
       1      34   -1.544761918  461.574559215
       1      35    2.988149811  359.444766670
       1      36    2.988149971  359.444784050
       1      37    3.659468267  317.015452595
       1      38    3.659468322  317.015698068
       1      39    4.172679357  385.019905043
       1      40    4.172679524  385.019938822
       1      41    5.105821778  297.265249095
       1      42    5.105822020  297.265088566
       1      43    5.443106299  190.893174814
       1      44    5.443106326  190.892921600
       1      45    7.036403998  301.735365529
       1      46    7.036404131  301.734920744
       1      47    7.073958115  329.420176026
       1      48    7.073958196  329.420953510
       1      49    7.695945270  400.506210635
       1      50    7.695945733  400.507170513
       1      51    8.343094443  350.090730348
       1      52    8.343094467  350.090751443
       1      53    9.010852919  325.316111656
       1      54    9.010852949  325.315088099
       1      55    9.168328665  369.492728626
       1      56    9.168328954  369.494235749
       1      57    9.744844980  302.700637465
       1      58    9.744845246  302.700999095
       1      59   11.947328796  365.053154558
       1      60   11.947328878  365.053450762
       1      61   13.618533482  209.466817346
       1      62   13.618533671  209.466259190
       1      63   14.678963355  205.844436343
       1      64   14.678963449  205.848355151
       1      65   15.052256131  206.455255885
       1      66   15.052256133  206.455328832
       1      67   15.463562386  209.200060966
       1      68   15.463562918  209.201013437
       1      69   16.411346471  244.072094279
       1      70   16.411346677  244.072926946
       1      71   17.173077480  215.355898863
       1      72   17.173078431  215.362178775
       1      73   17.227092588  252.374768050
       1      74   17.227092770  252.376453487
       1      75   17.405611378  340.204870525
       1      76   17.405612769  340.207481564
       1      77   18.119933675  256.866943393
       1      78   18.119933737  256.866701676
       1      79   18.871746543  322.534542283
       1      80   18.871746607  322.533943177
  0.250000000  0.250000000  0.000000000      80
       1       1  -65.417328508  584.133180985
       1       2  -65.417325139  584.133021265
       1       3  -42.193634044  606.112630388
       1       4  -42.176490881  606.120282707
       1       5  -39.680493866  601.667308246
       1       6  -39.655726195  600.340308296
       1       7  -39.554529208  598.974964332
       1       8  -39.554295165  597.527186502
       1       9  -17.542970829  380.322545098
       1      10  -17.497707451  379.758431322
       1      11  -17.350886522  368.323740211
       1      12  -17.347341285  368.235326840
       1      13  -10.414176254  410.105762595
       1      14  -10.411106309  409.614461298
       1      15  -10.256660282  422.332570659
       1      16  -10.244485221  423.767818526
       1      17   -8.880047145  369.341477479
       1      18   -8.874788741  366.675882823
       1      19   -8.614033867  380.712865368
       1      20   -8.594771752  381.951777850
       1      21   -8.253971198  406.514521275
       1      22   -8.197637531  407.135718601
       1      23   -7.025828378  344.218699176
       1      24   -7.015221615  344.673643886
       1      25   -5.866696060  518.566933382
       1      26   -5.764595658  517.034675131
       1      27   -3.122798271  509.230998808
       1      28   -3.115176687  501.202694329
       1      29   -2.459133356  564.242177964
       1      30   -2.357954624  557.757130486
       1      31   -2.253669679  454.430531340
       1      32   -2.243342906  456.969307219
       1      33   -0.709808795  494.901153116
       1      34   -0.671549298  496.749535336
       1      35    2.451122079  368.032204364
       1      36    2.497418181  359.870804710
       1      37    3.430205868  349.401377447
       1      38    3.487443869  355.374688741
       1      39    4.217254370  301.627931375
       1      40    4.222834237  302.312013050
       1      41    5.465538683  320.492365886
       1      42    5.488095603  320.569905729
       1      43    5.561688793  290.486907068
       1      44    5.581396488  293.323683970
       1      45    6.314451040  358.137477316
       1      46    6.361302288  356.124003881
       1      47    7.315096767  340.253372718
       1      48    7.320442963  340.063539886
       1      49    7.482272470  389.130762651
       1      50    7.496469972  388.474670569
       1      51    8.622711564  280.741563858
       1      52    8.633644043  279.460707447
       1      53    9.051175789  222.954666632
       1      54    9.058908412  224.076581950
       1      55   10.348222214  266.653823206
       1      56   10.383544716  270.004358920
       1      57   11.702902565  226.901409728
       1      58   11.731264198  230.591090026
       1      59   13.311677513  278.615791945
       1      60   13.328268045  272.979227214
       1      61   13.409888314  249.562225891
       1      62   13.412498359  249.118740164
       1      63   14.871480255  289.005717734
       1      64   14.904692154  249.097344889
       1      65   14.905604737  238.778079181
       1      66   14.940278249  298.183025906
       1      67   15.691549376  167.929247028
       1      68   15.692752283  168.216622870
       1      69   16.314830562  311.502937042
       1      70   16.374957974  320.514855504
       1      71   16.849955947  245.370839194
       1      72   16.865816973  240.053765525
       1      73   17.050138869  377.058571759
       1      74   17.063130357  377.413377673
       1      75   17.929793123  273.804474041
       1      76   17.935465278  269.925767082
       1      77   18.821933932  174.903791659
       1      78   18.822477933  174.855985290
       1      79   19.468108530  339.356390901
       1      80   19.478345631  341.305736058
  0.250000000  0.500000000  0.000000000      80
       1       1  -65.417328124  584.433052710
       1       2  -65.417324755  584.432871237
       1       3  -42.193634291  605.978193268
       1       4  -42.176491180  606.135647432
       1       5  -39.680493805  601.426768414
       1       6  -39.655725970  600.270773625
       1       7  -39.554530267  599.008162635
       1       8  -39.554295990  597.553937307
       1       9  -17.542968828  380.249967546
       1      10  -17.497705421  379.657498834
       1      11  -17.350880273  368.179056070
       1      12  -17.347335036  368.091647823
       1      13  -10.414182076  410.707202423
       1      14  -10.411111800  410.221717454
       1      15  -10.256671201  422.665121661
       1      16  -10.244496224  424.097074904
       1      17   -8.880047140  369.716405821
       1      18   -8.874788894  367.120256555
       1      19   -8.614033714  380.753610063
       1      20   -8.594771480  381.960881430
       1      21   -8.253968130  405.877981100
       1      22   -8.197634372  406.440110474
       1      23   -7.025826181  344.369430777
       1      24   -7.015219537  344.856364588
       1      25   -5.866701511  518.448994616
       1      26   -5.764601377  516.896754577
       1      27   -3.122793877  509.348732361
       1      28   -3.115173304  501.268094665
       1      29   -2.459113609  563.524391440
       1      30   -2.357936094  557.022227551
       1      31   -2.253664581  453.858689638
       1      32   -2.243337763  456.393498883
       1      33   -0.709827769  495.543563610
       1      34   -0.671568368  497.401759998
       1      35    2.451113889  368.151944230
       1      36    2.497411620  359.996695446
       1      37    3.430205221  350.269933558
       1      38    3.487441363  356.147996115
       1      39    4.217237293  301.303743489
       1      40    4.222817177  301.987336452
       1      41    5.465546657  319.208548966
       1      42    5.488103827  319.138128717
       1      43    5.561694040  291.310734626
       1      44    5.581402055  293.909505196
       1      45    6.314424664  357.373898277
       1      46    6.361276456  355.222596225
       1      47    7.315107222  340.446347887
       1      48    7.320453765  340.273444228
       1      49    7.482273673  389.283213190
       1      50    7.496471346  388.587164070
       1      51    8.622704181  278.028717699
       1      52    8.633636595  276.661053572
       1      53    9.051184527  224.146256716
       1      54    9.058917233  225.327001361
       1      55   10.348222159  267.684109088
       1      56   10.383545161  271.072578489
       1      57   11.702896369  229.768332002
       1      58   11.731257662  233.489848789
       1      59   13.311682827  273.399021055
       1      60   13.328272713  267.677851212
       1      61   13.409896669  248.885146430
       1      62   13.412506678  248.440320029
       1      63   14.871502539  286.180479364
       1      64   14.904698980  242.917078799
       1      65   14.905608144  231.700971648
       1      66   14.940302970  296.590659406
       1      67   15.691554126  173.204191091
       1      68   15.692757141  173.497195034
       1      69   16.314828300  314.932074448
       1      70   16.374955476  323.834741714
       1      71   16.849958958  241.534312200
       1      72   16.865820260  236.241834123
       1      73   17.050169022  372.944789786
       1      74   17.063160432  373.281447708
       1      75   17.929813199  274.778068651
       1      76   17.935484824  270.909870787
       1      77   18.821938134  178.249102761
       1      78   18.822482125  178.187670506
       1      79   19.468099686  336.140898667
       1      80   19.478335977  337.940316504
  0.250000000  0.750000000  0.000000000      80
       1       1  -65.453278835  584.402534305
       1       2  -65.453278835  584.402347345
       1       3  -42.131329027  606.322275109
       1       4  -42.131328982  606.323707185
       1       5  -39.599191293  597.060728676
       1       6  -39.599191292  597.060665599
       1       7  -39.488546795  603.858347980
       1       8  -39.488546731  603.859888050
       1       9  -18.545594924  374.014336116
       1      10  -18.545594868  374.014406204
       1      11  -17.814946813  354.282416991
       1      12  -17.814946809  354.282440834
       1      13  -10.273786883  419.918484192
       1      14  -10.273786860  419.918199419
       1      15   -9.040023136  417.463229533
       1      16   -9.040023074  417.463097661
       1      17   -8.913911630  402.482509359
       1      18   -8.913911592  402.482547302
       1      19   -7.742975455  469.142641604
       1      20   -7.742975393  469.142668883
       1      21   -7.005216911  474.772142211
       1      22   -7.005216732  474.772569324
       1      23   -6.681848785  328.292856922
       1      24   -6.681848776  328.292949206
       1      25   -6.090471170  476.057833488
       1      26   -6.090470808  476.058337720
       1      27   -3.159535522  453.887734058
       1      28   -3.159535281  453.885283221
       1      29   -2.958530894  480.210964652
       1      30   -2.958530530  480.208528945
       1      31   -2.356343131  478.043641010
       1      32   -2.356342909  478.043758682
       1      33   -1.544754998  461.435053684
       1      34   -1.544754746  461.435193083
       1      35    2.988142809  358.918078184
       1      36    2.988142850  358.917539929
       1      37    3.659472243  317.108040050
       1      38    3.659472243  317.108322648
       1      39    4.172691712  385.160273269
       1      40    4.172691773  385.159967699
       1      41    5.105827235  297.656524197
       1      42    5.105827288  297.656605104
       1      43    5.443099613  190.336689339
       1      44    5.443099619  190.337519801
       1      45    7.036411098  300.010352995
       1      46    7.036411142  300.010116101
       1      47    7.073965129  328.625647105
       1      48    7.073965155  328.626333661
       1      49    7.695936160  400.148916236
       1      50    7.695936162  400.149927718
       1      51    8.343076241  351.518287459
       1      52    8.343076289  351.518395645
       1      53    9.010863403  324.962987638
       1      54    9.010863514  324.963862747
       1      55    9.168314613  370.865542988
       1      56    9.168315009  370.865117515
       1      57    9.744862080  300.788400333
       1      58    9.744862412  300.788787351
       1      59   11.947327893  366.429062609
       1      60   11.947327898  366.429512320
       1      61   13.618537403  207.043152607
       1      62   13.618537448  207.043616380
       1      63   14.678974628  202.721290319
       1      64   14.678974632  202.723952951
       1      65   15.052265588  205.761401833
       1      66   15.052265595  205.761848611
       1      67   15.463580014  210.506951649
       1      68   15.463580143  210.507573019
       1      69   16.411336106  243.417440752
       1      70   16.411336233  243.417552735
       1      71   17.173076121  212.270931369
       1      72   17.173076354  212.255615015
       1      73   17.227111708  253.479235249
       1      74   17.227111733  253.476120559
       1      75   17.405585577  347.656308570
       1      76   17.405585715  347.635279449
       1      77   18.119932191  251.251255753
       1      78   18.119932211  251.249460060
       1      79   18.871777620  327.243408696
       1      80   18.871777682  327.243970354
  0.500000000 -0.000000000  0.000000000      80
       1       1  -65.477446092  585.671689208
       1       2  -65.477446092  585.671689208
       1       3  -42.193944609  605.821628419
       1       4  -42.193944609  605.821628419
       1       5  -39.711107244  599.315384323
       1       6  -39.711107244  599.315384323
       1       7  -39.522588210  599.527099611
       1       8  -39.522588210  599.527099610
       1       9  -17.492723973  381.117675522
       1      10  -17.492723973  381.117675522
       1      11  -17.372842743  369.751293153
       1      12  -17.372842743  369.751293153
       1      13  -11.071772809  392.816072452
       1      14  -11.071772809  392.816072453
       1      15  -10.176262172  370.831916737
       1      16  -10.176262172  370.831916737
       1      17   -9.396198244  411.285661648
       1      18   -9.396198244  411.285661647
       1      19   -8.435156080  462.702886325
       1      20   -8.435156080  462.702886325
       1      21   -7.287410975  339.873260465
       1      22   -7.287410975  339.873260465
       1      23   -6.229789924  398.139754909
       1      24   -6.229789924  398.139754908
       1      25   -5.959240934  447.908016675
       1      26   -5.959240934  447.908016677
       1      27   -3.034072194  590.086726933
       1      28   -3.034072194  590.086726924
       1      29   -2.519588666  547.039123426
       1      30   -2.519588666  547.039123427
       1      31   -1.441693951  455.181404628
       1      32   -1.441693951  455.181404629
       1      33   -1.050192283  456.620008644
       1      34   -1.050192283  456.620008644
       1      35    1.140211246  365.156701752
       1      36    1.140211246  365.156701754
       1      37    2.591014905  346.462382377
       1      38    2.591014905  346.462382377
       1      39    3.229695360  356.559840057
       1      40    3.229695360  356.559840059
       1      41    4.445873248  271.849671100
       1      42    4.445873248  271.849671101
       1      43    4.996111826  314.187992927
       1      44    4.996111826  314.187992926
       1      45    6.026348285  393.970029184
       1      46    6.026348285  393.970029183
       1      47    8.332088114  145.892638884
       1      48    8.332088114  145.892638881
       1      49    9.010766274  269.693256262
       1      50    9.010766274  269.693256258
       1      51   10.399259349  214.761592024
       1      52   10.399259349  214.761592021
       1      53   10.413672701  310.580761766
       1      54   10.413672701  310.580761768
       1      55   11.858634027  253.915974925
       1      56   11.858634027  253.915974929
       1      57   12.088194244  401.690890963
       1      58   12.088194244  401.690890972
       1      59   12.797670022  401.440993836
       1      60   12.797670022  401.440993855
       1      61   13.423924033  265.959608218
       1      62   13.423924033  265.959608216
       1      63   14.113067333  293.900305973
       1      64   14.113067333  293.900305983
       1      65   14.601981346  336.237387716
       1      66   14.601981346  336.237387720
       1      67   15.013660938  307.160950194
       1      68   15.013660938  307.160950180
       1      69   15.665364699  284.451766955
       1      70   15.665364699  284.451766953
       1      71   16.403686188  225.622338799
       1      72   16.403686188  225.622338970
       1      73   16.425571474  247.238693609
       1      74   16.425571474  247.238693809
       1      75   18.893626833  287.485393404
       1      76   18.893626833  287.485393396
       1      77   18.952808290  407.545661970
       1      78   18.952808290  407.545661996
       1      79   19.525768329  123.354286792
       1      80   19.525768329  123.354287030
  0.500000000  0.250000000  0.000000000      80
       1       1  -65.417328349  584.427873897
       1       2  -65.417324980  584.427685805
       1       3  -42.193634112  605.991793916
       1       4  -42.176490956  606.160305783
       1       5  -39.680493492  601.434857554
       1       6  -39.655725657  600.280863882
       1       7  -39.554530072  599.028571415
       1       8  -39.554295859  597.567801168
       1       9  -17.542970955  380.321923411
       1      10  -17.497707495  379.729996782
       1      11  -17.350881882  368.182544219
       1      12  -17.347336638  368.095632600
       1      13  -10.414179191  410.740865802
       1      14  -10.411108923  410.251229146
       1      15  -10.256669632  422.810863408
       1      16  -10.244494654  424.233222268
       1      17   -8.880046254  370.101249041
       1      18   -8.874788102  367.492451666
       1      19   -8.614031040  380.050242464
       1      20   -8.594768906  381.241986274
       1      21   -8.253972041  405.359232054
       1      22   -8.197638349  405.942597812
       1      23   -7.025827987  344.889052169
       1      24   -7.015221311  345.385549493
       1      25   -5.866697782  518.305225884
       1      26   -5.764597488  516.744570461
       1      27   -3.122795407  509.863550388
       1      28   -3.115174433  501.846350994
       1      29   -2.459120536  563.384230535
       1      30   -2.357942503  556.895303187
       1      31   -2.253662135  454.150389776
       1      32   -2.243335142  456.719466562
       1      33   -0.709828708  494.692454201
       1      34   -0.671569044  496.581032893
       1      35    2.451116354  367.929882917
       1      36    2.497414218  359.720507078
       1      37    3.430203733  350.496683714
       1      38    3.487439749  356.497159613
       1      39    4.217243808  300.066031403
       1      40    4.222823732  300.749638663
       1      41    5.465547600  319.599180299
       1      42    5.488103947  319.588034744
       1      43    5.561698991  291.109535094
       1      44    5.581406451  293.751119813
       1      45    6.314434150  357.398226310
       1      46    6.361286063  355.235457380
       1      47    7.315106006  341.675745086
       1      48    7.320452474  341.522511905
       1      49    7.482276296  388.411582623
       1      50    7.496474123  387.636724784
       1      51    8.622705127  278.235086088
       1      52    8.633637579  276.825761946
       1      53    9.051180106  224.840113021
       1      54    9.058912757  226.062390400
       1      55   10.348223472  266.065425833
       1      56   10.383546168  269.448302099
       1      57   11.702897410  231.911111784
       1      58   11.731258815  235.516428094
       1      59   13.311682891  276.597121281
       1      60   13.328273087  270.674417297
       1      61   13.409892292  247.099823241
       1      62   13.412502329  246.676675535
       1      63   14.871492018  288.056735222
       1      64   14.904696076  244.259465466
       1      65   14.905606839  232.798181704
       1      66   14.940291157  298.627552923
       1      67   15.691551957  172.863166328
       1      68   15.692754961  173.197080022
       1      69   16.314830613  311.991930528
       1      70   16.374957620  320.932006376
       1      71   16.849951862  246.943064311
       1      72   16.865813384  241.618559363
       1      73   17.050155995  377.816737483
       1      74   17.063147436  378.133790476
       1      75   17.929800169  270.986718059
       1      76   17.935472103  267.136473503
       1      77   18.821936594  178.057368768
       1      78   18.822480580  177.991596861
       1      79   19.468107603  338.724904694
       1      80   19.478344062  340.522236511
  0.500000000  0.500000000  0.000000000      80
       1       1  -65.477445835  585.381870708
       1       2  -65.477445835  585.381870708
       1       3  -42.193945032  605.863514251
       1       4  -42.193945032  605.863514251
       1       5  -39.711106645  599.231847129
       1       6  -39.711106645  599.231847128
       1       7  -39.522590472  599.778175138
       1       8  -39.522590472  599.778175138
       1       9  -17.492721704  381.000553670
       1      10  -17.492721704  381.000553669
       1      11  -17.372830362  369.593230044
       1      12  -17.372830362  369.593230044
       1      13  -11.071767611  393.610959958
       1      14  -11.071767611  393.610959957
       1      15  -10.176271223  371.569777136
       1      16  -10.176271223  371.569777136
       1      17   -9.396202336  411.699425446
       1      18   -9.396202336  411.699425446
       1      19   -8.435182523  462.225871796
       1      20   -8.435182523  462.225871796
       1      21   -7.287395975  340.308411581
       1      22   -7.287395975  340.308411582
       1      23   -6.229808204  397.407160607
       1      24   -6.229808204  397.407160605
       1      25   -5.959224504  448.383492475
       1      26   -5.959224504  448.383492474
       1      27   -3.034067010  590.329994680
       1      28   -3.034067010  590.329994686
       1      29   -2.519586165  546.858166209
       1      30   -2.519586165  546.858166209
       1      31   -1.441715815  455.533030598
       1      32   -1.441715815  455.533030598
       1      33   -1.050193459  456.965109635
       1      34   -1.050193459  456.965109633
       1      35    1.140211037  364.518691603
       1      36    1.140211037  364.518691604
       1      37    2.591000859  346.282949101
       1      38    2.591000859  346.282949105
       1      39    3.229684874  356.268561352
       1      40    3.229684874  356.268561354
       1      41    4.445888313  272.067832326
       1      42    4.445888313  272.067832325
       1      43    4.996132678  313.193705777
       1      44    4.996132678  313.193705782
       1      45    6.026329490  394.994450028
       1      46    6.026329490  394.994450025
       1      47    8.332093266  143.112895513
       1      48    8.332093266  143.112895513
       1      49    9.010769841  272.629052123
       1      50    9.010769841  272.629052123
       1      51   10.399264877  210.187341267
       1      52   10.399264877  210.187341271
       1      53   10.413667023  311.812283286
       1      54   10.413667023  311.812283288
       1      55   11.858652724  255.851382110
       1      56   11.858652724  255.851382106
       1      57   12.088178876  400.572253916
       1      58   12.088178876  400.572253903
       1      59   12.797692700  399.184931189
       1      60   12.797692700  399.184931182
       1      61   13.423922878  260.578323006
       1      62   13.423922878  260.578323023
       1      63   14.113076868  291.063587665
       1      64   14.113076868  291.063587653
       1      65   14.601999233  330.739051778
       1      66   14.601999233  330.739051794
       1      67   15.013689370  308.359520898
       1      68   15.013689370  308.359520916
       1      69   15.665336592  292.619662045
       1      70   15.665336592  292.619662038
       1      71   16.403683316  224.267531298
       1      72   16.403683316  224.267531237
       1      73   16.425565477  244.113553102
       1      74   16.425565477  244.113553164
       1      75   18.893617466  283.543547237
       1      76   18.893617466  283.543547215
       1      77   18.952837508  404.956266623
       1      78   18.952837508  404.956266622
       1      79   19.525781305  122.489700783
       1      80   19.525781305  122.489700785
  0.500000000  0.750000000  0.000000000      80
       1       1  -65.417328349  584.427873897
       1       2  -65.417324980  584.427685805
       1       3  -42.193634112  605.991793916
       1       4  -42.176490956  606.160305783
       1       5  -39.680493492  601.434857554
       1       6  -39.655725657  600.280863882
       1       7  -39.554530072  599.028571415
       1       8  -39.554295859  597.567801168
       1       9  -17.542970955  380.321923411
       1      10  -17.497707495  379.729996782
       1      11  -17.350881882  368.182544219
       1      12  -17.347336638  368.095632600
       1      13  -10.414179191  410.740865802
       1      14  -10.411108923  410.251229146
       1      15  -10.256669632  422.810863408
       1      16  -10.244494654  424.233222268
       1      17   -8.880046254  370.101249041
       1      18   -8.874788102  367.492451666
       1      19   -8.614031040  380.050242464
       1      20   -8.594768906  381.241986274
       1      21   -8.253972041  405.359232054
       1      22   -8.197638349  405.942597812
       1      23   -7.025827987  344.889052169
       1      24   -7.015221311  345.385549493
       1      25   -5.866697782  518.305225884
       1      26   -5.764597488  516.744570461
       1      27   -3.122795407  509.863550388
       1      28   -3.115174433  501.846350994
       1      29   -2.459120536  563.384230535
       1      30   -2.357942503  556.895303187
       1      31   -2.253662135  454.150389776
       1      32   -2.243335142  456.719466562
       1      33   -0.709828708  494.692454201
       1      34   -0.671569044  496.581032893
       1      35    2.451116354  367.929882917
       1      36    2.497414218  359.720507078
       1      37    3.430203733  350.496683714
       1      38    3.487439749  356.497159613
       1      39    4.217243808  300.066031403
       1      40    4.222823732  300.749638663
       1      41    5.465547600  319.599180299
       1      42    5.488103947  319.588034744
       1      43    5.561698991  291.109535094
       1      44    5.581406451  293.751119813
       1      45    6.314434150  357.398226310
       1      46    6.361286063  355.235457380
       1      47    7.315106006  341.675745086
       1      48    7.320452474  341.522511905
       1      49    7.482276296  388.411582623
       1      50    7.496474123  387.636724784
       1      51    8.622705127  278.235086088
       1      52    8.633637579  276.825761946
       1      53    9.051180106  224.840113021
       1      54    9.058912757  226.062390400
       1      55   10.348223472  266.065425833
       1      56   10.383546168  269.448302099
       1      57   11.702897410  231.911111784
       1      58   11.731258815  235.516428094
       1      59   13.311682891  276.597121281
       1      60   13.328273087  270.674417297
       1      61   13.409892292  247.099823241
       1      62   13.412502329  246.676675535
       1      63   14.871492018  288.056735222
       1      64   14.904696076  244.259465466
       1      65   14.905606839  232.798181704
       1      66   14.940291157  298.627552923
       1      67   15.691551957  172.863166328
       1      68   15.692754961  173.197080022
       1      69   16.314830613  311.991930528
       1      70   16.374957620  320.932006376
       1      71   16.849951862  246.943064311
       1      72   16.865813384  241.618559363
       1      73   17.050155995  377.816737483
       1      74   17.063147436  378.133790476
       1      75   17.929800169  270.986718059
       1      76   17.935472103  267.136473503
       1      77   18.821936594  178.057368768
       1      78   18.822480580  177.991596861
       1      79   19.468107603  338.724904694
       1      80   19.478344062  340.522236511
  0.750000000 -0.000000000  0.000000000      80
       1       1  -65.453278983  584.469441637
       1       2  -65.453278983  584.469427960
       1       3  -42.131328807  606.316198533
       1       4  -42.131328801  606.314724739
       1       5  -39.599192581  597.224237881
       1       6  -39.599192581  597.224276393
       1       7  -39.488544606  603.634500685
       1       8  -39.488544603  603.633386525
       1       9  -18.545596167  373.974953244
       1      10  -18.545596105  373.974812510
       1      11  -17.814951676  354.291006540
       1      12  -17.814951670  354.290957406
       1      13  -10.273785576  419.303236162
       1      14  -10.273785465  419.303501722
       1      15   -9.040027537  417.479558792
       1      16   -9.040027428  417.479645189
       1      17   -8.913921936  402.066172482
       1      18   -8.913921797  402.065704706
       1      19   -7.742949212  469.724107235
       1      20   -7.742949049  469.723516950
       1      21   -7.005206860  475.263864872
       1      22   -7.005206835  475.264292328
       1      23   -6.681851175  327.754427518
       1      24   -6.681851088  327.754469766
       1      25   -6.090485925  475.691919962
       1      26   -6.090485606  475.692679442
       1      27   -3.159539248  453.759817559
       1      28   -3.159537032  453.758023629
       1      29   -2.958517456  480.488882501
       1      30   -2.958514881  480.487372546
       1      31   -2.356331235  477.628875501
       1      32   -2.356330648  477.628759837
       1      33   -1.544762461  461.574803765
       1      34   -1.544761918  461.574559215
       1      35    2.988149811  359.444766670
       1      36    2.988149971  359.444784050
       1      37    3.659468267  317.015452595
       1      38    3.659468322  317.015698068
       1      39    4.172679357  385.019905043
       1      40    4.172679524  385.019938822
       1      41    5.105821778  297.265249095
       1      42    5.105822020  297.265088566
       1      43    5.443106299  190.893174814
       1      44    5.443106326  190.892921600
       1      45    7.036403998  301.735365529
       1      46    7.036404131  301.734920744
       1      47    7.073958115  329.420176026
       1      48    7.073958196  329.420953510
       1      49    7.695945270  400.506210635
       1      50    7.695945733  400.507170513
       1      51    8.343094443  350.090730348
       1      52    8.343094467  350.090751443
       1      53    9.010852919  325.316111656
       1      54    9.010852949  325.315088099
       1      55    9.168328665  369.492728626
       1      56    9.168328954  369.494235749
       1      57    9.744844980  302.700637465
       1      58    9.744845246  302.700999095
       1      59   11.947328796  365.053154558
       1      60   11.947328878  365.053450762
       1      61   13.618533482  209.466817346
       1      62   13.618533671  209.466259190
       1      63   14.678963355  205.844436343
       1      64   14.678963449  205.848355151
       1      65   15.052256131  206.455255885
       1      66   15.052256133  206.455328832
       1      67   15.463562386  209.200060966
       1      68   15.463562918  209.201013437
       1      69   16.411346471  244.072094279
       1      70   16.411346677  244.072926946
       1      71   17.173077480  215.355898863
       1      72   17.173078431  215.362178775
       1      73   17.227092588  252.374768050
       1      74   17.227092770  252.376453487
       1      75   17.405611378  340.204870525
       1      76   17.405612769  340.207481564
       1      77   18.119933675  256.866943393
       1      78   18.119933737  256.866701676
       1      79   18.871746543  322.534542283
       1      80   18.871746607  322.533943177
  0.750000000  0.250000000  0.000000000      80
       1       1  -65.453278835  584.402534305
       1       2  -65.453278835  584.402347345
       1       3  -42.131329027  606.322275109
       1       4  -42.131328982  606.323707185
       1       5  -39.599191293  597.060728676
       1       6  -39.599191292  597.060665599
       1       7  -39.488546795  603.858347980
       1       8  -39.488546731  603.859888050
       1       9  -18.545594924  374.014336116
       1      10  -18.545594868  374.014406204
       1      11  -17.814946813  354.282416991
       1      12  -17.814946809  354.282440834
       1      13  -10.273786883  419.918484192
       1      14  -10.273786860  419.918199419
       1      15   -9.040023136  417.463229533
       1      16   -9.040023074  417.463097661
       1      17   -8.913911630  402.482509359
       1      18   -8.913911592  402.482547302
       1      19   -7.742975455  469.142641604
       1      20   -7.742975393  469.142668883
       1      21   -7.005216911  474.772142211
       1      22   -7.005216732  474.772569324
       1      23   -6.681848785  328.292856922
       1      24   -6.681848776  328.292949206
       1      25   -6.090471170  476.057833488
       1      26   -6.090470808  476.058337720
       1      27   -3.159535522  453.887734058
       1      28   -3.159535281  453.885283221
       1      29   -2.958530894  480.210964652
       1      30   -2.958530530  480.208528945
       1      31   -2.356343131  478.043641010
       1      32   -2.356342909  478.043758682
       1      33   -1.544754998  461.435053684
       1      34   -1.544754746  461.435193083
       1      35    2.988142809  358.918078184
       1      36    2.988142850  358.917539929
       1      37    3.659472243  317.108040050
       1      38    3.659472243  317.108322648
       1      39    4.172691712  385.160273269
       1      40    4.172691773  385.159967699
       1      41    5.105827235  297.656524197
       1      42    5.105827288  297.656605104
       1      43    5.443099613  190.336689339
       1      44    5.443099619  190.337519801
       1      45    7.036411098  300.010352995
       1      46    7.036411142  300.010116101
       1      47    7.073965129  328.625647105
       1      48    7.073965155  328.626333661
       1      49    7.695936160  400.148916236
       1      50    7.695936162  400.149927718
       1      51    8.343076241  351.518287459
       1      52    8.343076289  351.518395645
       1      53    9.010863403  324.962987638
       1      54    9.010863514  324.963862747
       1      55    9.168314613  370.865542988
       1      56    9.168315009  370.865117515
       1      57    9.744862080  300.788400333
       1      58    9.744862412  300.788787351
       1      59   11.947327893  366.429062609
       1      60   11.947327898  366.429512320
       1      61   13.618537403  207.043152607
       1      62   13.618537448  207.043616380
       1      63   14.678974628  202.721290319
       1      64   14.678974632  202.723952951
       1      65   15.052265588  205.761401833
       1      66   15.052265595  205.761848611
       1      67   15.463580014  210.506951649
       1      68   15.463580143  210.507573019
       1      69   16.411336106  243.417440752
       1      70   16.411336233  243.417552735
       1      71   17.173076121  212.270931369
       1      72   17.173076354  212.255615015
       1      73   17.227111708  253.479235249
       1      74   17.227111733  253.476120559
       1      75   17.405585577  347.656308570
       1      76   17.405585715  347.635279449
       1      77   18.119932191  251.251255753
       1      78   18.119932211  251.249460060
       1      79   18.871777620  327.243408696
       1      80   18.871777682  327.243970354
  0.750000000  0.500000000  0.000000000      80
       1       1  -65.417328124  584.433052710
       1       2  -65.417324755  584.432871237
       1       3  -42.193634291  605.978193268
       1       4  -42.176491180  606.135647432
       1       5  -39.680493805  601.426768414
       1       6  -39.655725970  600.270773625
       1       7  -39.554530267  599.008162635
       1       8  -39.554295990  597.553937307
       1       9  -17.542968828  380.249967546
       1      10  -17.497705421  379.657498834
       1      11  -17.350880273  368.179056070
       1      12  -17.347335036  368.091647823
       1      13  -10.414182076  410.707202423
       1      14  -10.411111800  410.221717454
       1      15  -10.256671201  422.665121661
       1      16  -10.244496224  424.097074904
       1      17   -8.880047140  369.716405821
       1      18   -8.874788894  367.120256555
       1      19   -8.614033714  380.753610063
       1      20   -8.594771480  381.960881430
       1      21   -8.253968130  405.877981100
       1      22   -8.197634372  406.440110474
       1      23   -7.025826181  344.369430777
       1      24   -7.015219537  344.856364588
       1      25   -5.866701511  518.448994616
       1      26   -5.764601377  516.896754577
       1      27   -3.122793877  509.348732361
       1      28   -3.115173304  501.268094665
       1      29   -2.459113609  563.524391440
       1      30   -2.357936094  557.022227551
       1      31   -2.253664581  453.858689638
       1      32   -2.243337763  456.393498883
       1      33   -0.709827769  495.543563610
       1      34   -0.671568368  497.401759998
       1      35    2.451113889  368.151944230
       1      36    2.497411620  359.996695446
       1      37    3.430205221  350.269933558
       1      38    3.487441363  356.147996115
       1      39    4.217237293  301.303743489
       1      40    4.222817177  301.987336452
       1      41    5.465546657  319.208548966
       1      42    5.488103827  319.138128717
       1      43    5.561694040  291.310734626
       1      44    5.581402055  293.909505196
       1      45    6.314424664  357.373898277
       1      46    6.361276456  355.222596225
       1      47    7.315107222  340.446347887
       1      48    7.320453765  340.273444228
       1      49    7.482273673  389.283213190
       1      50    7.496471346  388.587164070
       1      51    8.622704181  278.028717699
       1      52    8.633636595  276.661053572
       1      53    9.051184527  224.146256716
       1      54    9.058917233  225.327001361
       1      55   10.348222159  267.684109088
       1      56   10.383545161  271.072578489
       1      57   11.702896369  229.768332002
       1      58   11.731257662  233.489848789
       1      59   13.311682827  273.399021055
       1      60   13.328272713  267.677851212
       1      61   13.409896669  248.885146430
       1      62   13.412506678  248.440320029
       1      63   14.871502539  286.180479364
       1      64   14.904698980  242.917078799
       1      65   14.905608144  231.700971648
       1      66   14.940302970  296.590659406
       1      67   15.691554126  173.204191091
       1      68   15.692757141  173.497195034
       1      69   16.314828300  314.932074448
       1      70   16.374955476  323.834741714
       1      71   16.849958958  241.534312200
       1      72   16.865820260  236.241834123
       1      73   17.050169022  372.944789786
       1      74   17.063160432  373.281447708
       1      75   17.929813199  274.778068651
       1      76   17.935484824  270.909870787
       1      77   18.821938134  178.249102761
       1      78   18.822482125  178.187670506
       1      79   19.468099686  336.140898667
       1      80   19.478335977  337.940316504
  0.750000000  0.750000000  0.000000000      80
       1       1  -65.417328508  584.133180985
       1       2  -65.417325139  584.133021265
       1       3  -42.193634044  606.112630388
       1       4  -42.176490881  606.120282707
       1       5  -39.680493866  601.667308246
       1       6  -39.655726195  600.340308296
       1       7  -39.554529208  598.974964332
       1       8  -39.554295165  597.527186502
       1       9  -17.542970829  380.322545098
       1      10  -17.497707451  379.758431322
       1      11  -17.350886522  368.323740211
       1      12  -17.347341285  368.235326840
       1      13  -10.414176254  410.105762595
       1      14  -10.411106309  409.614461298
       1      15  -10.256660282  422.332570659
       1      16  -10.244485221  423.767818526
       1      17   -8.880047145  369.341477479
       1      18   -8.874788741  366.675882823
       1      19   -8.614033867  380.712865368
       1      20   -8.594771752  381.951777850
       1      21   -8.253971198  406.514521275
       1      22   -8.197637531  407.135718601
       1      23   -7.025828378  344.218699176
       1      24   -7.015221615  344.673643886
       1      25   -5.866696060  518.566933382
       1      26   -5.764595658  517.034675131
       1      27   -3.122798271  509.230998808
       1      28   -3.115176687  501.202694329
       1      29   -2.459133356  564.242177964
       1      30   -2.357954624  557.757130486
       1      31   -2.253669679  454.430531340
       1      32   -2.243342906  456.969307219
       1      33   -0.709808795  494.901153116
       1      34   -0.671549298  496.749535336
       1      35    2.451122079  368.032204364
       1      36    2.497418181  359.870804710
       1      37    3.430205868  349.401377447
       1      38    3.487443869  355.374688741
       1      39    4.217254370  301.627931375
       1      40    4.222834237  302.312013050
       1      41    5.465538683  320.492365886
       1      42    5.488095603  320.569905729
       1      43    5.561688793  290.486907068
       1      44    5.581396488  293.323683970
       1      45    6.314451040  358.137477316
       1      46    6.361302288  356.124003881
       1      47    7.315096767  340.253372718
       1      48    7.320442963  340.063539886
       1      49    7.482272470  389.130762651
       1      50    7.496469972  388.474670569
       1      51    8.622711564  280.741563858
       1      52    8.633644043  279.460707447
       1      53    9.051175789  222.954666632
       1      54    9.058908412  224.076581950
       1      55   10.348222214  266.653823206
       1      56   10.383544716  270.004358920
       1      57   11.702902565  226.901409728
       1      58   11.731264198  230.591090026
       1      59   13.311677513  278.615791945
       1      60   13.328268045  272.979227214
       1      61   13.409888314  249.562225891
       1      62   13.412498359  249.118740164
       1      63   14.871480255  289.005717734
       1      64   14.904692154  249.097344889
       1      65   14.905604737  238.778079181
       1      66   14.940278249  298.183025906
       1      67   15.691549376  167.929247028
       1      68   15.692752283  168.216622870
       1      69   16.314830562  311.502937042
       1      70   16.374957974  320.514855504
       1      71   16.849955947  245.370839194
       1      72   16.865816973  240.053765525
       1      73   17.050138869  377.058571759
       1      74   17.063130357  377.413377673
       1      75   17.929793123  273.804474041
       1      76   17.935465278  269.925767082
       1      77   18.821933932  174.903791659
       1      78   18.822477933  174.855985290
       1      79   19.468108530  339.356390901
       1      80   19.478345631  341.305736058
