# x y z (snapped to FFT grid (45, 45, 120), 320 unique)
# density: current
# weight: Gordon-decomposed Pauli current Σ_{n,k,i}(j^Gordon_{n,k,i}(r))²
# intended channels: γ̃^{1,2,3} (current) ISDF
0.311111 0.666667 0.000000
0.288889 0.622222 0.991667
0.288889 0.666667 0.000000
0.288889 0.688889 0.991667
0.288889 0.644444 0.025000
0.288889 0.622222 0.983333
0.288889 0.622222 0.975000
0.288889 0.622222 0.008333
0.311111 0.644444 0.000000
0.288889 0.644444 0.016667
0.266667 0.666667 0.008333
0.311111 0.644444 0.983333
0.266667 0.577778 0.008333
0.311111 0.644444 0.008333
0.266667 0.644444 0.991667
0.311111 0.666667 0.991667
0.266667 0.666667 0.983333
0.311111 0.688889 0.975000
0.288889 0.711111 0.008333
0.311111 0.622222 0.000000
0.266667 0.622222 0.000000
0.311111 0.622222 0.008333
0.311111 0.666667 0.025000
0.288889 0.600000 0.991667
0.266667 0.666667 0.000000
0.333333 0.666667 0.983333
0.311111 0.622222 0.983333
0.311111 0.622222 0.016667
0.244444 0.622222 0.008333
0.266667 0.666667 0.991667
0.288889 0.711111 0.991667
0.266667 0.577778 0.991667
0.266667 0.644444 0.000000
0.288889 0.600000 0.000000
0.288889 0.666667 0.983333
0.244444 0.644444 0.991667
0.244444 0.666667 0.000000
0.288889 0.666667 0.025000
0.266667 0.622222 0.983333
0.288889 0.688889 0.000000
0.311111 0.666667 0.983333
0.311111 0.666667 0.016667
0.288889 0.644444 0.000000
0.288889 0.622222 0.016667
0.311111 0.622222 0.991667
0.288889 0.622222 0.000000
0.244444 0.600000 0.000000
0.288889 0.644444 0.991667
0.266667 0.622222 0.008333
0.266667 0.600000 0.000000
0.288889 0.644444 0.033333
0.266667 0.644444 0.983333
0.244444 0.600000 0.008333
0.266667 0.644444 0.016667
0.355556 0.688889 0.000000
0.333333 0.711111 0.991667
0.377778 0.711111 0.000000
0.400000 0.711111 0.991667
0.355556 0.711111 0.025000
0.333333 0.711111 0.983333
0.333333 0.711111 0.975000
0.333333 0.711111 0.008333
0.333333 0.688889 0.000000
0.355556 0.711111 0.016667
0.400000 0.733333 0.008333
0.333333 0.688889 0.983333
0.311111 0.733333 0.008333
0.333333 0.688889 0.008333
0.377778 0.733333 0.991667
0.355556 0.688889 0.991667
0.400000 0.733333 0.983333
0.377778 0.688889 0.975000
0.422222 0.711111 0.008333
0.311111 0.688889 0.000000
0.355556 0.733333 0.000000
0.311111 0.688889 0.008333
0.355556 0.688889 0.025000
0.311111 0.711111 0.991667
0.400000 0.733333 0.000000
0.311111 0.688889 0.983333
0.311111 0.688889 0.016667
0.377778 0.755556 0.008333
0.400000 0.733333 0.991667
0.422222 0.711111 0.991667
0.311111 0.733333 0.991667
0.377778 0.733333 0.000000
0.311111 0.711111 0.000000
0.377778 0.711111 0.983333
0.400000 0.755556 0.991667
0.422222 0.755556 0.000000
0.377778 0.711111 0.025000
0.355556 0.733333 0.983333
0.400000 0.711111 0.000000
0.355556 0.688889 0.983333
0.355556 0.688889 0.016667
0.355556 0.711111 0.000000
0.333333 0.711111 0.016667
0.311111 0.688889 0.991667
0.333333 0.711111 0.000000
0.355556 0.755556 0.000000
0.355556 0.711111 0.991667
0.355556 0.733333 0.008333
0.333333 0.733333 0.000000
0.355556 0.711111 0.033333
0.377778 0.733333 0.983333
0.355556 0.755556 0.008333
0.377778 0.733333 0.016667
0.333333 0.644444 0.000000
0.377778 0.666667 0.991667
0.333333 0.622222 0.000000
0.311111 0.600000 0.991667
0.355556 0.644444 0.025000
0.377778 0.666667 0.983333
0.377778 0.666667 0.975000
0.377778 0.666667 0.008333
0.355556 0.666667 0.000000
0.355556 0.644444 0.016667
0.333333 0.600000 0.008333
0.355556 0.666667 0.983333
0.422222 0.688889 0.008333
0.355556 0.666667 0.008333
0.355556 0.622222 0.991667
0.333333 0.644444 0.991667
0.333333 0.600000 0.983333
0.311111 0.622222 0.975000
0.288889 0.577778 0.008333
0.377778 0.688889 0.000000
0.377778 0.644444 0.000000
0.377778 0.688889 0.008333
0.333333 0.644444 0.025000
0.400000 0.688889 0.991667
0.333333 0.600000 0.000000
0.377778 0.688889 0.983333
0.377778 0.688889 0.016667
0.377778 0.622222 0.008333
0.333333 0.600000 0.991667
0.288889 0.577778 0.991667
0.422222 0.688889 0.991667
0.355556 0.622222 0.000000
0.400000 0.688889 0.000000
0.333333 0.622222 0.983333
0.355556 0.600000 0.991667
0.333333 0.577778 0.000000
0.333333 0.622222 0.025000
0.377778 0.644444 0.983333
0.311111 0.600000 0.000000
0.333333 0.644444 0.983333
0.333333 0.644444 0.016667
0.355556 0.644444 0.000000
0.377778 0.666667 0.016667
0.377778 0.688889 0.991667
0.377778 0.666667 0.000000
0.400000 0.644444 0.000000
0.355556 0.644444 0.991667
0.377778 0.644444 0.008333
0.400000 0.666667 0.000000
0.355556 0.644444 0.033333
0.355556 0.622222 0.983333
0.400000 0.644444 0.008333
0.355556 0.622222 0.016667
0.688889 0.333333 0.000000
0.711111 0.377778 0.008333
0.711111 0.333333 0.000000
0.711111 0.311111 0.008333
0.711111 0.355556 0.975000
0.711111 0.377778 0.016667
0.711111 0.377778 0.025000
0.711111 0.377778 0.991667
0.688889 0.355556 0.000000
0.711111 0.355556 0.983333
0.733333 0.333333 0.991667
0.688889 0.355556 0.016667
0.733333 0.422222 0.991667
0.688889 0.355556 0.991667
0.733333 0.355556 0.008333
0.688889 0.333333 0.008333
0.733333 0.333333 0.016667
0.688889 0.311111 0.025000
0.711111 0.288889 0.991667
0.688889 0.377778 0.000000
0.733333 0.377778 0.000000
0.688889 0.377778 0.991667
0.688889 0.333333 0.975000
0.711111 0.400000 0.008333
0.733333 0.333333 0.000000
0.666667 0.333333 0.016667
0.688889 0.377778 0.016667
0.688889 0.377778 0.983333
0.755556 0.377778 0.991667
0.733333 0.333333 0.008333
0.711111 0.288889 0.008333
0.733333 0.422222 0.008333
0.733333 0.355556 0.000000
0.711111 0.400000 0.000000
0.711111 0.333333 0.016667
0.755556 0.355556 0.008333
0.755556 0.333333 0.000000
0.711111 0.333333 0.975000
0.733333 0.377778 0.016667
0.711111 0.311111 0.000000
0.688889 0.333333 0.016667
0.688889 0.333333 0.983333
0.711111 0.355556 0.000000
0.711111 0.377778 0.983333
0.688889 0.377778 0.008333
0.711111 0.377778 0.000000
0.755556 0.400000 0.000000
0.711111 0.355556 0.008333
0.733333 0.377778 0.991667
0.733333 0.400000 0.000000
0.711111 0.355556 0.966667
0.733333 0.355556 0.016667
0.755556 0.400000 0.991667
0.733333 0.355556 0.983333
0.644444 0.311111 0.000000
0.666667 0.288889 0.008333
0.622222 0.288889 0.000000
0.600000 0.288889 0.008333
0.644444 0.288889 0.975000
0.666667 0.288889 0.016667
0.666667 0.288889 0.025000
0.666667 0.288889 0.991667
0.666667 0.311111 0.000000
0.644444 0.288889 0.983333
0.600000 0.266667 0.991667
0.666667 0.311111 0.016667
0.688889 0.266667 0.991667
0.666667 0.311111 0.991667
0.622222 0.266667 0.008333
0.644444 0.311111 0.008333
0.600000 0.266667 0.016667
0.622222 0.311111 0.025000
0.577778 0.288889 0.991667
0.688889 0.311111 0.000000
0.644444 0.266667 0.000000
0.688889 0.311111 0.991667
0.644444 0.311111 0.975000
0.688889 0.288889 0.008333
0.600000 0.266667 0.000000
0.688889 0.311111 0.016667
0.688889 0.311111 0.983333
0.622222 0.244444 0.991667
0.600000 0.266667 0.008333
0.577778 0.288889 0.008333
0.688889 0.266667 0.008333
0.622222 0.266667 0.000000
0.688889 0.288889 0.000000
0.622222 0.288889 0.016667
0.600000 0.244444 0.008333
0.577778 0.244444 0.000000
0.622222 0.288889 0.975000
0.644444 0.266667 0.016667
0.600000 0.288889 0.000000
0.644444 0.311111 0.016667
0.644444 0.311111 0.983333
0.644444 0.288889 0.000000
0.666667 0.288889 0.983333
0.688889 0.311111 0.008333
0.666667 0.288889 0.000000
0.644444 0.244444 0.000000
0.644444 0.288889 0.008333
0.644444 0.266667 0.991667
0.666667 0.266667 0.000000
0.644444 0.288889 0.966667
0.622222 0.266667 0.016667
0.644444 0.244444 0.991667
0.622222 0.266667 0.983333
0.666667 0.355556 0.000000
0.622222 0.333333 0.008333
0.666667 0.377778 0.000000
0.688889 0.400000 0.008333
0.644444 0.355556 0.975000
0.622222 0.333333 0.016667
0.622222 0.333333 0.025000
0.622222 0.333333 0.991667
0.644444 0.333333 0.000000
0.644444 0.355556 0.983333
0.666667 0.400000 0.991667
0.644444 0.333333 0.016667
0.577778 0.311111 0.991667
0.644444 0.333333 0.991667
0.644444 0.377778 0.008333
0.666667 0.355556 0.008333
0.666667 0.400000 0.016667
0.688889 0.377778 0.025000
0.711111 0.422222 0.991667
0.622222 0.311111 0.000000
0.622222 0.355556 0.000000
0.622222 0.311111 0.991667
0.666667 0.355556 0.975000
0.600000 0.311111 0.008333
0.666667 0.400000 0.000000
0.622222 0.311111 0.016667
0.622222 0.311111 0.983333
0.622222 0.377778 0.991667
0.666667 0.400000 0.008333
0.711111 0.422222 0.008333
0.577778 0.311111 0.008333
0.644444 0.377778 0.000000
0.600000 0.311111 0.000000
0.666667 0.377778 0.016667
0.644444 0.400000 0.008333
0.666667 0.422222 0.000000
0.666667 0.377778 0.975000
0.622222 0.355556 0.016667
0.688889 0.400000 0.000000
0.666667 0.355556 0.016667
0.666667 0.355556 0.983333
0.644444 0.355556 0.000000
0.622222 0.333333 0.983333
0.622222 0.311111 0.008333
0.622222 0.333333 0.000000
0.600000 0.355556 0.000000
0.644444 0.355556 0.008333
0.622222 0.355556 0.991667
0.600000 0.333333 0.000000
0.644444 0.355556 0.966667
0.644444 0.377778 0.016667
0.600000 0.355556 0.991667
0.644444 0.377778 0.983333
