# Generated by LORRAX unknown at 2026-07-21 07:36:50 UTC
  0.000000000  0.000000000  0.000000000      80
       1       1  -65.461080000  610.915767418
       1       2  -65.461080000  610.915767430
       1       3  -42.076878476  637.068969580
       1       4  -42.076878476  637.068969528
       1       5  -39.554728243  630.899207843
       1       6  -39.554728243  630.899207866
       1       7  -39.383435310  616.788299997
       1       8  -39.383435310  616.788299852
       1       9  -19.374135150  377.675112509
       1      10  -19.374135150  377.675112516
       1      11  -18.177279202  355.659707973
       1      12  -18.177279202  355.659707984
       1      13  -10.875836699 3166.147112770
       1      14  -10.875836699 3166.147071383
       1      15   -7.861773930  385.914911887
       1      16   -7.861773930  385.914911939
       1      17   -7.802674544  383.108554009
       1      18   -7.802674544  383.108553716
       1      19   -7.121961704  242.059115687
       1      20   -7.121961704  242.059115449
       1      21   -6.780841091  372.801333774
       1      22   -6.780841091  372.801333358
       1      23   -6.699897224  374.893217318
       1      24   -6.699897224  374.893216961
       1      25   -5.381421473  266.228410266
       1      26   -5.381421473  266.228409902
       1      27   -2.574766637  367.892548886
       1      28   -2.574766637  367.892548812
       1      29   -2.498945418  360.484746874
       1      30   -2.498945418  360.484747988
       1      31   -2.333878760  327.509214807
       1      32   -2.333878760  327.509216048
       1      33   -2.325689751  327.451813228
       1      34   -2.325689751  327.451812180
       1      35    1.102384887  334.367672950
       1      36    1.102384887  334.367673163
       1      37    3.746505276  258.634691269
       1      38    3.746505276  258.634691105
       1      39    3.953429837   87.730576918
       1      40    3.953429837   87.730576279
       1      41    4.786070156   43.459158623
       1      42    4.786070156   43.459158592
       1      43    5.517734412  291.290588207
       1      44    5.517734412  291.290587838
       1      45    5.594437696  296.985307201
       1      46    5.594437696  296.985307575
       1      47    7.492860389  384.307329320
       1      48    7.492860389  384.307329332
       1      49    7.510373621  386.581494938
       1      50    7.510373621  386.581494979
       1      51    7.663743489  298.000895537
       1      52    7.663743489  298.000895552
       1      53   10.772983484  367.989941221
       1      54   10.772983484  367.989941213
       1      55   10.787583668  368.044653556
       1      56   10.787583668  368.044653440
       1      57   10.866953358  378.118920662
       1      58   10.866953358  378.118920660
       1      59   11.110949599  366.320254814
       1      60   11.110949599  366.320254827
       1      61   11.117844294  366.780050830
       1      62   11.117844294  366.780050851
       1      63   11.239117863  234.244651093
       1      64   11.239117863  234.244651096
       1      65   14.037417462  207.696924717
       1      66   14.037417462  207.696924727
       1      67   14.279780383  172.280785269
       1      68   14.279780383  172.280785230
       1      69   14.666693328  267.482964062
       1      70   14.666693328  267.482964082
       1      71   16.070604130  174.320541502
       1      72   16.070604130  174.320541480
       1      73   18.074525667  327.936122022
       1      74   18.074525667  327.936122006
       1      75   18.251233323  313.887078256
       1      76   18.251233323  313.887078299
       1      77   20.602106180  228.849579800
       1      78   20.602106180  228.849579855
       1      79   20.830551792  155.767115782
       1      80   20.830551792  155.767115222
  0.000000000  0.250000000  0.000000000      80
       1       1  -65.453278892  596.982043239
       1       2  -65.453278892  597.657883906
       1       3  -42.131328983  623.758883598
       1       4  -42.131328932  623.971960075
       1       5  -39.599192178  609.690228567
       1       6  -39.599192177  610.252089880
       1       7  -39.488545575  616.217462079
       1       8  -39.488545507  615.728690704
       1       9  -18.545594641  381.469275790
       1      10  -18.545594635  381.495249921
       1      11  -17.814950337  361.570587788
       1      12  -17.814950335  361.583430062
       1      13  -10.273785240  325.294030184
       1      14  -10.273785107  328.991568026
       1      15   -9.040022761  293.007261554
       1      16   -9.040022590  292.349494236
       1      17   -8.913920251  294.484188863
       1      18   -8.913920150  290.693495557
       1      19   -7.742955985  366.289922367
       1      20   -7.742955884  365.036309086
       1      21   -7.005213941  342.991448453
       1      22   -7.005213736  345.394038539
       1      23   -6.681849591  247.020991716
       1      24   -6.681849496  246.900201242
       1      25   -6.090483934  338.022724055
       1      26   -6.090483252  339.356632570
       1      27   -3.159537154  257.432452686
       1      28   -3.159534698  266.321594216
       1      29   -2.958523249  341.779475092
       1      30   -2.958520311  355.654122387
       1      31   -2.356331498  345.841793720
       1      32   -2.356330688  344.314367367
       1      33   -1.544765703  385.830448342
       1      34   -1.544764908  384.013847149
       1      35    2.988144870  297.415399986
       1      36    2.988144989  299.613223200
       1      37    3.659469223  350.168776136
       1      38    3.659469276  347.160862554
       1      39    4.172687694  477.186199860
       1      40    4.172687801  552.859302010
       1      41    5.105824477  163.523292224
       1      42    5.105824772  157.975469865
       1      43    5.443105188  720.176084282
       1      44    5.443105210  687.342987894
       1      45    7.036408418  297.523199940
       1      46    7.036408507  297.518538540
       1      47    7.073964237  335.878760530
       1      48    7.073964292  335.841238390
       1      49    7.695937685  404.536910519
       1      50    7.695938145  404.667724836
       1      51    8.343084959  363.109631016
       1      52    8.343085030  363.142954546
       1      53    9.010855818  319.853527705
       1      54    9.010855958  319.854095842
       1      55    9.168321373  376.733894027
       1      56    9.168322058  376.649493543
       1      57    9.744848238  286.810680837
       1      58    9.744848836  286.949368488
       1      59   11.947323065  385.370056516
       1      60   11.947323152  385.620343595
       1      61   13.618535270  205.530369623
       1      62   13.618535414  205.463914766
       1      63   14.678965991  193.212425452
       1      64   14.678966081  193.199311405
       1      65   15.052261908  204.687116190
       1      66   15.052261912  204.692860961
       1      67   15.463571707  190.596752462
       1      68   15.463572368  190.561596159
       1      69   16.411347818  245.721609200
       1      70   16.411348153  245.742134376
       1      71   17.173077952  185.864008909
       1      72   17.173078670  185.677347122
       1      73   17.227103106  251.728916456
       1      74   17.227103263  251.739212060
       1      75   17.405600714  332.501853898
       1      76   17.405601967  332.631882996
       1      77   18.119939359  253.145307928
       1      78   18.119939400  253.174946099
       1      79   18.871758809  291.660406177
       1      80   18.871758935  291.651160994
  0.000000000  0.500000000  0.000000000      80
       1       1  -65.477445934  577.274494823
       1       2  -65.477445934  577.274494812
       1       3  -42.193944935  620.163588415
       1       4  -42.193944935  620.163588386
       1       5  -39.711107317  610.503184366
       1       6  -39.711107317  610.503184214
       1       7  -39.522589136  605.365834383
       1       8  -39.522589136  605.365834345
       1       9  -17.492720431  386.824036374
       1      10  -17.492720431  386.824036381
       1      11  -17.372839417  378.175381210
       1      12  -17.372839417  378.175381202
       1      13  -11.071771944  227.010739051
       1      14  -11.071771944  227.010738976
       1      15  -10.176263111  256.963391623
       1      16  -10.176263111  256.963391239
       1      17   -9.396196708  295.815101971
       1      18   -9.396196708  295.815102362
       1      19   -8.435165143  449.882940199
       1      20   -8.435165143  449.882938636
       1      21   -7.287408574  276.944470648
       1      22   -7.287408574  276.944470680
       1      23   -6.229798334  310.594988491
       1      24   -6.229798334  310.594988458
       1      25   -5.959237052  347.256624943
       1      26   -5.959237052  347.256625699
       1      27   -3.034071693  345.293910599
       1      28   -3.034071693  345.293909905
       1      29   -2.519587636  243.660339953
       1      30   -2.519587636  243.660339269
       1      31   -1.441695794  312.546879084
       1      32   -1.441695794  312.546879336
       1      33   -1.050195944  324.341762096
       1      34   -1.050195944  324.341761409
       1      35    1.140216885  358.365508080
       1      36    1.140216885  358.365507357
       1      37    2.591007717  198.869271658
       1      38    2.591007717  198.869271353
       1      39    3.229689567  363.693172878
       1      40    3.229689567  363.693175205
       1      41    4.445879459  294.291707094
       1      42    4.445879459  294.291706377
       1      43    4.996113620  178.728074504
       1      44    4.996113620  178.728074461
       1      45    6.026334628  375.523458110
       1      46    6.026334628  375.523457919
       1      47    8.332092030  117.335740864
       1      48    8.332092030  117.335740860
       1      49    9.010773350  260.786022622
       1      50    9.010773350  260.786022601
       1      51   10.399257312  197.498246490
       1      52   10.399257312  197.498246493
       1      53   10.413666434  319.894089214
       1      54   10.413666434  319.894089212
       1      55   11.858639273  245.135029848
       1      56   11.858639273  245.135029832
       1      57   12.088195783  400.749404157
       1      58   12.088195783  400.749404171
       1      59   12.797673128  389.187179339
       1      60   12.797673128  389.187179343
       1      61   13.423921016  251.216227357
       1      62   13.423921016  251.216227342
       1      63   14.113075385  262.195914748
       1      64   14.113075385  262.195914750
       1      65   14.601987728  325.179930901
       1      66   14.601987728  325.179930897
       1      67   15.013668203  288.308806378
       1      68   15.013668203  288.308806377
       1      69   15.665351492  278.559150125
       1      70   15.665351492  278.559150202
       1      71   16.403686934  169.159304640
       1      72   16.403686934  169.159304601
       1      73   16.425572006  203.411073152
       1      74   16.425572006  203.411073143
       1      75   18.893628781  273.424129899
       1      76   18.893628781  273.424129862
       1      77   18.952806008  385.414492424
       1      78   18.952806008  385.414492446
       1      79   19.525776815  125.432337613
       1      80   19.525776815  125.432337396
  0.000000000  0.750000000  0.000000000      80
       1       1  -65.453278892  596.982043239
       1       2  -65.453278892  597.657883906
       1       3  -42.131328983  623.758883598
       1       4  -42.131328932  623.971960075
       1       5  -39.599192178  609.690228567
       1       6  -39.599192177  610.252089880
       1       7  -39.488545575  616.217462079
       1       8  -39.488545507  615.728690704
       1       9  -18.545594641  381.469275790
       1      10  -18.545594635  381.495249921
       1      11  -17.814950337  361.570587788
       1      12  -17.814950335  361.583430062
       1      13  -10.273785240  325.294030184
       1      14  -10.273785107  328.991568026
       1      15   -9.040022761  293.007261554
       1      16   -9.040022590  292.349494236
       1      17   -8.913920251  294.484188863
       1      18   -8.913920150  290.693495557
       1      19   -7.742955985  366.289922367
       1      20   -7.742955884  365.036309086
       1      21   -7.005213941  342.991448453
       1      22   -7.005213736  345.394038539
       1      23   -6.681849591  247.020991716
       1      24   -6.681849496  246.900201242
       1      25   -6.090483934  338.022724055
       1      26   -6.090483252  339.356632570
       1      27   -3.159537154  257.432452686
       1      28   -3.159534698  266.321594216
       1      29   -2.958523249  341.779475092
       1      30   -2.958520311  355.654122387
       1      31   -2.356331498  345.841793720
       1      32   -2.356330688  344.314367367
       1      33   -1.544765703  385.830448342
       1      34   -1.544764908  384.013847149
       1      35    2.988144870  297.415399986
       1      36    2.988144989  299.613223200
       1      37    3.659469223  350.168776136
       1      38    3.659469276  347.160862554
       1      39    4.172687694  477.186199860
       1      40    4.172687801  552.859302010
       1      41    5.105824477  163.523292224
       1      42    5.105824772  157.975469865
       1      43    5.443105188  720.176084282
       1      44    5.443105210  687.342987894
       1      45    7.036408418  297.523199940
       1      46    7.036408507  297.518538540
       1      47    7.073964237  335.878760530
       1      48    7.073964292  335.841238390
       1      49    7.695937685  404.536910519
       1      50    7.695938145  404.667724836
       1      51    8.343084959  363.109631016
       1      52    8.343085030  363.142954546
       1      53    9.010855818  319.853527705
       1      54    9.010855958  319.854095842
       1      55    9.168321373  376.733894027
       1      56    9.168322058  376.649493543
       1      57    9.744848238  286.810680837
       1      58    9.744848836  286.949368488
       1      59   11.947323065  385.370056516
       1      60   11.947323152  385.620343595
       1      61   13.618535270  205.530369623
       1      62   13.618535414  205.463914766
       1      63   14.678965991  193.212425452
       1      64   14.678966081  193.199311405
       1      65   15.052261908  204.687116190
       1      66   15.052261912  204.692860961
       1      67   15.463571707  190.596752462
       1      68   15.463572368  190.561596159
       1      69   16.411347818  245.721609200
       1      70   16.411348153  245.742134376
       1      71   17.173077952  185.864008909
       1      72   17.173078670  185.677347122
       1      73   17.227103106  251.728916456
       1      74   17.227103263  251.739212060
       1      75   17.405600714  332.501853898
       1      76   17.405601967  332.631882996
       1      77   18.119939359  253.145307928
       1      78   18.119939400  253.174946099
       1      79   18.871758809  291.660406177
       1      80   18.871758935  291.651160994
  0.250000000 -0.000000000  0.000000000      80
       1       1  -65.453278983  603.514620532
       1       2  -65.453278983  603.017477852
       1       3  -42.131328807  623.365733330
       1       4  -42.131328801  624.147943656
       1       5  -39.599192581  613.592845760
       1       6  -39.599192581  612.967870549
       1       7  -39.488544606  612.138438672
       1       8  -39.488544603  611.804542028
       1       9  -18.545596167  380.980384271
       1      10  -18.545596105  380.900836111
       1      11  -17.814951676  362.259857872
       1      12  -17.814951670  362.343121687
       1      13  -10.273785576  319.904396025
       1      14  -10.273785465  324.524180452
       1      15   -9.040027537  297.423319670
       1      16   -9.040027428  298.444964298
       1      17   -8.913921936  321.371042033
       1      18   -8.913921797  319.271656659
       1      19   -7.742949212  327.912345603
       1      20   -7.742949049  328.079163964
       1      21   -7.005206860  360.542741577
       1      22   -7.005206835  364.919547256
       1      23   -6.681851175  261.543229465
       1      24   -6.681851088  261.636150263
       1      25   -6.090485925  306.437451690
       1      26   -6.090485606  309.489280743
       1      27   -3.159539248  275.383633011
       1      28   -3.159537032  297.875990821
       1      29   -2.958517456  352.011746536
       1      30   -2.958514881  386.948807456
       1      31   -2.356331235  528.711527770
       1      32   -2.356330648  533.636767603
       1      33   -1.544762461  265.142240412
       1      34   -1.544761918  265.641592238
       1      35    2.988149811  193.418244148
       1      36    2.988149971  195.505402096
       1      37    3.659468267  337.188652954
       1      38    3.659468322  341.733731226
       1      39    4.172679357  473.687242779
       1      40    4.172679524  467.090734665
       1      41    5.105821778  190.228870027
       1      42    5.105822020  187.885347462
       1      43    5.443106299 6261.880461904
       1      44    5.443106326 3396.541285445
       1      45    7.036403998  295.736641646
       1      46    7.036404131  295.752456561
       1      47    7.073958115  337.204369200
       1      48    7.073958196  337.264091067
       1      49    7.695945270  403.882427476
       1      50    7.695945733  404.066014584
       1      51    8.343094443  359.833380442
       1      52    8.343094467  359.860193625
       1      53    9.010852919  324.180978252
       1      54    9.010852949  324.231966691
       1      55    9.168328665  384.638322001
       1      56    9.168328954  384.558444353
       1      57    9.744844980  287.031483615
       1      58    9.744845246  287.166136380
       1      59   11.947328796  379.423816492
       1      60   11.947328878  379.474795332
       1      61   13.618533482  207.350975586
       1      62   13.618533671  207.402704028
       1      63   14.678963355  190.979970406
       1      64   14.678963449  190.975957700
       1      65   15.052256131  198.080481611
       1      66   15.052256133  198.072215031
       1      67   15.463562386  196.370100354
       1      68   15.463562918  196.403894093
       1      69   16.411346471  249.065332255
       1      70   16.411346677  249.139318386
       1      71   17.173077480  183.604441481
       1      72   17.173078431  183.723532934
       1      73   17.227092588  262.531594897
       1      74   17.227092770  262.583209347
       1      75   17.405611378  339.587099458
       1      76   17.405612769  339.619378971
       1      77   18.119933675  263.621195051
       1      78   18.119933737  263.597459788
       1      79   18.871746543  290.250014490
       1      80   18.871746607  290.308006585
  0.250000000  0.250000000  0.000000000      80
       1       1  -65.417328508  586.408046005
       1       2  -65.417325139  587.312011127
       1       3  -42.193634044  619.190906723
       1       4  -42.176490881  619.034923724
       1       5  -39.680493866  617.659683705
       1       6  -39.655726195  612.990064752
       1       7  -39.554529208  600.338375711
       1       8  -39.554295165  596.599419991
       1       9  -17.542970829  389.692478518
       1      10  -17.497707451  388.925958923
       1      11  -17.350886522  378.744664219
       1      12  -17.347341285  378.609503091
       1      13  -10.414176254  276.537012373
       1      14  -10.411106309  274.677445554
       1      15  -10.256660282  285.890989742
       1      16  -10.244485221  286.387857434
       1      17   -8.880047145  284.529739576
       1      18   -8.874788741  279.987163179
       1      19   -8.614033867  321.972963980
       1      20   -8.594771752  320.685616841
       1      21   -8.253971198  293.087696828
       1      22   -8.197637531  293.050176052
       1      23   -7.025828378  276.471601016
       1      24   -7.015221615  277.670590828
       1      25   -5.866696060  384.142023114
       1      26   -5.764595658  383.282076515
       1      27   -3.122798271  268.164466101
       1      28   -3.115176687  274.733587539
       1      29   -2.459133356  310.514991323
       1      30   -2.357954624  320.838946277
       1      31   -2.253669679  280.615766977
       1      32   -2.243342906  282.904407111
       1      33   -0.709808795  397.721063713
       1      34   -0.671549298  390.848468932
       1      35    2.451122079  213.042113630
       1      36    2.497418181  211.080026533
       1      37    3.430205868  220.536517519
       1      38    3.487443869  211.174018007
       1      39    4.217254370  262.572685292
       1      40    4.222834237  265.336230913
       1      41    5.465538683  208.967770161
       1      42    5.488095603  215.252501004
       1      43    5.561688793  166.281087068
       1      44    5.581396488  171.525430073
       1      45    6.314451040  372.286261904
       1      46    6.361302288  369.915217028
       1      47    7.315096767  337.656029306
       1      48    7.320442963  337.609163452
       1      49    7.482272470  400.642030925
       1      50    7.496469972  400.048527779
       1      51    8.622711564  278.864424524
       1      52    8.633644043  277.245189405
       1      53    9.051175789  204.269552994
       1      54    9.058908412  205.640205318
       1      55   10.348222214  247.857249995
       1      56   10.383544716  252.134274423
       1      57   11.702902565  214.512929260
       1      58   11.731264198  218.254945735
       1      59   13.311677513  262.167165361
       1      60   13.328268045  254.988810025
       1      61   13.409888314  227.379311294
       1      62   13.412498359  226.890075355
       1      63   14.871480255  261.804154229
       1      64   14.904692154  224.007381674
       1      65   14.905604737  213.533395972
       1      66   14.940278249  270.350515513
       1      67   15.691549376  136.490142725
       1      68   15.692752283  136.942955965
       1      69   16.314830562  301.510257819
       1      70   16.374957974  311.717271616
       1      71   16.849955947  240.907862341
       1      72   16.865816973  235.724842619
       1      73   17.050138869  368.035621546
       1      74   17.063130357  368.647345053
       1      75   17.929793123  271.356677714
       1      76   17.935465278  267.706730293
       1      77   18.821933932  172.451494352
       1      78   18.822477933  172.351370205
       1      79   19.468108530  317.541420590
       1      80   19.478345631  318.936373827
  0.250000000  0.500000000  0.000000000      80
       1       1  -65.417328124  596.767422911
       1       2  -65.417324755  597.028169106
       1       3  -42.193634291  623.107696817
       1       4  -42.176491180  623.541269019
       1       5  -39.680493805  612.518042941
       1       6  -39.655725970  610.098571797
       1       7  -39.554530267  613.891931778
       1       8  -39.554295990  611.236464461
       1       9  -17.542968828  391.124136317
       1      10  -17.497705421  390.494912403
       1      11  -17.350880273  383.012779222
       1      12  -17.347335036  382.914638139
       1      13  -10.414182076  275.791080939
       1      14  -10.411111800  276.346948040
       1      15  -10.256671201  358.565859512
       1      16  -10.244496224  360.677687130
       1      17   -8.880047140  282.602382829
       1      18   -8.874788894  278.917960622
       1      19   -8.614033714  289.014499768
       1      20   -8.594771480  289.491016848
       1      21   -8.253968130  293.521236100
       1      22   -8.197634372  293.217930995
       1      23   -7.025826181  261.959657932
       1      24   -7.015219537  262.102470439
       1      25   -5.866701511  366.810332910
       1      26   -5.764601377  365.348900131
       1      27   -3.122793877  315.646328301
       1      28   -3.115173304  316.742906896
       1      29   -2.459113609  352.477214288
       1      30   -2.357936094  352.485224439
       1      31   -2.253664581  488.281752646
       1      32   -2.243337763  491.587090869
       1      33   -0.709827769  228.738610572
       1      34   -0.671568368  225.397904600
       1      35    2.451113889  232.800391417
       1      36    2.497411620  219.661527228
       1      37    3.430205221  335.856756693
       1      38    3.487441363  336.106434720
       1      39    4.217237293  247.386985748
       1      40    4.222817177  247.673736312
       1      41    5.465546657  227.518020398
       1      42    5.488103827  205.599839948
       1      43    5.561694040  521.703223976
       1      44    5.581402055  466.830808928
       1      45    6.314424664  367.569518443
       1      46    6.361276456  365.344098768
       1      47    7.315107222  339.713198566
       1      48    7.320453765  339.494553696
       1      49    7.482273673  400.331096140
       1      50    7.496471346  399.772068104
       1      51    8.622704181  279.996726562
       1      52    8.633636595  278.363387241
       1      53    9.051184527  196.995494799
       1      54    9.058917233  198.389581961
       1      55   10.348222159  253.161021281
       1      56   10.383545161  257.628838089
       1      57   11.702896369  212.015346655
       1      58   11.731257662  215.874803881
       1      59   13.311682827  259.996555572
       1      60   13.328272713  252.428573700
       1      61   13.409896669  235.306082490
       1      62   13.412506678  234.722539249
       1      63   14.871502539  272.093953884
       1      64   14.904698980  221.393792108
       1      65   14.905608144  207.679565917
       1      66   14.940302970  284.563134708
       1      67   15.691554126  143.882480990
       1      68   15.692757141  144.391515669
       1      69   16.314828300  296.348380927
       1      70   16.374955476  305.586413575
       1      71   16.849958958  235.873188052
       1      72   16.865820260  230.946181289
       1      73   17.050169022  369.815371420
       1      74   17.063160432  370.240692151
       1      75   17.929813199  271.892507442
       1      76   17.935484824  268.619308809
       1      77   18.821938134  158.883136259
       1      78   18.822482125  158.694564220
       1      79   19.468099686  308.455889876
       1      80   19.478335977  309.894614555
  0.250000000  0.750000000  0.000000000      80
       1       1  -65.453278835  602.113815629
       1       2  -65.453278835  601.367833248
       1       3  -42.131329027  629.871115337
       1       4  -42.131328982  627.976989430
       1       5  -39.599191293  616.743076450
       1       6  -39.599191292  616.665602852
       1       7  -39.488546795  618.989401837
       1       8  -39.488546731  617.143513724
       1       9  -18.545594924  381.244020867
       1      10  -18.545594868  381.119476971
       1      11  -17.814946813  364.769169362
       1      12  -17.814946809  364.803985260
       1      13  -10.273786883  296.179903661
       1      14  -10.273786860  294.761234165
       1      15   -9.040023136  347.248495253
       1      16   -9.040023074  349.243589872
       1      17   -8.913911630  283.173712978
       1      18   -8.913911592  285.051580701
       1      19   -7.742975455  367.857942077
       1      20   -7.742975393  370.743002688
       1      21   -7.005216911  348.897839860
       1      22   -7.005216732  348.399717881
       1      23   -6.681848785  248.785776804
       1      24   -6.681848776  249.930179092
       1      25   -6.090471170  287.531990623
       1      26   -6.090470808  287.577012052
       1      27   -3.159535522  352.083272844
       1      28   -3.159535281  347.899800662
       1      29   -2.958530894  340.469055089
       1      30   -2.958530530  335.570077834
       1      31   -2.356343131  331.909599750
       1      32   -2.356342909  328.642433593
       1      33   -1.544754998  471.706711321
       1      34   -1.544754746  467.879263785
       1      35    2.988142809  259.481156437
       1      36    2.988142850  260.347990460
       1      37    3.659472243  569.983950697
       1      38    3.659472243  569.089861902
       1      39    4.172691712  407.585653013
       1      40    4.172691773  389.396687710
       1      41    5.105827235  234.847441862
       1      42    5.105827288  246.008050515
       1      43    5.443099613  135.886447351
       1      44    5.443099619  134.567630681
       1      45    7.036411098  294.733223588
       1      46    7.036411142  294.798427153
       1      47    7.073965129  338.070845209
       1      48    7.073965155  338.197147056
       1      49    7.695936160  416.321236419
       1      50    7.695936162  416.406477333
       1      51    8.343076241  361.724295221
       1      52    8.343076289  361.692893703
       1      53    9.010863403  316.485985637
       1      54    9.010863514  316.414202788
       1      55    9.168314613  372.882595597
       1      56    9.168315009  373.214783451
       1      57    9.744862080  284.717372392
       1      58    9.744862412  285.101191948
       1      59   11.947327893  382.460566303
       1      60   11.947327898  382.704278021
       1      61   13.618537403  208.716509300
       1      62   13.618537448  208.716118750
       1      63   14.678974628  188.019894995
       1      64   14.678974632  188.041617072
       1      65   15.052265588  202.113209174
       1      66   15.052265595  202.100896637
       1      67   15.463580014  189.982959480
       1      68   15.463580143  190.010510289
       1      69   16.411336106  253.953390560
       1      70   16.411336233  254.009516441
       1      71   17.173076121  175.055671776
       1      72   17.173076354  175.131112180
       1      73   17.227111708  255.445873184
       1      74   17.227111733  255.463783421
       1      75   17.405585577  351.734450280
       1      76   17.405585715  351.698648197
       1      77   18.119932191  243.108526608
       1      78   18.119932211  243.089916192
       1      79   18.871777620  309.399482333
       1      80   18.871777682  309.509550338
  0.500000000 -0.000000000  0.000000000      80
       1       1  -65.477446092  605.773725398
       1       2  -65.477446092  605.773725437
       1       3  -42.193944609  622.857025813
       1       4  -42.193944609  622.857025786
       1       5  -39.711107244  614.009478111
       1       6  -39.711107244  614.009478077
       1       7  -39.522588210  607.000991738
       1       8  -39.522588210  607.000991713
       1       9  -17.492723973  383.864975689
       1      10  -17.492723973  383.864975695
       1      11  -17.372842743  372.575009281
       1      12  -17.372842743  372.575009276
       1      13  -11.071772809  300.963525793
       1      14  -11.071772809  300.963525766
       1      15  -10.176262172  286.841395648
       1      16  -10.176262172  286.841395838
       1      17   -9.396198244  280.818285078
       1      18   -9.396198244  280.818284946
       1      19   -8.435156080  309.308836011
       1      20   -8.435156080  309.308835741
       1      21   -7.287410975  291.353045300
       1      22   -7.287410975  291.353044404
       1      23   -6.229789924  300.286275753
       1      24   -6.229789924  300.286275740
       1      25   -5.959240934  319.115417469
       1      26   -5.959240934  319.115417856
       1      27   -3.034072194  451.034845033
       1      28   -3.034072194  451.034844868
       1      29   -2.519588666  300.638480562
       1      30   -2.519588666  300.638480048
       1      31   -1.441693951  708.210162795
       1      32   -1.441693951  708.210167825
       1      33   -1.050192283  283.881543196
       1      34   -1.050192283  283.881543940
       1      35    1.140211246  325.759179087
       1      36    1.140211246  325.759178534
       1      37    2.591014905-2404.968833625
       1      38    2.591014905-2404.968828948
       1      39    3.229695360  341.433839686
       1      40    3.229695360  341.433836322
       1      41    4.445873248 -304.002037465
       1      42    4.445873248 -304.002030760
       1      43    4.996111826  340.064669761
       1      44    4.996111826  340.064669821
       1      45    6.026348285  384.494768838
       1      46    6.026348285  384.494768639
       1      47    8.332088114  119.856208291
       1      48    8.332088114  119.856208291
       1      49    9.010766274  260.202801619
       1      50    9.010766274  260.202801608
       1      51   10.399259349  199.705820966
       1      52   10.399259349  199.705820962
       1      53   10.413672701  326.555018354
       1      54   10.413672701  326.555018358
       1      55   11.858634027  238.021249454
       1      56   11.858634027  238.021249462
       1      57   12.088194244  402.010719226
       1      58   12.088194244  402.010719233
       1      59   12.797670022  386.172147708
       1      60   12.797670022  386.172147725
       1      61   13.423924033  248.774937926
       1      62   13.423924033  248.774937915
       1      63   14.113067333  265.896807895
       1      64   14.113067333  265.896807902
       1      65   14.601981346  327.419725946
       1      66   14.601981346  327.419725943
       1      67   15.013660938  283.764135188
       1      68   15.013660938  283.764135194
       1      69   15.665364699  283.577221424
       1      70   15.665364699  283.577221393
       1      71   16.403686188  174.207373698
       1      72   16.403686188  174.207373820
       1      73   16.425571474  205.303888559
       1      74   16.425571474  205.303888758
       1      75   18.893626833  257.979576138
       1      76   18.893626833  257.979576134
       1      77   18.952808290  383.956231740
       1      78   18.952808290  383.956231757
       1      79   19.525768329  133.278380176
       1      80   19.525768329  133.278380425
  0.500000000  0.250000000  0.000000000      80
       1       1  -65.417328349  599.451392503
       1       2  -65.417324980  600.506408468
       1       3  -42.193634112  623.949973743
       1       4  -42.176490956  622.302131864
       1       5  -39.680493492  614.742175638
       1       6  -39.655725657  611.686028538
       1       7  -39.554530072  609.972945441
       1       8  -39.554295859  608.543089668
       1       9  -17.542970955  386.730736998
       1      10  -17.497707495  385.760708464
       1      11  -17.350881882  378.730171155
       1      12  -17.347336638  378.604635265
       1      13  -10.414179191  308.209552107
       1      14  -10.411108923  307.451377266
       1      15  -10.256669632  293.822771086
       1      16  -10.244494654  298.808895141
       1      17   -8.880046254  283.154605096
       1      18   -8.874788102  279.238007190
       1      19   -8.614031040  274.261276069
       1      20   -8.594768906  275.384521854
       1      21   -8.253972041  284.893931192
       1      22   -8.197638349  285.041173424
       1      23   -7.025827987  257.046316345
       1      24   -7.015221311  256.498686152
       1      25   -5.866697782  348.657242346
       1      26   -5.764597488  346.779206511
       1      27   -3.122795407  312.937129597
       1      28   -3.115174433  306.419047554
       1      29   -2.459120536  556.704597591
       1      30   -2.357942503  546.564454609
       1      31   -2.253662135  377.261346056
       1      32   -2.243335142  377.608611048
       1      33   -0.709828708  452.654724143
       1      34   -0.671569044  461.662889134
       1      35    2.451116354  375.389162234
       1      36    2.497414218  352.768857816
       1      37    3.430203733  278.827960072
       1      38    3.487439749  276.323414146
       1      39    4.217243808  314.348836056
       1      40    4.222823732  322.001333026
       1      41    5.465547600  207.170169458
       1      42    5.488103947  194.453167550
       1      43    5.561698991  271.905605975
       1      44    5.581406451  258.937374327
       1      45    6.314434150  367.029064140
       1      46    6.361286063  364.822184668
       1      47    7.315106006  344.072565444
       1      48    7.320452474  343.878308493
       1      49    7.482276296  399.186075101
       1      50    7.496474123  398.798003716
       1      51    8.622705127  286.393959561
       1      52    8.633637579  284.834169250
       1      53    9.051180106  200.313429535
       1      54    9.058912757  201.698257579
       1      55   10.348223472  254.945995564
       1      56   10.383546168  259.262592330
       1      57   11.702897410  215.510360803
       1      58   11.731258815  219.291568830
       1      59   13.311682891  260.526163962
       1      60   13.328273087  252.990490796
       1      61   13.409892292  224.545195316
       1      62   13.412502329  224.021684819
       1      63   14.871492018  269.679385410
       1      64   14.904696076  221.269280531
       1      65   14.905606839  208.082361574
       1      66   14.940291157  280.894558393
       1      67   15.691551957  140.239672180
       1      68   15.692754961  140.731561542
       1      69   16.314830613  295.189511264
       1      70   16.374957620  305.912002231
       1      71   16.849951862  232.612760605
       1      72   16.865813384  227.299915258
       1      73   17.050155995  370.017882121
       1      74   17.063147436  370.690060939
       1      75   17.929800169  270.190079643
       1      76   17.935472103  266.762786269
       1      77   18.821936594  159.371658221
       1      78   18.822480580  159.205427178
       1      79   19.468107603  309.691144142
       1      80   19.478344062  310.876161147
  0.500000000  0.500000000  0.000000000      80
       1       1  -65.477445835  587.166401686
       1       2  -65.477445835  587.166401728
       1       3  -42.193945032  626.192204373
       1       4  -42.193945032  626.192204330
       1       5  -39.711106645  612.070034444
       1       6  -39.711106645  612.070034559
       1       7  -39.522590472  617.388049682
       1       8  -39.522590472  617.388049722
       1       9  -17.492721704  383.242775388
       1      10  -17.492721704  383.242775375
       1      11  -17.372830362  380.058867353
       1      12  -17.372830362  380.058867366
       1      13  -11.071767611  307.881096862
       1      14  -11.071767611  307.881096289
       1      15  -10.176271223  312.084049159
       1      16  -10.176271223  312.084049190
       1      17   -9.396202336  236.556715362
       1      18   -9.396202336  236.556715106
       1      19   -8.435182523  401.300228514
       1      20   -8.435182523  401.300229390
       1      21   -7.287395975  243.074535555
       1      22   -7.287395975  243.074535713
       1      23   -6.229808204  304.527499869
       1      24   -6.229808204  304.527499771
       1      25   -5.959224504  272.356636583
       1      26   -5.959224504  272.356636483
       1      27   -3.034067010  417.023282296
       1      28   -3.034067010  417.023281356
       1      29   -2.519586165  444.575545990
       1      30   -2.519586165  444.575543642
       1      31   -1.441715815  327.411590906
       1      32   -1.441715815  327.411589525
       1      33   -1.050193459 1239.182106954
       1      34   -1.050193459 1239.182096442
       1      35    1.140211037  362.619970846
       1      36    1.140211037  362.619972355
       1      37    2.591000859  409.453743476
       1      38    2.591000859  409.453747558
       1      39    3.229684874  199.104987939
       1      40    3.229684874  199.104987963
       1      41    4.445888313  222.503385876
       1      42    4.445888313  222.503384513
       1      43    4.996132678  132.889074029
       1      44    4.996132678  132.889074446
       1      45    6.026329490  464.617016275
       1      46    6.026329490  464.617016408
       1      47    8.332093266  108.411416752
       1      48    8.332093266  108.411416749
       1      49    9.010769841  260.169267838
       1      50    9.010769841  260.169267839
       1      51   10.399264877  198.015865990
       1      52   10.399264877  198.015866003
       1      53   10.413667023  320.423962376
       1      54   10.413667023  320.423962376
       1      55   11.858652724  238.289377598
       1      56   11.858652724  238.289377595
       1      57   12.088178876  412.220843979
       1      58   12.088178876  412.220843969
       1      59   12.797692700  397.320195892
       1      60   12.797692700  397.320195877
       1      61   13.423922878  257.420710210
       1      62   13.423922878  257.420710221
       1      63   14.113076868  268.456958893
       1      64   14.113076868  268.456958872
       1      65   14.601999233  326.410757067
       1      66   14.601999233  326.410757070
       1      67   15.013689370  279.976528467
       1      68   15.013689370  279.976528480
       1      69   15.665336592  294.936554436
       1      70   15.665336592  294.936554446
       1      71   16.403683316  156.518637303
       1      72   16.403683316  156.518637193
       1      73   16.425565477  193.137555102
       1      74   16.425565477  193.137555157
       1      75   18.893617466  269.382180138
       1      76   18.893617466  269.382180100
       1      77   18.952837508  392.425378957
       1      78   18.952837508  392.425378961
       1      79   19.525781305  117.943439535
       1      80   19.525781305  117.943439543
  0.500000000  0.750000000  0.000000000      80
       1       1  -65.417328349  599.451392503
       1       2  -65.417324980  600.506408468
       1       3  -42.193634112  623.949973743
       1       4  -42.176490956  622.302131864
       1       5  -39.680493492  614.742175638
       1       6  -39.655725657  611.686028538
       1       7  -39.554530072  609.972945441
       1       8  -39.554295859  608.543089668
       1       9  -17.542970955  386.730736998
       1      10  -17.497707495  385.760708464
       1      11  -17.350881882  378.730171155
       1      12  -17.347336638  378.604635265
       1      13  -10.414179191  308.209552107
       1      14  -10.411108923  307.451377266
       1      15  -10.256669632  293.822771086
       1      16  -10.244494654  298.808895141
       1      17   -8.880046254  283.154605096
       1      18   -8.874788102  279.238007190
       1      19   -8.614031040  274.261276069
       1      20   -8.594768906  275.384521854
       1      21   -8.253972041  284.893931192
       1      22   -8.197638349  285.041173424
       1      23   -7.025827987  257.046316345
       1      24   -7.015221311  256.498686152
       1      25   -5.866697782  348.657242346
       1      26   -5.764597488  346.779206511
       1      27   -3.122795407  312.937129597
       1      28   -3.115174433  306.419047554
       1      29   -2.459120536  556.704597591
       1      30   -2.357942503  546.564454609
       1      31   -2.253662135  377.261346056
       1      32   -2.243335142  377.608611048
       1      33   -0.709828708  452.654724143
       1      34   -0.671569044  461.662889134
       1      35    2.451116354  375.389162234
       1      36    2.497414218  352.768857816
       1      37    3.430203733  278.827960072
       1      38    3.487439749  276.323414146
       1      39    4.217243808  314.348836056
       1      40    4.222823732  322.001333026
       1      41    5.465547600  207.170169458
       1      42    5.488103947  194.453167550
       1      43    5.561698991  271.905605975
       1      44    5.581406451  258.937374327
       1      45    6.314434150  367.029064140
       1      46    6.361286063  364.822184668
       1      47    7.315106006  344.072565444
       1      48    7.320452474  343.878308493
       1      49    7.482276296  399.186075101
       1      50    7.496474123  398.798003716
       1      51    8.622705127  286.393959561
       1      52    8.633637579  284.834169250
       1      53    9.051180106  200.313429535
       1      54    9.058912757  201.698257579
       1      55   10.348223472  254.945995564
       1      56   10.383546168  259.262592330
       1      57   11.702897410  215.510360803
       1      58   11.731258815  219.291568830
       1      59   13.311682891  260.526163962
       1      60   13.328273087  252.990490796
       1      61   13.409892292  224.545195316
       1      62   13.412502329  224.021684819
       1      63   14.871492018  269.679385410
       1      64   14.904696076  221.269280531
       1      65   14.905606839  208.082361574
       1      66   14.940291157  280.894558393
       1      67   15.691551957  140.239672180
       1      68   15.692754961  140.731561542
       1      69   16.314830613  295.189511264
       1      70   16.374957620  305.912002231
       1      71   16.849951862  232.612760605
       1      72   16.865813384  227.299915258
       1      73   17.050155995  370.017882121
       1      74   17.063147436  370.690060939
       1      75   17.929800169  270.190079643
       1      76   17.935472103  266.762786269
       1      77   18.821936594  159.371658221
       1      78   18.822480580  159.205427178
       1      79   19.468107603  309.691144142
       1      80   19.478344062  310.876161147
  0.750000000 -0.000000000  0.000000000      80
       1       1  -65.453278983  603.514620532
       1       2  -65.453278983  603.017477852
       1       3  -42.131328807  623.365733330
       1       4  -42.131328801  624.147943656
       1       5  -39.599192581  613.592845760
       1       6  -39.599192581  612.967870549
       1       7  -39.488544606  612.138438672
       1       8  -39.488544603  611.804542028
       1       9  -18.545596167  380.980384271
       1      10  -18.545596105  380.900836111
       1      11  -17.814951676  362.259857872
       1      12  -17.814951670  362.343121687
       1      13  -10.273785576  319.904396025
       1      14  -10.273785465  324.524180452
       1      15   -9.040027537  297.423319670
       1      16   -9.040027428  298.444964298
       1      17   -8.913921936  321.371042033
       1      18   -8.913921797  319.271656659
       1      19   -7.742949212  327.912345603
       1      20   -7.742949049  328.079163964
       1      21   -7.005206860  360.542741577
       1      22   -7.005206835  364.919547256
       1      23   -6.681851175  261.543229465
       1      24   -6.681851088  261.636150263
       1      25   -6.090485925  306.437451690
       1      26   -6.090485606  309.489280743
       1      27   -3.159539248  275.383633011
       1      28   -3.159537032  297.875990821
       1      29   -2.958517456  352.011746536
       1      30   -2.958514881  386.948807456
       1      31   -2.356331235  528.711527770
       1      32   -2.356330648  533.636767603
       1      33   -1.544762461  265.142240412
       1      34   -1.544761918  265.641592238
       1      35    2.988149811  193.418244148
       1      36    2.988149971  195.505402096
       1      37    3.659468267  337.188652954
       1      38    3.659468322  341.733731226
       1      39    4.172679357  473.687242779
       1      40    4.172679524  467.090734665
       1      41    5.105821778  190.228870027
       1      42    5.105822020  187.885347462
       1      43    5.443106299 6261.880461904
       1      44    5.443106326 3396.541285445
       1      45    7.036403998  295.736641646
       1      46    7.036404131  295.752456561
       1      47    7.073958115  337.204369200
       1      48    7.073958196  337.264091067
       1      49    7.695945270  403.882427476
       1      50    7.695945733  404.066014584
       1      51    8.343094443  359.833380442
       1      52    8.343094467  359.860193625
       1      53    9.010852919  324.180978252
       1      54    9.010852949  324.231966691
       1      55    9.168328665  384.638322001
       1      56    9.168328954  384.558444353
       1      57    9.744844980  287.031483615
       1      58    9.744845246  287.166136380
       1      59   11.947328796  379.423816492
       1      60   11.947328878  379.474795332
       1      61   13.618533482  207.350975586
       1      62   13.618533671  207.402704028
       1      63   14.678963355  190.979970406
       1      64   14.678963449  190.975957700
       1      65   15.052256131  198.080481611
       1      66   15.052256133  198.072215031
       1      67   15.463562386  196.370100354
       1      68   15.463562918  196.403894093
       1      69   16.411346471  249.065332255
       1      70   16.411346677  249.139318386
       1      71   17.173077480  183.604441481
       1      72   17.173078431  183.723532934
       1      73   17.227092588  262.531594897
       1      74   17.227092770  262.583209347
       1      75   17.405611378  339.587099458
       1      76   17.405612769  339.619378971
       1      77   18.119933675  263.621195051
       1      78   18.119933737  263.597459788
       1      79   18.871746543  290.250014490
       1      80   18.871746607  290.308006585
  0.750000000  0.250000000  0.000000000      80
       1       1  -65.453278835  602.113815629
       1       2  -65.453278835  601.367833248
       1       3  -42.131329027  629.871115337
       1       4  -42.131328982  627.976989430
       1       5  -39.599191293  616.743076450
       1       6  -39.599191292  616.665602852
       1       7  -39.488546795  618.989401837
       1       8  -39.488546731  617.143513724
       1       9  -18.545594924  381.244020867
       1      10  -18.545594868  381.119476971
       1      11  -17.814946813  364.769169362
       1      12  -17.814946809  364.803985260
       1      13  -10.273786883  296.179903661
       1      14  -10.273786860  294.761234165
       1      15   -9.040023136  347.248495253
       1      16   -9.040023074  349.243589872
       1      17   -8.913911630  283.173712978
       1      18   -8.913911592  285.051580701
       1      19   -7.742975455  367.857942077
       1      20   -7.742975393  370.743002688
       1      21   -7.005216911  348.897839860
       1      22   -7.005216732  348.399717881
       1      23   -6.681848785  248.785776804
       1      24   -6.681848776  249.930179092
       1      25   -6.090471170  287.531990623
       1      26   -6.090470808  287.577012052
       1      27   -3.159535522  352.083272844
       1      28   -3.159535281  347.899800662
       1      29   -2.958530894  340.469055089
       1      30   -2.958530530  335.570077834
       1      31   -2.356343131  331.909599750
       1      32   -2.356342909  328.642433593
       1      33   -1.544754998  471.706711321
       1      34   -1.544754746  467.879263785
       1      35    2.988142809  259.481156437
       1      36    2.988142850  260.347990460
       1      37    3.659472243  569.983950697
       1      38    3.659472243  569.089861902
       1      39    4.172691712  407.585653013
       1      40    4.172691773  389.396687710
       1      41    5.105827235  234.847441862
       1      42    5.105827288  246.008050515
       1      43    5.443099613  135.886447351
       1      44    5.443099619  134.567630681
       1      45    7.036411098  294.733223588
       1      46    7.036411142  294.798427153
       1      47    7.073965129  338.070845209
       1      48    7.073965155  338.197147056
       1      49    7.695936160  416.321236419
       1      50    7.695936162  416.406477333
       1      51    8.343076241  361.724295221
       1      52    8.343076289  361.692893703
       1      53    9.010863403  316.485985637
       1      54    9.010863514  316.414202788
       1      55    9.168314613  372.882595597
       1      56    9.168315009  373.214783451
       1      57    9.744862080  284.717372392
       1      58    9.744862412  285.101191948
       1      59   11.947327893  382.460566303
       1      60   11.947327898  382.704278021
       1      61   13.618537403  208.716509300
       1      62   13.618537448  208.716118750
       1      63   14.678974628  188.019894995
       1      64   14.678974632  188.041617072
       1      65   15.052265588  202.113209174
       1      66   15.052265595  202.100896637
       1      67   15.463580014  189.982959480
       1      68   15.463580143  190.010510289
       1      69   16.411336106  253.953390560
       1      70   16.411336233  254.009516441
       1      71   17.173076121  175.055671776
       1      72   17.173076354  175.131112180
       1      73   17.227111708  255.445873184
       1      74   17.227111733  255.463783421
       1      75   17.405585577  351.734450280
       1      76   17.405585715  351.698648197
       1      77   18.119932191  243.108526608
       1      78   18.119932211  243.089916192
       1      79   18.871777620  309.399482333
       1      80   18.871777682  309.509550338
  0.750000000  0.500000000  0.000000000      80
       1       1  -65.417328124  596.767422911
       1       2  -65.417324755  597.028169106
       1       3  -42.193634291  623.107696817
       1       4  -42.176491180  623.541269019
       1       5  -39.680493805  612.518042941
       1       6  -39.655725970  610.098571797
       1       7  -39.554530267  613.891931778
       1       8  -39.554295990  611.236464461
       1       9  -17.542968828  391.124136317
       1      10  -17.497705421  390.494912403
       1      11  -17.350880273  383.012779222
       1      12  -17.347335036  382.914638139
       1      13  -10.414182076  275.791080939
       1      14  -10.411111800  276.346948040
       1      15  -10.256671201  358.565859512
       1      16  -10.244496224  360.677687130
       1      17   -8.880047140  282.602382829
       1      18   -8.874788894  278.917960622
       1      19   -8.614033714  289.014499768
       1      20   -8.594771480  289.491016848
       1      21   -8.253968130  293.521236100
       1      22   -8.197634372  293.217930995
       1      23   -7.025826181  261.959657932
       1      24   -7.015219537  262.102470439
       1      25   -5.866701511  366.810332910
       1      26   -5.764601377  365.348900131
       1      27   -3.122793877  315.646328301
       1      28   -3.115173304  316.742906896
       1      29   -2.459113609  352.477214288
       1      30   -2.357936094  352.485224439
       1      31   -2.253664581  488.281752646
       1      32   -2.243337763  491.587090869
       1      33   -0.709827769  228.738610572
       1      34   -0.671568368  225.397904600
       1      35    2.451113889  232.800391417
       1      36    2.497411620  219.661527228
       1      37    3.430205221  335.856756693
       1      38    3.487441363  336.106434720
       1      39    4.217237293  247.386985748
       1      40    4.222817177  247.673736312
       1      41    5.465546657  227.518020398
       1      42    5.488103827  205.599839948
       1      43    5.561694040  521.703223976
       1      44    5.581402055  466.830808928
       1      45    6.314424664  367.569518443
       1      46    6.361276456  365.344098768
       1      47    7.315107222  339.713198566
       1      48    7.320453765  339.494553696
       1      49    7.482273673  400.331096140
       1      50    7.496471346  399.772068104
       1      51    8.622704181  279.996726562
       1      52    8.633636595  278.363387241
       1      53    9.051184527  196.995494799
       1      54    9.058917233  198.389581961
       1      55   10.348222159  253.161021281
       1      56   10.383545161  257.628838089
       1      57   11.702896369  212.015346655
       1      58   11.731257662  215.874803881
       1      59   13.311682827  259.996555572
       1      60   13.328272713  252.428573700
       1      61   13.409896669  235.306082490
       1      62   13.412506678  234.722539249
       1      63   14.871502539  272.093953884
       1      64   14.904698980  221.393792108
       1      65   14.905608144  207.679565917
       1      66   14.940302970  284.563134708
       1      67   15.691554126  143.882480990
       1      68   15.692757141  144.391515669
       1      69   16.314828300  296.348380927
       1      70   16.374955476  305.586413575
       1      71   16.849958958  235.873188052
       1      72   16.865820260  230.946181289
       1      73   17.050169022  369.815371420
       1      74   17.063160432  370.240692151
       1      75   17.929813199  271.892507442
       1      76   17.935484824  268.619308809
       1      77   18.821938134  158.883136259
       1      78   18.822482125  158.694564220
       1      79   19.468099686  308.455889876
       1      80   19.478335977  309.894614555
  0.750000000  0.750000000  0.000000000      80
       1       1  -65.417328508  586.408046005
       1       2  -65.417325139  587.312011127
       1       3  -42.193634044  619.190906723
       1       4  -42.176490881  619.034923724
       1       5  -39.680493866  617.659683705
       1       6  -39.655726195  612.990064752
       1       7  -39.554529208  600.338375711
       1       8  -39.554295165  596.599419991
       1       9  -17.542970829  389.692478518
       1      10  -17.497707451  388.925958923
       1      11  -17.350886522  378.744664219
       1      12  -17.347341285  378.609503091
       1      13  -10.414176254  276.537012373
       1      14  -10.411106309  274.677445554
       1      15  -10.256660282  285.890989742
       1      16  -10.244485221  286.387857434
       1      17   -8.880047145  284.529739576
       1      18   -8.874788741  279.987163179
       1      19   -8.614033867  321.972963980
       1      20   -8.594771752  320.685616841
       1      21   -8.253971198  293.087696828
       1      22   -8.197637531  293.050176052
       1      23   -7.025828378  276.471601016
       1      24   -7.015221615  277.670590828
       1      25   -5.866696060  384.142023114
       1      26   -5.764595658  383.282076515
       1      27   -3.122798271  268.164466101
       1      28   -3.115176687  274.733587539
       1      29   -2.459133356  310.514991323
       1      30   -2.357954624  320.838946277
       1      31   -2.253669679  280.615766977
       1      32   -2.243342906  282.904407111
       1      33   -0.709808795  397.721063713
       1      34   -0.671549298  390.848468932
       1      35    2.451122079  213.042113630
       1      36    2.497418181  211.080026533
       1      37    3.430205868  220.536517519
       1      38    3.487443869  211.174018007
       1      39    4.217254370  262.572685292
       1      40    4.222834237  265.336230913
       1      41    5.465538683  208.967770161
       1      42    5.488095603  215.252501004
       1      43    5.561688793  166.281087068
       1      44    5.581396488  171.525430073
       1      45    6.314451040  372.286261904
       1      46    6.361302288  369.915217028
       1      47    7.315096767  337.656029306
       1      48    7.320442963  337.609163452
       1      49    7.482272470  400.642030925
       1      50    7.496469972  400.048527779
       1      51    8.622711564  278.864424524
       1      52    8.633644043  277.245189405
       1      53    9.051175789  204.269552994
       1      54    9.058908412  205.640205318
       1      55   10.348222214  247.857249995
       1      56   10.383544716  252.134274423
       1      57   11.702902565  214.512929260
       1      58   11.731264198  218.254945735
       1      59   13.311677513  262.167165361
       1      60   13.328268045  254.988810025
       1      61   13.409888314  227.379311294
       1      62   13.412498359  226.890075355
       1      63   14.871480255  261.804154229
       1      64   14.904692154  224.007381674
       1      65   14.905604737  213.533395972
       1      66   14.940278249  270.350515513
       1      67   15.691549376  136.490142725
       1      68   15.692752283  136.942955965
       1      69   16.314830562  301.510257819
       1      70   16.374957974  311.717271616
       1      71   16.849955947  240.907862341
       1      72   16.865816973  235.724842619
       1      73   17.050138869  368.035621546
       1      74   17.063130357  368.647345053
       1      75   17.929793123  271.356677714
       1      76   17.935465278  267.706730293
       1      77   18.821933932  172.451494352
       1      78   18.822477933  172.351370205
       1      79   19.468108530  317.541420590
       1      80   19.478345631  318.936373827
