# Generated by LORRAX 0.1.0 at 2026-05-13 18:02:10 UTC
  0.000000000  0.000000000  0.000000000      80
       1       1  -65.372252713  579.974720276
       1       2  -65.372252713  579.975187275
       1       3  -41.997239406  606.706938868
       1       4  -41.997239406  606.702896529
       1       5  -39.497234763  598.278067867
       1       6  -39.497234763  598.277549944
       1       7  -39.272877200  609.626562592
       1       8  -39.272877200  609.628193719
       1       9  -19.398603934  379.732610630
       1      10  -19.398603934  379.731698765
       1      11  -18.214280028  351.868143513
       1      12  -18.214280028  351.869483342
       1      13  -10.873767665  282.980218166
       1      14  -10.873767665  282.854151840
       1      15   -7.815639791  377.455226974
       1      16   -7.815639791  377.475999471
       1      17   -7.759785208  373.840058926
       1      18   -7.759785208  373.830665432
       1      19   -7.145276163  230.993817175
       1      20   -7.145276163  231.006386165
       1      21   -6.779802660  359.579580927
       1      22   -6.779802660  359.576697451
       1      23   -6.699109091  359.195251495
       1      24   -6.699109091  359.194433414
       1      25   -5.386093228  330.088735893
       1      26   -5.386093228  330.089249398
       1      27   -2.581487766  343.376791764
       1      28   -2.581487766  343.368602991
       1      29   -2.505729283  341.599220057
       1      30   -2.505729283  341.615852966
       1      31   -2.332526379  326.708217713
       1      32   -2.332526379  326.720543636
       1      33   -2.326587078  325.123387449
       1      34   -2.326587078  325.125103960
       1      35    1.113319981  353.208684220
       1      36    1.113319981  353.223378489
       1      37    3.714013537  282.011765129
       1      38    3.714013537  281.989759239
       1      39    3.951990992  118.563214242
       1      40    3.951990992  118.573074507
       1      41    4.776396958   26.861534057
       1      42    4.776396958   26.860960224
       1      43    5.486223595  317.740489707
       1      44    5.486223595  317.778056314
       1      45    5.562326938  323.274700346
       1      46    5.562326938  323.121465990
       1      47    7.461580352  362.731011314
       1      48    7.461580352  362.730343497
       1      49    7.478940205  363.749942831
       1      50    7.478940205  363.749624294
       1      51    7.640758303  313.854048425
       1      52    7.640758303  313.854432247
       1      53   10.750583907  353.874448120
       1      54   10.750583907  353.874577693
       1      55   10.765262863  353.920726611
       1      56   10.765262863  353.921435910
       1      57   10.847684787  380.299221978
       1      58   10.847684787  380.300075955
       1      59   11.103918741  373.698075688
       1      60   11.103918741  373.698557897
       1      61   11.110759105  373.601097784
       1      62   11.110759105  373.600772720
       1      63   11.238345647  184.851085326
       1      64   11.238345647  184.850933339
       1      65   14.009904811  165.222837970
       1      66   14.009904811  165.222716730
       1      67   14.263648017  112.525505115
       1      68   14.263648017  112.525330429
       1      69   14.654707915  173.558363814
       1      70   14.654707915  173.558040705
       1      71   16.051968718  218.345287664
       1      72   16.051968718  218.345160981
       1      73   18.076102043  323.151002745
       1      74   18.076102043  323.150546831
       1      75   18.251524864  316.065093405
       1      76   18.251524864  316.064298194
       1      77   20.596317563  187.948683804
       1      78   20.596317563  187.948579338
       1      79   20.815167666  176.948078401
       1      80   20.815167666  176.947847497
  0.000000000  0.333333333  0.000000000      80
       1       1  -65.392798966  585.738090341
       1       2  -65.392798966  585.737648917
       1       3  -42.080406803  606.460213857
       1       4  -42.080406756  606.415067784
       1       5  -39.576633882  600.168484119
       1       6  -39.576633873  600.156673840
       1       7  -39.426547754  604.275625179
       1       8  -39.426547701  604.214298327
       1       9  -18.084492826  381.988029967
       1      10  -18.084492822  381.988805819
       1      11  -17.638782722  368.636280400
       1      12  -17.638782720  368.638690880
       1      13  -10.524665254  305.807693857
       1      14  -10.524665196  305.797841623
       1      15   -9.566582664  282.947404869
       1      16   -9.566582603  282.955161182
       1      17   -9.176329718  282.665856207
       1      18   -9.176329656  282.689987052
       1      19   -8.120290201  343.527869208
       1      20   -8.120290072  343.690208407
       1      21   -7.044057807  247.722249476
       1      22   -7.044057793  247.706489810
       1      23   -6.595082220  331.501618994
       1      24   -6.595079390  331.628882239
       1      25   -6.289899601  367.941943722
       1      26   -6.289896456  367.935845993
       1      27   -3.056465410  389.885553924
       1      28   -3.056463380  389.944910066
       1      29   -2.954588525  369.728003251
       1      30   -2.954586146  369.822120980
       1      31   -1.863615373  358.577989074
       1      32   -1.863614549  358.512470899
       1      33   -1.263891886  342.044225751
       1      34   -1.263891011  342.169734235
       1      35    2.649881844  277.120689507
       1      36    2.649882106  277.083883964
       1      37    2.893229927  270.569798031
       1      38    2.893229985  270.298335322
       1      39    3.304597703  275.323174029
       1      40    3.304598358  275.360822564
       1      41    5.155271593  166.770806079
       1      42    5.155271638  166.408634920
       1      43    5.593536507  265.701464228
       1      44    5.593537153  265.156340668
       1      45    7.168541443  412.296309633
       1      46    7.168541737  412.299952824
       1      47    7.616675743  193.652153950
       1      48    7.616675743  193.650252454
       1      49    7.719676635  337.373280782
       1      50    7.719676785  337.380954672
       1      51    9.143825613  354.110096841
       1      52    9.143825642  354.114775590
       1      53    9.711198701  239.114441963
       1      54    9.711199303  239.122616788
       1      55   10.065542634  391.149539805
       1      56   10.065543235  391.149291228
       1      57   10.144713365  322.454516483
       1      58   10.144713579  322.460781585
       1      59   12.357125907  382.200731325
       1      60   12.357125943  382.194756235
       1      61   13.541741152  136.206209639
       1      62   13.541741179  136.207183185
       1      63   13.877065352  126.069384673
       1      64   13.877065712  126.072503129
       1      65   14.840728597  155.449905513
       1      66   14.840728743  155.451273436
       1      67   15.590640243  166.991425497
       1      68   15.590640323  166.989957103
       1      69   16.288988903  322.004525208
       1      70   16.288989215  322.010108534
       1      71   17.050900062  307.412828943
       1      72   17.050900459  307.416095608
       1      73   17.207930619   93.770868672
       1      74   17.207930631   93.770110989
       1      75   17.657339838  131.257853982
       1      76   17.657339921  131.259346880
       1      77   19.467538755  295.592941377
       1      78   19.467538763  295.591245589
       1      79   19.553067055  338.059936019
       1      80   19.553067233  338.063258296
  0.000000000  0.666666667  0.000000000      80
       1       1  -65.392798966  585.738090341
       1       2  -65.392798966  585.737648917
       1       3  -42.080406803  606.460213857
       1       4  -42.080406756  606.415067784
       1       5  -39.576633882  600.168484119
       1       6  -39.576633873  600.156673840
       1       7  -39.426547754  604.275625179
       1       8  -39.426547701  604.214298327
       1       9  -18.084492826  381.988029967
       1      10  -18.084492822  381.988805819
       1      11  -17.638782722  368.636280400
       1      12  -17.638782720  368.638690880
       1      13  -10.524665254  305.807693857
       1      14  -10.524665196  305.797841623
       1      15   -9.566582664  282.947404869
       1      16   -9.566582603  282.955161182
       1      17   -9.176329718  282.665856207
       1      18   -9.176329656  282.689987052
       1      19   -8.120290201  343.527869208
       1      20   -8.120290072  343.690208407
       1      21   -7.044057807  247.722249476
       1      22   -7.044057793  247.706489810
       1      23   -6.595082220  331.501618994
       1      24   -6.595079390  331.628882239
       1      25   -6.289899601  367.941943722
       1      26   -6.289896456  367.935845993
       1      27   -3.056465410  389.885553924
       1      28   -3.056463380  389.944910066
       1      29   -2.954588525  369.728003251
       1      30   -2.954586146  369.822120980
       1      31   -1.863615373  358.577989074
       1      32   -1.863614549  358.512470899
       1      33   -1.263891886  342.044225751
       1      34   -1.263891011  342.169734235
       1      35    2.649881844  277.120689507
       1      36    2.649882106  277.083883964
       1      37    2.893229927  270.569798031
       1      38    2.893229985  270.298335322
       1      39    3.304597703  275.323174029
       1      40    3.304598358  275.360822564
       1      41    5.155271593  166.770806079
       1      42    5.155271638  166.408634920
       1      43    5.593536507  265.701464228
       1      44    5.593537153  265.156340668
       1      45    7.168541443  412.296309633
       1      46    7.168541737  412.299952824
       1      47    7.616675743  193.652153950
       1      48    7.616675743  193.650252454
       1      49    7.719676635  337.373280782
       1      50    7.719676785  337.380954672
       1      51    9.143825613  354.110096841
       1      52    9.143825642  354.114775590
       1      53    9.711198701  239.114441963
       1      54    9.711199303  239.122616788
       1      55   10.065542634  391.149539805
       1      56   10.065543235  391.149291228
       1      57   10.144713365  322.454516483
       1      58   10.144713579  322.460781585
       1      59   12.357125907  382.200731325
       1      60   12.357125943  382.194756235
       1      61   13.541741152  136.206209639
       1      62   13.541741179  136.207183185
       1      63   13.877065352  126.069384673
       1      64   13.877065712  126.072503129
       1      65   14.840728597  155.449905513
       1      66   14.840728743  155.451273436
       1      67   15.590640243  166.991425497
       1      68   15.590640323  166.989957103
       1      69   16.288988903  322.004525208
       1      70   16.288989215  322.010108534
       1      71   17.050900062  307.412828943
       1      72   17.050900459  307.416095608
       1      73   17.207930619   93.770868672
       1      74   17.207930631   93.770110989
       1      75   17.657339838  131.257853982
       1      76   17.657339921  131.259346880
       1      77   19.467538755  295.592941377
       1      78   19.467538763  295.591245589
       1      79   19.553067055  338.059936019
       1      80   19.553067233  338.063258296
  0.333333333  0.000000000  0.000000000      80
       1       1  -65.392799037  588.508690855
       1       2  -65.392799037  588.525873829
       1       3  -42.080406559  606.649757808
       1       4  -42.080406552  606.685700760
       1       5  -39.576634202  599.631396335
       1       6  -39.576634201  599.630492387
       1       7  -39.426546623  605.417451069
       1       8  -39.426546619  605.450247778
       1       9  -18.084495257  381.854331586
       1      10  -18.084495198  381.855319255
       1      11  -17.638784954  367.162838290
       1      12  -17.638784947  367.164460700
       1      13  -10.524665499  305.917513884
       1      14  -10.524665399  306.132097165
       1      15   -9.566583398  284.412031365
       1      16   -9.566583327  284.473535923
       1      17   -9.176334037  281.204253114
       1      18   -9.176334011  281.139575066
       1      19   -8.120282093  343.323463227
       1      20   -8.120281965  343.549595744
       1      21   -7.044059400  249.836780723
       1      22   -7.044059395  249.848219237
       1      23   -6.595074415  332.175458920
       1      24   -6.595072720  332.233042973
       1      25   -6.289901239  365.098135704
       1      26   -6.289899363  365.060205570
       1      27   -3.056462027  390.540298594
       1      28   -3.056460802  390.523482575
       1      29   -2.954588643  369.386892635
       1      30   -2.954587134  369.480129007
       1      31   -1.863614408  359.327182947
       1      32   -1.863613861  359.346076421
       1      33   -1.263888590  348.292250385
       1      34   -1.263888018  348.023288537
       1      35    2.649882235  277.417104636
       1      36    2.649882457  277.408634990
       1      37    2.893232275  272.579275340
       1      38    2.893232349  272.750612543
       1      39    3.304595995  268.694897161
       1      40    3.304596673  268.384397394
       1      41    5.155271343  169.523246560
       1      42    5.155271378  169.389440240
       1      43    5.593533717  253.260296489
       1      44    5.593534325  253.694444775
       1      45    7.168551725  405.940666747
       1      46    7.168551913  405.951883666
       1      47    7.616670289  187.806859985
       1      48    7.616670291  187.802888416
       1      49    7.719668185  335.564063631
       1      50    7.719668625  335.568513142
       1      51    9.143833046  346.854633244
       1      52    9.143833050  346.853327536
       1      53    9.711196923  239.159970302
       1      54    9.711196973  239.155362380
       1      55   10.065545510  387.755504225
       1      56   10.065545726  387.749085060
       1      57   10.144710139  322.129108107
       1      58   10.144710255  322.124364241
       1      59   12.357129831  369.340690850
       1      60   12.357129844  369.336137786
       1      61   13.541740430  136.709508294
       1      62   13.541740458  136.709152101
       1      63   13.877062637  125.266575499
       1      64   13.877062972  125.265671935
       1      65   14.840724016  155.755385334
       1      66   14.840724107  155.757750721
       1      67   15.590635878  166.418175813
       1      68   15.590635940  166.417365408
       1      69   16.289002142  326.057396243
       1      70   16.289002434  326.057808647
       1      71   17.050897742  303.789686593
       1      72   17.050898016  303.791086570
       1      73   17.207927796   72.985945002
       1      74   17.207927806   72.985403807
       1      75   17.657340173  142.960976598
       1      76   17.657340245  142.961055958
       1      77   19.467532090  280.359803482
       1      78   19.467532288  280.356744460
       1      79   19.553053443  324.018710287
       1      80   19.553053551  324.021608732
  0.333333333  0.333333333  0.000000000      80
       1       1  -65.289462674  587.967592886
       1       2  -65.289458498  587.970351552
       1       3  -42.122164959  606.130833953
       1       4  -42.099980776  605.553940816
       1       5  -39.582218453  605.236041880
       1       6  -39.538369072  597.267071276
       1       7  -39.534507936  604.367246576
       1       8  -39.522506870  597.077661237
       1       9  -17.273677014  388.952582597
       1      10  -17.230830371  379.524735279
       1      11  -17.227364559  379.320981289
       1      12  -17.210674522  388.267699000
       1      13  -10.760539097  310.310892453
       1      14  -10.751426497  312.056379045
       1      15   -9.925139452  279.953697615
       1      16   -9.889645880  280.675128024
       1      17   -9.441757424  296.689293033
       1      18   -9.382373825  296.342205500
       1      19   -8.864992892  278.955450758
       1      20   -8.839966769  282.341050387
       1      21   -8.314099160  263.729783720
       1      22   -8.264529569  263.628602299
       1      23   -7.587981801  266.486819121
       1      24   -7.566418118  265.792648080
       1      25   -5.326194433  400.178089564
       1      26   -5.193615013  397.794191188
       1      27   -3.493546231  426.362202391
       1      28   -3.489961138  425.989163364
       1      29   -2.349113707  334.205733510
       1      30   -2.318860600  334.392898465
       1      31   -1.737564400  389.103041412
       1      32   -1.607455393  389.851105600
       1      33   -0.396867227  391.762820195
       1      34   -0.320176487  390.394227544
       1      35    2.059713038  307.894717262
       1      36    2.197666140  305.115877251
       1      37    2.544442308  246.653718979
       1      38    2.547608527  246.184708825
       1      39    4.779964241  193.868675551
       1      40    4.790014769  193.617267173
       1      41    5.792461787  338.166174191
       1      42    5.847474768  340.748307441
       1      43    6.356892050  397.683315972
       1      44    6.375935048  398.615641400
       1      45    7.147368562  245.060366229
       1      46    7.164537649  245.531787016
       1      47    7.271748297  348.151929125
       1      48    7.332088902  346.699041949
       1      49    7.688872609  360.635629200
       1      50    7.718731243  360.918694423
       1      51    7.723234905  375.452042900
       1      52    7.742221738  375.349356926
       1      53    9.005470692  202.069582801
       1      54    9.005477775  202.060578368
       1      55   10.575349631  247.548869873
       1      56   10.637024943  248.021770093
       1      57   11.728256450  198.359753686
       1      58   11.732589612  197.281737457
       1      59   12.950803713   87.966390829
       1      60   12.953291303  101.646999290
       1      61   13.273329269  294.188563940
       1      62   13.344626934  101.813131467
       1      63   13.372806595  203.861321992
       1      64   13.502358420  408.114060493
       1      65   14.091708187  159.630932100
       1      66   14.097492939  159.372862088
       1      67   14.882463387  120.897770988
       1      68   14.897878531  121.483952484
       1      69   15.456547656  219.261202891
       1      70   15.475578938  218.884475727
       1      71   17.724108897  199.857729875
       1      72   17.738871981  199.836577623
       1      73   19.265162533  361.065539116
       1      74   19.265337873  361.317864012
       1      75   20.119739824  353.457239516
       1      76   20.145671630  346.931838773
       1      77   20.189680980  369.723711836
       1      78   20.193331317  374.546040113
       1      79   20.210405005  127.059265288
       1      80   20.217787930  122.328327740
  0.333333333  0.666666667  0.000000000      80
       1       1  -65.392798949  586.399485179
       1       2  -65.392798949  586.419250160
       1       3  -42.080406898  606.347618954
       1       4  -42.080406858  606.309935208
       1       5  -39.576633312  599.448282443
       1       6  -39.576633304  599.425617381
       1       7  -39.426548780  604.840701246
       1       8  -39.426548732  604.797816493
       1       9  -18.084493443  381.563731602
       1      10  -18.084493388  381.561267015
       1      11  -17.638776812  368.200733548
       1      12  -17.638776807  368.204776174
       1      13  -10.524665075  311.179015229
       1      14  -10.524665033  310.747978938
       1      15   -9.566581673  286.991015110
       1      16   -9.566581663  286.937331948
       1      17   -9.176332360  280.654867595
       1      18   -9.176332325  280.763424640
       1      19   -8.120308135  344.979099679
       1      20   -8.120308134  344.785533447
       1      21   -7.044052525  249.125054678
       1      22   -7.044052507  249.123740682
       1      23   -6.595086813  331.174989042
       1      24   -6.595085679  331.198229049
       1      25   -6.289884454  364.159448943
       1      26   -6.289883185  364.252506592
       1      27   -3.056468204  390.184789982
       1      28   -3.056467399  390.489356108
       1      29   -2.954590279  369.057698421
       1      30   -2.954589408  369.194274278
       1      31   -1.863629800  358.292695202
       1      32   -1.863629524  358.353612201
       1      33   -1.263885267  344.822126607
       1      34   -1.263884964  345.359893092
       1      35    2.649883260  276.367698826
       1      36    2.649883301  276.418614317
       1      37    2.893230932  273.007848279
       1      38    2.893230947  273.323189719
       1      39    3.304594270  266.988030472
       1      40    3.304594293  267.619823211
       1      41    5.155266710  180.704041434
       1      42    5.155266720  181.066909346
       1      43    5.593547721  265.303317821
       1      44    5.593547760  264.442869687
       1      45    7.168538299  406.423426099
       1      46    7.168538404  406.424020302
       1      47    7.616677831  190.697597311
       1      48    7.616677832  190.696713909
       1      49    7.719676925  336.048898332
       1      50    7.719677215  336.058385125
       1      51    9.143823550  349.755641667
       1      52    9.143823583  349.750717504
       1      53    9.711212153  238.626451344
       1      54    9.711212706  238.627643999
       1      55   10.065536718  385.672148479
       1      56   10.065537104  385.664744789
       1      57   10.144727394  323.365712563
       1      58   10.144727493  323.363515141
       1      59   12.357130757  371.827209886
       1      60   12.357130780  371.826522374
       1      61   13.541744720  137.607674008
       1      62   13.541744721  137.608128605
       1      63   13.877057897  121.575349996
       1      64   13.877057921  121.575110983
       1      65   14.840741072  159.737605366
       1      66   14.840741127  159.737163394
       1      67   15.590643645  171.738691031
       1      68   15.590643664  171.740322094
       1      69   16.288971700  329.845712926
       1      70   16.288971721  329.841956800
       1      71   17.050888545  292.152905504
       1      72   17.050888669  292.152947751
       1      73   17.207931321   70.714073928
       1      74   17.207931323   70.712320175
       1      75   17.657339605  144.708035907
       1      76   17.657339616  144.706982215
       1      77   19.467552322  273.049192382
       1      78   19.467552512  273.049844009
       1      79   19.553072934  312.700895189
       1      80   19.553073005  312.699725633
  0.666666667 -0.000000000  0.000000000      80
       1       1  -65.392799037  588.508690855
       1       2  -65.392799037  588.525873829
       1       3  -42.080406559  606.649757808
       1       4  -42.080406552  606.685700760
       1       5  -39.576634202  599.631396335
       1       6  -39.576634201  599.630492387
       1       7  -39.426546623  605.417451069
       1       8  -39.426546619  605.450247778
       1       9  -18.084495257  381.854331586
       1      10  -18.084495198  381.855319255
       1      11  -17.638784954  367.162838290
       1      12  -17.638784947  367.164460700
       1      13  -10.524665499  305.917513884
       1      14  -10.524665399  306.132097165
       1      15   -9.566583398  284.412031365
       1      16   -9.566583327  284.473535923
       1      17   -9.176334037  281.204253114
       1      18   -9.176334011  281.139575066
       1      19   -8.120282093  343.323463227
       1      20   -8.120281965  343.549595744
       1      21   -7.044059400  249.836780723
       1      22   -7.044059395  249.848219237
       1      23   -6.595074415  332.175458920
       1      24   -6.595072720  332.233042973
       1      25   -6.289901239  365.098135704
       1      26   -6.289899363  365.060205570
       1      27   -3.056462027  390.540298594
       1      28   -3.056460802  390.523482575
       1      29   -2.954588643  369.386892635
       1      30   -2.954587134  369.480129007
       1      31   -1.863614408  359.327182947
       1      32   -1.863613861  359.346076421
       1      33   -1.263888590  348.292250385
       1      34   -1.263888018  348.023288537
       1      35    2.649882235  277.417104636
       1      36    2.649882457  277.408634990
       1      37    2.893232275  272.579275340
       1      38    2.893232349  272.750612543
       1      39    3.304595995  268.694897161
       1      40    3.304596673  268.384397394
       1      41    5.155271343  169.523246560
       1      42    5.155271378  169.389440240
       1      43    5.593533717  253.260296489
       1      44    5.593534325  253.694444775
       1      45    7.168551725  405.940666747
       1      46    7.168551913  405.951883666
       1      47    7.616670289  187.806859985
       1      48    7.616670291  187.802888416
       1      49    7.719668185  335.564063631
       1      50    7.719668625  335.568513142
       1      51    9.143833046  346.854633244
       1      52    9.143833050  346.853327536
       1      53    9.711196923  239.159970302
       1      54    9.711196973  239.155362380
       1      55   10.065545510  387.755504225
       1      56   10.065545726  387.749085060
       1      57   10.144710139  322.129108107
       1      58   10.144710255  322.124364241
       1      59   12.357129831  369.340690850
       1      60   12.357129844  369.336137786
       1      61   13.541740430  136.709508294
       1      62   13.541740458  136.709152101
       1      63   13.877062637  125.266575499
       1      64   13.877062972  125.265671935
       1      65   14.840724016  155.755385334
       1      66   14.840724107  155.757750721
       1      67   15.590635878  166.418175813
       1      68   15.590635940  166.417365408
       1      69   16.289002142  326.057396243
       1      70   16.289002434  326.057808647
       1      71   17.050897742  303.789686593
       1      72   17.050898016  303.791086570
       1      73   17.207927796   72.985945002
       1      74   17.207927806   72.985403807
       1      75   17.657340173  142.960976598
       1      76   17.657340245  142.961055958
       1      77   19.467532090  280.359803482
       1      78   19.467532288  280.356744460
       1      79   19.553053443  324.018710287
       1      80   19.553053551  324.021608732
  0.666666667  0.333333333  0.000000000      80
       1       1  -65.392798949  586.399485179
       1       2  -65.392798949  586.419250160
       1       3  -42.080406898  606.347618954
       1       4  -42.080406858  606.309935208
       1       5  -39.576633312  599.448282443
       1       6  -39.576633304  599.425617381
       1       7  -39.426548780  604.840701246
       1       8  -39.426548732  604.797816493
       1       9  -18.084493443  381.563731602
       1      10  -18.084493388  381.561267015
       1      11  -17.638776812  368.200733548
       1      12  -17.638776807  368.204776174
       1      13  -10.524665075  311.179015229
       1      14  -10.524665033  310.747978938
       1      15   -9.566581673  286.991015110
       1      16   -9.566581663  286.937331948
       1      17   -9.176332360  280.654867595
       1      18   -9.176332325  280.763424640
       1      19   -8.120308135  344.979099679
       1      20   -8.120308134  344.785533447
       1      21   -7.044052525  249.125054678
       1      22   -7.044052507  249.123740682
       1      23   -6.595086813  331.174989042
       1      24   -6.595085679  331.198229049
       1      25   -6.289884454  364.159448943
       1      26   -6.289883185  364.252506592
       1      27   -3.056468204  390.184789982
       1      28   -3.056467399  390.489356108
       1      29   -2.954590279  369.057698421
       1      30   -2.954589408  369.194274278
       1      31   -1.863629800  358.292695202
       1      32   -1.863629524  358.353612201
       1      33   -1.263885267  344.822126607
       1      34   -1.263884964  345.359893092
       1      35    2.649883260  276.367698826
       1      36    2.649883301  276.418614317
       1      37    2.893230932  273.007848279
       1      38    2.893230947  273.323189719
       1      39    3.304594270  266.988030472
       1      40    3.304594293  267.619823211
       1      41    5.155266710  180.704041434
       1      42    5.155266720  181.066909346
       1      43    5.593547721  265.303317821
       1      44    5.593547760  264.442869687
       1      45    7.168538299  406.423426099
       1      46    7.168538404  406.424020302
       1      47    7.616677831  190.697597311
       1      48    7.616677832  190.696713909
       1      49    7.719676925  336.048898332
       1      50    7.719677215  336.058385125
       1      51    9.143823550  349.755641667
       1      52    9.143823583  349.750717504
       1      53    9.711212153  238.626451344
       1      54    9.711212706  238.627643999
       1      55   10.065536718  385.672148479
       1      56   10.065537104  385.664744789
       1      57   10.144727394  323.365712563
       1      58   10.144727493  323.363515141
       1      59   12.357130757  371.827209886
       1      60   12.357130780  371.826522374
       1      61   13.541744720  137.607674008
       1      62   13.541744721  137.608128605
       1      63   13.877057897  121.575349996
       1      64   13.877057921  121.575110983
       1      65   14.840741072  159.737605366
       1      66   14.840741127  159.737163394
       1      67   15.590643645  171.738691031
       1      68   15.590643664  171.740322094
       1      69   16.288971700  329.845712926
       1      70   16.288971721  329.841956800
       1      71   17.050888545  292.152905504
       1      72   17.050888669  292.152947751
       1      73   17.207931321   70.714073928
       1      74   17.207931323   70.712320175
       1      75   17.657339605  144.708035907
       1      76   17.657339616  144.706982215
       1      77   19.467552322  273.049192382
       1      78   19.467552512  273.049844009
       1      79   19.553072934  312.700895189
       1      80   19.553073005  312.699725633
  0.666666667  0.666666667  0.000000000      80
       1       1  -65.289462674  587.967592886
       1       2  -65.289458498  587.970351552
       1       3  -42.122164959  606.130833953
       1       4  -42.099980776  605.553940816
       1       5  -39.582218453  605.236041880
       1       6  -39.538369072  597.267071276
       1       7  -39.534507936  604.367246576
       1       8  -39.522506870  597.077661237
       1       9  -17.273677014  388.952582597
       1      10  -17.230830371  379.524735279
       1      11  -17.227364559  379.320981289
       1      12  -17.210674522  388.267699000
       1      13  -10.760539097  310.310892453
       1      14  -10.751426497  312.056379045
       1      15   -9.925139452  279.953697615
       1      16   -9.889645880  280.675128024
       1      17   -9.441757424  296.689293033
       1      18   -9.382373825  296.342205500
       1      19   -8.864992892  278.955450758
       1      20   -8.839966769  282.341050387
       1      21   -8.314099160  263.729783720
       1      22   -8.264529569  263.628602299
       1      23   -7.587981801  266.486819121
       1      24   -7.566418118  265.792648080
       1      25   -5.326194433  400.178089564
       1      26   -5.193615013  397.794191188
       1      27   -3.493546231  426.362202391
       1      28   -3.489961138  425.989163364
       1      29   -2.349113707  334.205733510
       1      30   -2.318860600  334.392898465
       1      31   -1.737564400  389.103041412
       1      32   -1.607455393  389.851105600
       1      33   -0.396867227  391.762820195
       1      34   -0.320176487  390.394227544
       1      35    2.059713038  307.894717262
       1      36    2.197666140  305.115877251
       1      37    2.544442308  246.653718979
       1      38    2.547608527  246.184708825
       1      39    4.779964241  193.868675551
       1      40    4.790014769  193.617267173
       1      41    5.792461787  338.166174191
       1      42    5.847474768  340.748307441
       1      43    6.356892050  397.683315972
       1      44    6.375935048  398.615641400
       1      45    7.147368562  245.060366229
       1      46    7.164537649  245.531787016
       1      47    7.271748297  348.151929125
       1      48    7.332088902  346.699041949
       1      49    7.688872609  360.635629200
       1      50    7.718731243  360.918694423
       1      51    7.723234905  375.452042900
       1      52    7.742221738  375.349356926
       1      53    9.005470692  202.069582801
       1      54    9.005477775  202.060578368
       1      55   10.575349631  247.548869873
       1      56   10.637024943  248.021770093
       1      57   11.728256450  198.359753686
       1      58   11.732589612  197.281737457
       1      59   12.950803713   87.966390829
       1      60   12.953291303  101.646999290
       1      61   13.273329269  294.188563940
       1      62   13.344626934  101.813131467
       1      63   13.372806595  203.861321992
       1      64   13.502358420  408.114060493
       1      65   14.091708187  159.630932100
       1      66   14.097492939  159.372862088
       1      67   14.882463387  120.897770988
       1      68   14.897878531  121.483952484
       1      69   15.456547656  219.261202891
       1      70   15.475578938  218.884475727
       1      71   17.724108897  199.857729875
       1      72   17.738871981  199.836577623
       1      73   19.265162533  361.065539116
       1      74   19.265337873  361.317864012
       1      75   20.119739824  353.457239516
       1      76   20.145671630  346.931838773
       1      77   20.189680980  369.723711836
       1      78   20.193331317  374.546040113
       1      79   20.210405005  127.059265288
       1      80   20.217787930  122.328327740
