# Generated by LORRAX unknown at 2026-07-18 02:27:33 UTC
# Sigma frequency debug decomposition (per-(k, n) diagonals; all energies in eV).
# k               	n               	E_dft           	Edft-Ef         	kin_ion         	V_H             	x_bare          	x_head          	sig_c(Edft).Re  	sig_c(Edft).Im  	sig_c_head(Edft).Re	sig_c_head(Edft).Im	eqp0            	eqp1            

k-point 0:
               0	               0	      -65.372251	      -61.028670	     -633.537809	     +592.487990	      -40.073090	       -3.563713	       +4.042725	       -0.005851	       +0.309332	       +0.000000	      -77.080184	      -77.080184
               0	               1	      -65.372251	      -61.028670	     -633.537809	     +592.487990	      -40.073090	       -3.563713	       +4.042725	       -0.005851	       +0.309332	       +0.000000	      -77.080184	      -77.080184
               0	               2	      -41.997237	      -37.653657	     -603.125173	     +586.370916	      -34.050643	       -3.563713	       +3.945227	    +6846.995719	       +0.482844	       +0.000000	      -46.859673	      -46.859673
               0	               3	      -41.997237	      -37.653657	     -603.125173	     +586.370916	      -34.050643	       -3.563713	       +3.945227	    +6846.995720	       +0.482844	       +0.000000	      -46.859673	      -46.859673
               0	               4	      -39.497232	      -35.153652	     -594.659640	     +577.541435	      -33.307355	       -3.563713	       +4.031317	    -1774.905871	       +0.513660	       +0.000000	      -46.394243	      -46.394243
               0	               5	      -39.497232	      -35.153652	     -594.659640	     +577.541435	      -33.307355	       -3.563713	       +4.031317	    -1774.905872	       +0.513660	       +0.000000	      -46.394243	      -46.394243
               0	               6	      -39.272875	      -34.929294	     -604.047485	     +588.894337	      -33.447285	       -3.563713	       +4.081513	    -5127.756777	       +0.516619	       +0.000000	      -44.518920	      -44.518920
               0	               7	      -39.272875	      -34.929294	     -604.047485	     +588.894337	      -33.447285	       -3.563713	       +4.081513	    -5127.756777	       +0.516619	       +0.000000	      -44.518920	      -44.518920
               0	               8	      -19.398604	      -15.055023	     -389.060444	     +382.970101	      -22.476107	       -3.563713	       +6.537695	       +0.070333	       +1.054927	       +0.000001	      -22.028755	      -22.028755
               0	               9	      -19.398604	      -15.055023	     -389.060444	     +382.970101	      -22.476107	       -3.563713	       +6.537695	       +0.070333	       +1.054927	       +0.000001	      -22.028755	      -22.028755
               0	              10	      -18.214280	      -13.870699	     -356.022194	     +351.724189	      -22.283524	       -3.563713	       +6.642635	      -12.224579	       +1.124767	       +0.000001	      -19.938894	      -19.938894
               0	              11	      -18.214280	      -13.870699	     -356.022194	     +351.724189	      -22.283524	       -3.563713	       +6.642635	      -12.224579	       +1.124767	       +0.000001	      -19.938894	      -19.938894
               0	              12	      -10.873768	       -6.530187	     -391.985356	     +391.153857	      -18.297603	       -3.563713	       +5.116593	      -19.312376	       +1.435438	       +0.000001	      -14.012510	      -13.083514
               0	              13	      -10.873768	       -6.530187	     -391.985356	     +391.153857	      -18.297603	       -3.563713	       +5.116593	      -19.312376	       +1.435438	       +0.000001	      -14.012510	      -13.083514
               0	              14	       -7.815640	       -3.472059	     -486.095273	     +493.436388	      -19.112379	       -3.563713	       +3.763889	    -3049.434609	       +1.435425	       +0.000001	       -8.007376	       -7.957894
               0	              15	       -7.815640	       -3.472059	     -486.095273	     +493.436388	      -19.112379	       -3.563713	       +3.763889	    -3049.434610	       +1.435425	       +0.000001	       -8.007376	       -7.957894
               0	              16	       -7.759785	       -3.416205	     -481.256740	     +488.509884	      -18.958234	       -3.563713	       +3.722557	    +2770.827668	       +1.435580	       +0.000001	       -7.982533	       -7.925301
               0	              17	       -7.759785	       -3.416205	     -481.256740	     +488.509884	      -18.958234	       -3.563713	       +3.722557	    +2770.827669	       +1.435580	       +0.000001	       -7.982533	       -7.925301
               0	              18	       -7.145276	       -2.801695	     -295.385241	     +299.875162	      -16.524720	       -3.563713	       +3.791041	       +0.086326	       +1.435765	       +0.000001	       -8.243758	       -7.983505
               0	              19	       -7.145276	       -2.801695	     -295.385241	     +299.875162	      -16.524720	       -3.563713	       +3.791041	       +0.086327	       +1.435765	       +0.000001	       -8.243758	       -7.983505
               0	              20	       -6.779803	       -2.436222	     -451.346233	     +457.930226	      -18.725507	       -3.563713	       +3.070252	    -1538.601684	       +1.435529	       +0.000001	       -9.071263	       -8.517722
               0	              21	       -6.779803	       -2.436222	     -451.346233	     +457.930226	      -18.725507	       -3.563713	       +3.070252	    -1538.601685	       +1.435529	       +0.000001	       -9.071263	       -8.517722
               0	              22	       -6.699109	       -2.355529	     -450.857049	     +457.530522	      -18.629012	       -3.563713	       +3.014609	    +1370.730873	       +1.435701	       +0.000001	       -8.940929	       -8.401215
               0	              23	       -6.699109	       -2.355529	     -450.857049	     +457.530522	      -18.629012	       -3.563713	       +3.014609	    +1370.730873	       +1.435701	       +0.000001	       -8.940929	       -8.401215
               0	              24	       -5.386093	       -1.042513	     -403.814655	     +413.145419	      -17.220236	       -3.563713	       +2.283208	     +145.991707	       +1.435478	       +0.000001	       -5.606264	       -5.552632
               0	              25	       -5.386093	       -1.042513	     -403.814655	     +413.145419	      -17.220236	       -3.563713	       +2.283208	     +145.991707	       +1.435478	       +0.000001	       -5.606264	       -5.552632
               0	              26	       -2.581488	       +1.762093	     -411.238693	     +424.667243	      -11.108818	       +0.000000	       -2.090423	     -341.242369	       -1.435786	       -0.000001	       +0.229308	       -0.421701
               0	              27	       -2.581488	       +1.762093	     -411.238693	     +424.667243	      -11.108818	       +0.000000	       -2.090423	     -341.242369	       -1.435786	       -0.000001	       +0.229308	       -0.421701
               0	              28	       -2.505729	       +1.837851	     -409.528103	     +423.093241	      -11.042145	       +0.000000	       -2.118474	     +187.811535	       -1.435726	       -0.000001	       +0.404519	       -0.270684
               0	              29	       -2.505729	       +1.837851	     -409.528103	     +423.093241	      -11.042145	       +0.000000	       -2.118474	     +187.811535	       -1.435726	       -0.000001	       +0.404519	       -0.270684
               0	              30	       -2.332526	       +2.011054	     -393.289649	     +405.899521	      -11.103885	       +0.000000	       -1.967991	     +591.389794	       -1.435372	       -0.000001	       -0.462005	       -0.907307
               0	              31	       -2.332526	       +2.011054	     -393.289649	     +405.899521	      -11.103885	       +0.000000	       -1.967991	     +591.389795	       -1.435372	       -0.000001	       -0.462005	       -0.907307
               0	              32	       -2.326587	       +2.016993	     -391.266440	     +403.997268	      -11.125436	       +0.000000	       -1.952648	     -325.703565	       -1.435393	       -0.000001	       -0.347255	       -0.818051
               0	              33	       -2.326587	       +2.016993	     -391.266440	     +403.997268	      -11.125436	       +0.000000	       -1.952648	     -325.703566	       -1.435393	       -0.000001	       -0.347255	       -0.818051
               0	              34	       +1.113320	       +5.456900	     -422.123788	     +431.348556	       -6.035263	       +0.000000	       -2.302621	       +1.373170	       -1.435471	       -0.000001	       +0.886884	       +0.925296
               0	              35	       +1.113320	       +5.456900	     -422.123788	     +431.348556	       -6.035263	       +0.000000	       -2.302621	       +1.373170	       -1.435471	       -0.000001	       +0.886884	       +0.925296
               0	              36	       +3.714012	       +8.057593	     -324.509872	     +336.745484	       -5.689950	       +0.000000	       -2.112325	      +16.469193	       -1.435523	       -0.000001	       +4.433337	       +4.313637
               0	              37	       +3.714012	       +8.057593	     -324.509872	     +336.745484	       -5.689950	       +0.000000	       -2.112325	      +16.469193	       -1.435523	       -0.000001	       +4.433337	       +4.313637
               0	              38	       +3.951990	       +8.295571	     -128.775701	     +181.506711	       -3.709484	       +0.000000	       -1.950628	       +5.856806	       -1.435770	       -0.000001	      +47.070899	      +40.723521
               0	              39	       +3.951990	       +8.295571	     -128.775701	     +181.506711	       -3.709484	       +0.000000	       -1.950628	       +5.856807	       -1.435770	       -0.000001	      +47.070899	      +40.723521
               0	              40	       +4.776397	       +9.119977	      -16.658213	      +92.355325	       -2.428077	       +0.000000	       -1.443906	       -2.444744	       -1.435671	       -0.000001	      +71.825128	      +64.091189
               0	              41	       +4.776397	       +9.119977	      -16.658213	      +92.355325	       -2.428077	       +0.000000	       -1.443906	       -2.444744	       -1.435671	       -0.000001	      +71.825128	      +64.091189
               0	              42	       +5.486221	       +9.829802	     -344.609149	     +370.377744	       -5.850324	       +0.000000	       -2.726981	      +35.509355	       -1.435737	       -0.000001	      +17.191291	      +15.436705
               0	              43	       +5.486221	       +9.829802	     -344.609149	     +370.377744	       -5.850324	       +0.000000	       -2.726981	      +35.509356	       -1.435737	       -0.000001	      +17.191291	      +15.436705
               0	              44	       +5.562324	       +9.905905	     -343.080102	     +368.942648	       -5.843329	       +0.000000	       -2.714049	      -26.451879	       -1.435604	       -0.000001	      +17.305168	      +15.722664
               0	              45	       +5.562324	       +9.905905	     -343.080102	     +368.942648	       -5.843329	       +0.000000	       -2.714049	      -26.451880	       -1.435604	       -0.000001	      +17.305168	      +15.722664

k-point 1:
               1	               0	      -65.392797	      -61.049216	     -633.749367	     +592.770679	      -40.072931	       -3.563713	       +4.048307	    -2532.013617	       +0.309234	       +0.000000	      -77.003311	      -77.003311
               1	               1	      -65.392797	      -61.049216	     -633.749367	     +592.770679	      -40.072931	       -3.563713	       +4.048264	    -2541.194736	       +0.309234	       +0.000000	      -77.003354	      -77.003354
               1	               2	      -42.080405	      -37.736824	     -603.472685	     +586.392816	      -34.057839	       -3.563713	       +3.979522	   +16048.449435	       +0.481883	       +0.000000	      -47.158187	      -47.158187
               1	               3	      -42.080405	      -37.736824	     -603.472685	     +586.392816	      -34.057839	       -3.563713	       +3.976716	    +6036.117166	       +0.481883	       +0.000000	      -47.160993	      -47.160993
               1	               4	      -39.576632	      -35.233051	     -596.501339	     +579.764423	      -33.350768	       -3.563713	       +4.084860	     +590.268015	       +0.512621	       +0.000000	      -46.002823	      -46.002823
               1	               5	      -39.576632	      -35.233051	     -596.501335	     +579.764423	      -33.350768	       -3.563713	       +4.083366	     -918.910848	       +0.512621	       +0.000000	      -46.004313	      -46.004313
               1	               6	      -39.426545	      -35.082965	     -600.838783	     +583.930121	      -33.357126	       -3.563713	       +4.087714	    +4993.815776	       +0.514589	       +0.000000	      -46.178073	      -46.178073
               1	               7	      -39.426545	      -35.082965	     -600.838787	     +583.930121	      -33.357126	       -3.563713	       +4.083240	    -3755.772493	       +0.514589	       +0.000000	      -46.182551	      -46.182551
               1	               8	      -18.084493	      -13.740912	     -387.755495	     +383.038187	      -22.408159	       -3.563713	       +6.589062	    -2850.566908	       +1.132987	       +0.000001	      -20.536405	      -20.536405
               1	               9	      -18.084493	      -13.740912	     -387.755496	     +383.038187	      -22.408159	       -3.563713	       +6.588990	    -2858.138943	       +1.132987	       +0.000001	      -20.536478	      -20.536478
               1	              10	      -17.638782	      -13.295202	     -371.715016	     +368.176968	      -22.354338	       -3.563713	       +6.721542	    -3365.810165	       +1.162154	       +0.000001	      -19.170844	      -19.170844
               1	              11	      -17.638782	      -13.295202	     -371.715016	     +368.176968	      -22.354338	       -3.563713	       +6.721484	    -3396.120234	       +1.162154	       +0.000001	      -19.170902	      -19.170902
               1	              12	      -10.524665	       -6.181085	     -417.797231	     +419.092253	      -18.470875	       -3.563713	       +4.798698	    -8970.632318	       +1.435757	       +0.000001	      -12.377155	      -11.850549
               1	              13	      -10.524665	       -6.181085	     -417.797237	     +419.092253	      -18.470875	       -3.563713	       +4.798208	    -9053.449279	       +1.435757	       +0.000001	      -12.377651	      -11.850900
               1	              14	       -9.566582	       -5.223002	     -378.705674	     +381.917592	      -17.943267	       -3.563713	       +4.214264	   -12119.378802	       +1.435784	       +0.000001	      -10.517085	      -10.263477
               1	              15	       -9.566582	       -5.223002	     -378.705677	     +381.917592	      -17.943267	       -3.563713	       +4.214302	   -12197.704238	       +1.435784	       +0.000001	      -10.517050	      -10.263448
               1	              16	       -9.176330	       -4.832749	     -371.675651	     +373.975901	      -17.785797	       -3.563713	       +4.298169	    +3249.846863	       +1.435733	       +0.000001	      -11.187377	      -10.652565
               1	              17	       -9.176330	       -4.832749	     -371.675649	     +373.975901	      -17.785797	       -3.563713	       +4.298386	    +3274.310580	       +1.435733	       +0.000001	      -11.187159	      -10.652405
               1	              18	       -8.120290	       -3.776710	     -440.824745	     +445.765484	      -18.853170	       -3.563713	       +3.726763	    -1924.293732	       +1.435781	       +0.000001	      -10.185667	       -9.663947
               1	              19	       -8.120290	       -3.776709	     -440.824755	     +445.765484	      -18.853170	       -3.563713	       +3.726777	    -1875.505145	       +1.435781	       +0.000001	      -10.185664	       -9.663809
               1	              20	       -7.044058	       -2.700477	     -314.721589	     +321.317094	      -17.183956	       -3.563713	       +3.680644	    -1298.267820	       +1.435773	       +0.000001	       -6.907807	       -6.940795
               1	              21	       -7.044058	       -2.700477	     -314.721600	     +321.317094	      -17.183956	       -3.563713	       +3.680827	    -1207.645805	       +1.435773	       +0.000001	       -6.907635	       -6.940665
               1	              22	       -6.595082	       -2.251502	     -417.091142	     +424.697242	      -17.939907	       -3.563713	       +3.329378	    -1570.990259	       +1.435788	       +0.000001	       -7.004429	       -6.905772
               1	              23	       -6.595079	       -2.251499	     -417.090837	     +424.697242	      -17.939907	       -3.563713	       +3.328480	    -3452.348836	       +1.435788	       +0.000001	       -7.005023	       -6.906213
               1	              24	       -6.289900	       -1.946319	     -453.898437	     +463.101627	      -17.446685	       -3.563713	       +2.718482	    +2415.081335	       +1.435501	       +0.000001	       -5.525013	       -5.710888
               1	              25	       -6.289896	       -1.946316	     -453.898116	     +463.101627	      -17.446685	       -3.563713	       +2.717031	     +827.749244	       +1.435501	       +0.000001	       -5.526143	       -5.711788
               1	              26	       -3.056465	       +1.287115	     -471.082876	     +485.147581	      -12.334168	       +0.000000	       -2.224347	    -8995.796742	       -1.435775	       -0.000001	       -0.493811	       -1.127363
               1	              27	       -3.056463	       +1.287117	     -471.083409	     +485.147581	      -12.334168	       +0.000000	       -2.222330	     -502.597118	       -1.435775	       -0.000001	       -0.492326	       -1.126388
               1	              28	       -2.954589	       +1.388992	     -443.853367	     +455.166726	      -11.735338	       +0.000000	       -2.341450	   -10229.781329	       -1.435640	       -0.000001	       -2.763428	       -2.810500
               1	              29	       -2.954586	       +1.388994	     -443.853896	     +455.166726	      -11.735338	       +0.000000	       -2.339572	    -1206.197751	       -1.435640	       -0.000001	       -2.762079	       -2.809487
               1	              30	       -1.863615	       +2.479965	     -423.441397	     +436.921385	      -10.666735	       +0.000000	       -2.658287	    +4236.453226	       -1.435399	       -0.000001	       +0.154966	       -0.309616
               1	              31	       -1.863615	       +2.479966	     -423.441432	     +436.921385	      -10.666735	       +0.000000	       -2.657971	    +3496.032036	       -1.435399	       -0.000001	       +0.155246	       -0.309353
               1	              32	       -1.263892	       +3.079689	     -409.709458	     +425.319411	      -11.388090	       +0.000000	       -2.618684	    +1993.195936	       -1.435582	       -0.000001	       +1.603180	       +0.896656
               1	              33	       -1.263891	       +3.079689	     -409.709490	     +425.319411	      -11.388090	       +0.000000	       -2.617255	    +1328.785406	       -1.435582	       -0.000001	       +1.604576	       +0.897984
               1	              34	       +2.649881	       +6.993461	     -331.609799	     +343.518159	       -6.071376	       +0.000000	       -2.859244	    -2006.492067	       -1.435354	       -0.000001	       +2.977741	       +2.911320
               1	              35	       +2.649881	       +6.993461	     -331.609837	     +343.518159	       -6.071376	       +0.000000	       -2.858437	    -2032.353583	       -1.435354	       -0.000001	       +2.978509	       +2.911932
               1	              36	       +2.893228	       +7.236809	     -306.248823	     +319.583525	       -5.500476	       +0.000000	       -2.538170	    +3824.413596	       -1.435787	       -0.000001	       +5.296056	       +4.850026
               1	              37	       +2.893228	       +7.236809	     -306.248827	     +319.583525	       -5.500476	       +0.000000	       -2.537670	    +3771.055163	       -1.435787	       -0.000001	       +5.296553	       +4.850501
               1	              38	       +3.304597	       +7.648178	     -317.505181	     +330.865806	       -6.107727	       +0.000000	       -2.929138	    +4917.248502	       -1.435718	       -0.000001	       +4.323760	       +4.113387
               1	              39	       +3.304598	       +7.648178	     -317.505227	     +330.865806	       -6.107727	       +0.000000	       -2.930370	    +5227.399454	       -1.435718	       -0.000001	       +4.322482	       +4.112284
               1	              40	       +5.155271	       +9.498851	     -198.008805	     +221.593564	       -4.672810	       +0.000000	       -2.817580	    -4341.451286	       -1.435335	       -0.000001	      +16.094370	      +13.897819
               1	              41	       +5.155271	       +9.498851	     -198.008784	     +221.593564	       -4.672810	       +0.000000	       -2.817570	    -4437.821120	       -1.435335	       -0.000001	      +16.094400	      +13.900920
               1	              42	       +5.593535	       +9.937116	     -276.755986	     +303.251794	       -5.713252	       +0.000000	       -3.149030	     +318.985449	       -1.435527	       -0.000001	      +17.633527	      +16.150836
               1	              43	       +5.593536	       +9.937116	     -276.755960	     +303.251794	       -5.713252	       +0.000000	       -3.147931	     +443.185992	       -1.435527	       -0.000001	      +17.634651	      +16.149737
               1	              44	       +7.168539	      +11.512120	     -355.897112	     +384.537172	       -6.064641	       +0.000000	       -3.148590	     +377.647358	       -1.295582	       -0.000001	      +19.426829	      +19.426829
               1	              45	       +7.168540	      +11.512120	     -355.897199	     +384.537172	       -6.064641	       +0.000000	       -3.152370	     +244.961869	       -1.295582	       -0.000001	      +19.422962	      +19.422962

k-point 2:
               2	               0	      -65.392797	      -61.049216	     -633.749367	     +592.770679	      -40.072931	       -3.563713	       +4.048307	    -2532.013617	       +0.309234	       +0.000000	      -77.003311	      -77.003311
               2	               1	      -65.392797	      -61.049216	     -633.749367	     +592.770679	      -40.072931	       -3.563713	       +4.048264	    -2541.194736	       +0.309234	       +0.000000	      -77.003354	      -77.003354
               2	               2	      -42.080405	      -37.736824	     -603.472685	     +586.392816	      -34.057839	       -3.563713	       +3.979522	   +16048.449437	       +0.481883	       +0.000000	      -47.158187	      -47.158187
               2	               3	      -42.080405	      -37.736824	     -603.472685	     +586.392816	      -34.057839	       -3.563713	       +3.976716	    +6036.117163	       +0.481883	       +0.000000	      -47.160993	      -47.160993
               2	               4	      -39.576632	      -35.233051	     -596.501339	     +579.764423	      -33.350768	       -3.563713	       +4.084860	     +590.268017	       +0.512621	       +0.000000	      -46.002823	      -46.002823
               2	               5	      -39.576632	      -35.233051	     -596.501335	     +579.764423	      -33.350768	       -3.563713	       +4.083366	     -918.910849	       +0.512621	       +0.000000	      -46.004313	      -46.004313
               2	               6	      -39.426545	      -35.082965	     -600.838783	     +583.930121	      -33.357126	       -3.563713	       +4.087714	    +4993.815776	       +0.514589	       +0.000000	      -46.178073	      -46.178073
               2	               7	      -39.426545	      -35.082965	     -600.838787	     +583.930121	      -33.357126	       -3.563713	       +4.083240	    -3755.772494	       +0.514589	       +0.000000	      -46.182551	      -46.182551
               2	               8	      -18.084493	      -13.740912	     -387.755495	     +383.038187	      -22.408159	       -3.563713	       +6.589062	    -2850.566908	       +1.132987	       +0.000001	      -20.536405	      -20.536405
               2	               9	      -18.084493	      -13.740912	     -387.755496	     +383.038187	      -22.408159	       -3.563713	       +6.588990	    -2858.138943	       +1.132987	       +0.000001	      -20.536478	      -20.536478
               2	              10	      -17.638782	      -13.295202	     -371.715016	     +368.176968	      -22.354338	       -3.563713	       +6.721542	    -3365.810165	       +1.162154	       +0.000001	      -19.170844	      -19.170844
               2	              11	      -17.638782	      -13.295202	     -371.715016	     +368.176968	      -22.354338	       -3.563713	       +6.721484	    -3396.120234	       +1.162154	       +0.000001	      -19.170902	      -19.170902
               2	              12	      -10.524665	       -6.181085	     -417.797231	     +419.092253	      -18.470875	       -3.563713	       +4.798698	    -8970.632317	       +1.435757	       +0.000001	      -12.377155	      -11.850549
               2	              13	      -10.524665	       -6.181085	     -417.797237	     +419.092253	      -18.470875	       -3.563713	       +4.798208	    -9053.449277	       +1.435757	       +0.000001	      -12.377651	      -11.850900
               2	              14	       -9.566582	       -5.223002	     -378.705674	     +381.917592	      -17.943267	       -3.563713	       +4.214264	   -12119.378801	       +1.435784	       +0.000001	      -10.517085	      -10.263477
               2	              15	       -9.566582	       -5.223002	     -378.705677	     +381.917592	      -17.943267	       -3.563713	       +4.214302	   -12197.704237	       +1.435784	       +0.000001	      -10.517050	      -10.263448
               2	              16	       -9.176330	       -4.832749	     -371.675651	     +373.975901	      -17.785797	       -3.563713	       +4.298169	    +3249.846863	       +1.435733	       +0.000001	      -11.187377	      -10.652565
               2	              17	       -9.176330	       -4.832749	     -371.675649	     +373.975901	      -17.785797	       -3.563713	       +4.298386	    +3274.310579	       +1.435733	       +0.000001	      -11.187159	      -10.652405
               2	              18	       -8.120290	       -3.776710	     -440.824745	     +445.765484	      -18.853170	       -3.563713	       +3.726763	    -1924.293732	       +1.435781	       +0.000001	      -10.185667	       -9.663947
               2	              19	       -8.120290	       -3.776709	     -440.824755	     +445.765484	      -18.853170	       -3.563713	       +3.726777	    -1875.505145	       +1.435781	       +0.000001	      -10.185664	       -9.663809
               2	              20	       -7.044058	       -2.700477	     -314.721589	     +321.317094	      -17.183956	       -3.563713	       +3.680644	    -1298.267820	       +1.435773	       +0.000001	       -6.907807	       -6.940795
               2	              21	       -7.044058	       -2.700477	     -314.721600	     +321.317094	      -17.183956	       -3.563713	       +3.680827	    -1207.645806	       +1.435773	       +0.000001	       -6.907635	       -6.940665
               2	              22	       -6.595082	       -2.251502	     -417.091142	     +424.697242	      -17.939907	       -3.563713	       +3.329378	    -1570.990259	       +1.435788	       +0.000001	       -7.004429	       -6.905772
               2	              23	       -6.595079	       -2.251499	     -417.090837	     +424.697242	      -17.939907	       -3.563713	       +3.328480	    -3452.348836	       +1.435788	       +0.000001	       -7.005023	       -6.906213
               2	              24	       -6.289900	       -1.946319	     -453.898437	     +463.101627	      -17.446685	       -3.563713	       +2.718482	    +2415.081333	       +1.435501	       +0.000001	       -5.525013	       -5.710888
               2	              25	       -6.289896	       -1.946316	     -453.898116	     +463.101627	      -17.446685	       -3.563713	       +2.717031	     +827.749240	       +1.435501	       +0.000001	       -5.526143	       -5.711788
               2	              26	       -3.056465	       +1.287115	     -471.082876	     +485.147581	      -12.334168	       +0.000000	       -2.224347	    -8995.796742	       -1.435775	       -0.000001	       -0.493811	       -1.127363
               2	              27	       -3.056463	       +1.287117	     -471.083409	     +485.147581	      -12.334168	       +0.000000	       -2.222330	     -502.597121	       -1.435775	       -0.000001	       -0.492326	       -1.126388
               2	              28	       -2.954589	       +1.388992	     -443.853367	     +455.166726	      -11.735338	       +0.000000	       -2.341450	   -10229.781330	       -1.435640	       -0.000001	       -2.763428	       -2.810500
               2	              29	       -2.954586	       +1.388994	     -443.853896	     +455.166726	      -11.735338	       +0.000000	       -2.339572	    -1206.197754	       -1.435640	       -0.000001	       -2.762079	       -2.809487
               2	              30	       -1.863615	       +2.479965	     -423.441397	     +436.921385	      -10.666735	       +0.000000	       -2.658287	    +4236.453226	       -1.435399	       -0.000001	       +0.154966	       -0.309616
               2	              31	       -1.863615	       +2.479966	     -423.441432	     +436.921385	      -10.666735	       +0.000000	       -2.657971	    +3496.032035	       -1.435399	       -0.000001	       +0.155246	       -0.309353
               2	              32	       -1.263892	       +3.079689	     -409.709458	     +425.319411	      -11.388090	       +0.000000	       -2.618684	    +1993.195935	       -1.435582	       -0.000001	       +1.603180	       +0.896656
               2	              33	       -1.263891	       +3.079689	     -409.709490	     +425.319411	      -11.388090	       +0.000000	       -2.617255	    +1328.785405	       -1.435582	       -0.000001	       +1.604576	       +0.897984
               2	              34	       +2.649881	       +6.993461	     -331.609799	     +343.518159	       -6.071376	       +0.000000	       -2.859244	    -2006.492064	       -1.435354	       -0.000001	       +2.977741	       +2.911320
               2	              35	       +2.649881	       +6.993461	     -331.609837	     +343.518159	       -6.071376	       +0.000000	       -2.858437	    -2032.353581	       -1.435354	       -0.000001	       +2.978509	       +2.911932
               2	              36	       +2.893228	       +7.236809	     -306.248823	     +319.583525	       -5.500476	       +0.000000	       -2.538170	    +3824.413595	       -1.435787	       -0.000001	       +5.296056	       +4.850026
               2	              37	       +2.893228	       +7.236809	     -306.248827	     +319.583525	       -5.500476	       +0.000000	       -2.537670	    +3771.055164	       -1.435787	       -0.000001	       +5.296553	       +4.850501
               2	              38	       +3.304597	       +7.648178	     -317.505181	     +330.865806	       -6.107727	       +0.000000	       -2.929138	    +4917.248502	       -1.435718	       -0.000001	       +4.323760	       +4.113387
               2	              39	       +3.304598	       +7.648178	     -317.505227	     +330.865806	       -6.107727	       +0.000000	       -2.930370	    +5227.399455	       -1.435718	       -0.000001	       +4.322482	       +4.112284
               2	              40	       +5.155271	       +9.498851	     -198.008805	     +221.593564	       -4.672810	       +0.000000	       -2.817580	    -4341.451287	       -1.435335	       -0.000001	      +16.094370	      +13.897819
               2	              41	       +5.155271	       +9.498851	     -198.008784	     +221.593564	       -4.672810	       +0.000000	       -2.817570	    -4437.821119	       -1.435335	       -0.000001	      +16.094400	      +13.900920
               2	              42	       +5.593535	       +9.937116	     -276.755986	     +303.251794	       -5.713252	       +0.000000	       -3.149030	     +318.985448	       -1.435527	       -0.000001	      +17.633527	      +16.150836
               2	              43	       +5.593536	       +9.937116	     -276.755960	     +303.251794	       -5.713252	       +0.000000	       -3.147931	     +443.185991	       -1.435527	       -0.000001	      +17.634651	      +16.149737
               2	              44	       +7.168539	      +11.512120	     -355.897112	     +384.537172	       -6.064641	       +0.000000	       -3.148590	     +377.647357	       -1.295582	       -0.000001	      +19.426829	      +19.426829
               2	              45	       +7.168540	      +11.512120	     -355.897199	     +384.537172	       -6.064641	       +0.000000	       -3.152370	     +244.961869	       -1.295582	       -0.000001	      +19.422962	      +19.422962

k-point 3:
               3	               0	      -65.392797	      -61.049216	     -633.749367	     +592.844413	      -40.077880	       -3.563713	       +4.061064	    -8499.897814	       +0.309234	       +0.000000	      -76.921769	      -76.921769
               3	               1	      -65.392797	      -61.049216	     -633.749367	     +592.844413	      -40.077880	       -3.563713	       +4.061478	    -8489.576755	       +0.309234	       +0.000000	      -76.921355	      -76.921355
               3	               2	      -42.080405	      -37.736824	     -603.472684	     +586.195957	      -34.051127	       -3.563713	       +3.974468	   +21770.759337	       +0.481883	       +0.000000	      -47.353386	      -47.353386
               3	               3	      -42.080405	      -37.736824	     -603.472684	     +586.195957	      -34.051127	       -3.563713	       +3.973286	   +16184.995154	       +0.481883	       +0.000000	      -47.354568	      -47.354568
               3	               4	      -39.576632	      -35.233051	     -596.501331	     +578.319019	      -33.290110	       -3.563713	       +4.098899	   +14986.755630	       +0.512621	       +0.000000	      -47.373523	      -47.373523
               3	               5	      -39.576632	      -35.233051	     -596.501331	     +578.319019	      -33.290110	       -3.563713	       +4.097583	   +14084.365839	       +0.512621	       +0.000000	      -47.374839	      -47.374839
               3	               6	      -39.426544	      -35.082964	     -600.838794	     +585.194631	      -33.414876	       -3.563713	       +4.056784	    +5494.503291	       +0.514589	       +0.000000	      -45.002255	      -45.002255
               3	               7	      -39.426544	      -35.082964	     -600.838795	     +585.194631	      -33.414876	       -3.563713	       +4.053167	     +336.459424	       +0.514589	       +0.000000	      -45.005872	      -45.005872
               3	               8	      -18.084495	      -13.740915	     -387.755481	     +382.863631	      -22.410707	       -3.563713	       +6.589287	    -1449.089809	       +1.132987	       +0.000001	      -20.713270	      -20.713270
               3	               9	      -18.084495	      -13.740914	     -387.755480	     +382.863631	      -22.410707	       -3.563713	       +6.589220	    -1398.269296	       +1.132987	       +0.000001	      -20.713336	      -20.713336
               3	              10	      -17.638785	      -13.295204	     -371.715002	     +368.088882	      -22.357786	       -3.563713	       +6.723536	    -3567.936236	       +1.162154	       +0.000001	      -19.260370	      -19.260370
               3	              11	      -17.638785	      -13.295204	     -371.715002	     +368.088882	      -22.357786	       -3.563713	       +6.723360	    -3538.278121	       +1.162154	       +0.000001	      -19.260545	      -19.260545
               3	              12	      -10.524665	       -6.181085	     -417.797220	     +418.988499	      -18.490920	       -3.563713	       +4.804740	   -12197.347696	       +1.435757	       +0.000001	      -12.494900	      -11.934399
               3	              13	      -10.524665	       -6.181085	     -417.797225	     +418.988499	      -18.490920	       -3.563713	       +4.804220	   -12340.122315	       +1.435757	       +0.000001	      -12.495425	      -11.934489
               3	              14	       -9.566583	       -5.223003	     -378.705633	     +381.679772	      -17.941907	       -3.563713	       +4.211896	    -9855.280484	       +1.435784	       +0.000001	      -10.755871	      -10.439683
               3	              15	       -9.566583	       -5.223003	     -378.705638	     +381.679772	      -17.941907	       -3.563713	       +4.211953	    -9856.300782	       +1.435784	       +0.000001	      -10.755820	      -10.439560
               3	              16	       -9.176334	       -4.832753	     -371.675790	     +374.735399	      -17.838839	       -3.563713	       +4.310089	    +5677.873877	       +1.435733	       +0.000001	      -10.469141	      -10.125110
               3	              17	       -9.176334	       -4.832753	     -371.675785	     +374.735399	      -17.838839	       -3.563713	       +4.310271	    +5819.924002	       +1.435733	       +0.000001	      -10.468954	      -10.124994
               3	              18	       -8.120282	       -3.776701	     -440.824827	     +447.873765	      -18.914867	       -3.563713	       +3.747462	    -3315.602093	       +1.435781	       +0.000001	       -8.118467	       -8.118928
               3	              19	       -8.120282	       -3.776701	     -440.824839	     +447.873765	      -18.914867	       -3.563713	       +3.747245	    -3104.186529	       +1.435781	       +0.000001	       -8.118696	       -8.119099
               3	              20	       -7.044059	       -2.700479	     -314.721571	     +321.365495	      -17.252315	       -3.563713	       +3.691325	      -40.645796	       +1.435773	       +0.000001	       -6.917066	       -6.947950
               3	              21	       -7.044059	       -2.700479	     -314.721562	     +321.365495	      -17.252315	       -3.563713	       +3.691343	     -193.037365	       +1.435773	       +0.000001	       -6.917039	       -6.947932
               3	              22	       -6.595074	       -2.251494	     -417.091320	     +425.634675	      -17.986021	       -3.563713	       +3.340483	    -8316.131258	       +1.435788	       +0.000001	       -6.102183	       -6.221238
               3	              23	       -6.595073	       -2.251492	     -417.091165	     +425.634675	      -17.986021	       -3.563713	       +3.342147	    -6735.256903	       +1.435788	       +0.000001	       -6.100363	       -6.219928
               3	              24	       -6.289901	       -1.946321	     -453.898174	     +463.266358	      -17.449922	       -3.563713	       +2.722223	    -2727.739924	       +1.435501	       +0.000001	       -5.359515	       -5.585520
               3	              25	       -6.289899	       -1.946319	     -453.898015	     +463.266358	      -17.449922	       -3.563713	       +2.723130	    -1111.650512	       +1.435501	       +0.000001	       -5.358450	       -5.584944
               3	              26	       -3.056462	       +1.287119	     -471.082314	     +485.085325	      -12.346232	       +0.000000	       -2.209040	   +16063.345158	       -1.435775	       -0.000001	       -0.552261	       -1.171002
               3	              27	       -3.056461	       +1.287120	     -471.082659	     +485.085325	      -12.346232	       +0.000000	       -2.212273	   +13650.063606	       -1.435775	       -0.000001	       -0.555838	       -1.174851
               3	              28	       -2.954589	       +1.388992	     -443.854064	     +456.175447	      -11.738620	       +0.000000	       -2.336666	    +8707.886787	       -1.435640	       -0.000001	       -1.753902	       -2.048815
               3	              29	       -2.954587	       +1.388993	     -443.854414	     +456.175447	      -11.738620	       +0.000000	       -2.339432	    +6557.441707	       -1.435640	       -0.000001	       -1.757019	       -2.051626
               3	              30	       -1.863615	       +2.479966	     -423.441487	     +436.395620	      -10.668652	       +0.000000	       -2.645144	    +8064.362383	       -1.435399	       -0.000001	       -0.359662	       -0.703838
               3	              31	       -1.863614	       +2.479967	     -423.441516	     +436.395620	      -10.668652	       +0.000000	       -2.645206	    +8148.106938	       -1.435399	       -0.000001	       -0.359754	       -0.703839
               3	              32	       -1.263889	       +3.079692	     -409.709444	     +426.138582	      -11.405001	       +0.000000	       -2.584501	    +4262.509766	       -1.435582	       -0.000001	       +2.439634	       +1.525990
               3	              33	       -1.263888	       +3.079692	     -409.709472	     +426.138582	      -11.405001	       +0.000000	       -2.584413	    +4196.662785	       -1.435582	       -0.000001	       +2.439696	       +1.526201
               3	              34	       +2.649881	       +6.993461	     -331.610148	     +343.916333	       -6.063144	       +0.000000	       -2.850862	    -1690.984550	       -1.435354	       -0.000001	       +3.392179	       +3.242872
               3	              35	       +2.649881	       +6.993462	     -331.610187	     +343.916333	       -6.063144	       +0.000000	       -2.851052	    -1690.876167	       -1.435354	       -0.000001	       +3.391950	       +3.242748
               3	              36	       +2.893231	       +7.236811	     -306.248690	     +316.471377	       -5.458730	       +0.000000	       -2.475150	    +3855.622385	       -1.435787	       -0.000001	       +2.288807	       +2.398140
               3	              37	       +2.893231	       +7.236811	     -306.248693	     +316.471377	       -5.458730	       +0.000000	       -2.475306	    +3842.820161	       -1.435787	       -0.000001	       +2.288648	       +2.398055
               3	              38	       +3.304595	       +7.648176	     -317.504813	     +333.088629	       -6.121500	       +0.000000	       -2.910012	    +2263.061309	       -1.435718	       -0.000001	       +6.552304	       +5.895676
               3	              39	       +3.304596	       +7.648177	     -317.504858	     +333.088629	       -6.121500	       +0.000000	       -2.907624	    +2500.210745	       -1.435718	       -0.000001	       +6.554648	       +5.897509
               3	              40	       +5.155271	       +9.498851	     -198.009053	     +222.769206	       -4.653558	       +0.000000	       -2.781441	    -1959.209617	       -1.435335	       -0.000001	      +17.325155	      +14.951480
               3	              41	       +5.155271	       +9.498851	     -198.009034	     +222.769206	       -4.653558	       +0.000000	       -2.781435	    -1999.177406	       -1.435335	       -0.000001	      +17.325180	      +14.950961
               3	              42	       +5.593533	       +9.937113	     -276.756130	     +304.661150	       -5.713155	       +0.000000	       -3.153982	      +83.527800	       -1.435527	       -0.000001	      +19.037882	      +17.278115
               3	              43	       +5.593533	       +9.937114	     -276.756108	     +304.661150	       -5.713155	       +0.000000	       -3.152935	      +23.139587	       -1.435527	       -0.000001	      +19.038951	      +17.284062
               3	              44	       +7.168550	      +11.512130	     -355.897073	     +376.911852	       -6.054776	       +0.000000	       -3.049884	    -2037.881970	       -1.295581	       -0.000001	      +11.910120	      +11.910120
               3	              45	       +7.168550	      +11.512130	     -355.897179	     +376.911852	       -6.054776	       +0.000000	       -3.046355	    -1922.322563	       -1.295581	       -0.000001	      +11.913542	      +11.913542

k-point 4:
               4	               0	      -65.289461	      -60.945880	     -633.619886	     +592.385339	      -40.057887	       -3.563713	       +4.042391	    -9904.070466	       +0.309726	       +0.000000	      -77.250043	      -77.250043
               4	               1	      -65.289456	      -60.945876	     -633.619926	     +592.385339	      -40.057887	       -3.563713	       +4.045512	    -9924.328608	       +0.309726	       +0.000000	      -77.246961	      -77.246961
               4	               2	      -42.122163	      -37.778583	     -603.516515	     +586.398588	      -34.036136	       -3.563713	       +3.998065	    +7748.458036	       +0.481401	       +0.000000	      -47.155998	      -47.155998
               4	               3	      -42.099979	      -37.756398	     -603.618857	     +586.424841	      -34.073692	       -3.563713	       +4.027306	   +36420.114444	       +0.481657	       +0.000000	      -47.240402	      -47.240402
               4	               4	      -39.582216	      -35.238636	     -602.486754	     +586.213911	      -33.369955	       -3.563713	       +4.159725	    -5875.532915	       +0.512548	       +0.000000	      -45.483073	      -45.483073
               4	               5	      -39.538367	      -35.194786	     -593.861666	     +576.356422	      -33.276385	       -3.563713	       +4.055474	    +3233.907313	       +0.513121	       +0.000000	      -46.726155	      -46.726155
               4	               6	      -39.534506	      -35.190925	     -602.918316	     +586.515814	      -33.427004	       -3.563713	       +4.198624	   +36783.531835	       +0.513172	       +0.000000	      -45.630882	      -45.630882
               4	               7	      -39.522505	      -35.178924	     -594.089378	     +576.551968	      -33.296776	       -3.563713	       +4.069805	   +17071.439286	       +0.513329	       +0.000000	      -46.764380	      -46.764380
               4	               8	      -17.273677	      -12.930096	     -391.233977	     +387.077466	      -22.471164	       -3.563713	       +6.631712	    -7002.019280	       +1.187189	       +0.000001	      -19.995964	      -19.995964
               4	               9	      -17.230830	      -12.887250	     -380.910609	     +377.797028	      -22.464829	       -3.563713	       +6.780929	    -1640.522514	       +1.190198	       +0.000001	      -18.797481	      -18.797481
               4	              10	      -17.227364	      -12.883784	     -380.742951	     +377.630278	      -22.460818	       -3.563713	       +6.781366	    -1393.366875	       +1.190442	       +0.000001	      -18.792124	      -18.792124
               4	              11	      -17.210674	      -12.867094	     -390.127160	     +386.036415	      -22.489245	       -3.563713	       +6.640641	    -7558.170526	       +1.191618	       +0.000001	      -19.939348	      -19.939348
               4	              12	      -10.760539	       -6.416958	     -417.636630	     +419.439606	      -18.635856	       -3.563713	       +4.752773	   -17893.799817	       +1.435578	       +0.000001	      -12.080106	      -11.706935
               4	              13	      -10.751426	       -6.407846	     -418.957602	     +420.874773	      -18.652865	       -3.563713	       +4.741197	   -19056.473605	       +1.435600	       +0.000001	      -11.994496	      -11.643188
               4	              14	       -9.925139	       -5.581559	     -379.195521	     +383.277760	      -18.086674	       -3.563713	       +4.670442	    -3693.697493	       +1.435587	       +0.000001	       -9.333993	       -9.496334
               4	              15	       -9.889646	       -5.546065	     -379.427884	     +383.629669	      -18.066238	       -3.563713	       +4.654962	    -3609.849645	       +1.435488	       +0.000001	       -9.209490	       -9.395994
               4	              16	       -9.441757	       -5.098177	     -392.062324	     +394.949719	      -16.757960	       -3.563713	       +3.886569	    -7690.040110	       +1.435626	       +0.000001	       -9.983997	       -9.846288
               4	              17	       -9.382374	       -5.038793	     -390.160319	     +393.035945	      -16.813108	       -3.563713	       +3.892438	    -8723.028861	       +1.435466	       +0.000001	      -10.045044	       -9.876832
               4	              18	       -8.864993	       -4.521412	     -365.619050	     +368.250721	      -18.486836	       -3.563713	       +4.315576	   -17791.181289	       +1.435409	       +0.000001	      -11.539589	      -10.819563
               4	              19	       -8.839967	       -4.496386	     -368.789025	     +371.423410	      -18.563510	       -3.563713	       +4.315721	   -20748.948247	       +1.435344	       +0.000001	      -11.613405	      -10.867715
               4	              20	       -8.314099	       -3.970519	     -343.207733	     +347.903274	      -17.062040	       -3.563713	       +3.874617	    -9271.356542	       +1.435429	       +0.000001	       -8.491882	       -8.448194
               4	              21	       -8.264529	       -3.920949	     -343.040753	     +347.889363	      -17.007761	       -3.563713	       +3.837750	    -9024.236520	       +1.435568	       +0.000001	       -8.321400	       -8.307461
               4	              22	       -7.587982	       -3.244401	     -338.002543	     +345.545874	      -18.352297	       -3.563713	       +3.837864	   -14392.526491	       +1.435788	       +0.000001	       -6.971102	       -7.129502
               4	              23	       -7.566418	       -3.222838	     -337.111910	     +344.653965	      -18.305596	       -3.563713	       +3.820437	   -13003.815858	       +1.435784	       +0.000001	       -6.943103	       -7.102886
               4	              24	       -5.326194	       -0.982614	     -495.154499	     +505.102778	      -18.116003	       -3.563713	       +2.365444	    -5931.851218	       +1.435390	       +0.000001	       -5.802281	       -5.685309
               4	              25	       -5.193615	       -0.850034	     -492.750208	     +502.743777	      -17.865403	       -3.563713	       +2.262581	    +1558.428823	       +1.435709	       +0.000001	       -5.609253	       -5.507865
               4	              26	       -3.493546	       +0.850034	     -513.244873	     +528.167703	      -12.700417	       +0.000000	       -2.329262	    +9306.454901	       -1.435709	       -0.000001	       -0.106849	       -0.964062
               4	              27	       -3.489961	       +0.853619	     -512.713604	     +527.645956	      -12.670960	       +0.000000	       -2.348948	    +9106.650871	       -1.435704	       -0.000001	       -0.087556	       -0.948613
               4	              28	       -2.349114	       +1.994466	     -390.555489	     +401.917163	      -10.560525	       +0.000000	       -2.527558	    +5628.360000	       -1.435350	       -0.000001	       -1.726409	       -1.871483
               4	              29	       -2.318861	       +2.024720	     -390.912256	     +402.204498	      -10.557304	       +0.000000	       -2.526911	    +6562.815487	       -1.435420	       -0.000001	       -1.791974	       -1.914668
               4	              30	       -1.737564	       +2.606016	     -463.487937	     +477.862080	      -12.297706	       +0.000000	       -2.645323	    -8428.696221	       -1.435643	       -0.000001	       -0.568886	       -0.863385
               4	              31	       -1.607455	       +2.736125	     -465.382506	     +479.959399	      -12.156685	       +0.000000	       -2.737771	    -3858.470771	       -1.435787	       -0.000001	       -0.317562	       -0.643710
               4	              32	       -0.396867	       +3.946713	     -465.251277	     +484.154199	      -11.735070	       +0.000000	       -3.271583	    +9312.513605	       -1.435500	       -0.000001	       +3.896269	       +2.810064
               4	              33	       -0.320176	       +4.023404	     -465.834626	     +484.771705	      -11.679043	       +0.000000	       -3.305992	   +10557.453880	       -1.435415	       -0.000001	       +3.952043	       +2.870044
               4	              34	       +2.059712	       +6.403293	     -360.757957	     +374.938634	       -6.965849	       +0.000000	       -3.025546	   +10732.461903	       -1.435610	       -0.000001	       +4.189283	       +3.737776
               4	              35	       +2.197665	       +6.541246	     -358.202873	     +372.009259	       -6.910792	       +0.000000	       -3.012830	    +9183.414563	       -1.435474	       -0.000001	       +3.882765	       +3.525907
               4	              36	       +2.544441	       +6.888021	     -286.613473	     +296.529975	       -5.461911	       +0.000000	       -2.907692	    -3975.277529	       -1.435642	       -0.000001	       +1.546899	       +1.745335
               4	              37	       +2.547607	       +6.891188	     -286.069988	     +295.939501	       -5.455037	       +0.000000	       -2.897229	    -3805.113631	       -1.435636	       -0.000001	       +1.517248	       +1.722194
               4	              38	       +4.779963	       +9.123543	     -218.949361	     +221.577028	       -4.156309	       +0.000000	       -2.594194	    -2217.854083	       -1.435677	       -0.000001	       -4.122836	       -2.515818
               4	              39	       +4.790013	       +9.133594	     -218.945757	     +221.669819	       -4.156212	       +0.000000	       -2.584130	    -2330.770464	       -1.435695	       -0.000001	       -4.016280	       -2.429928
               4	              40	       +5.792460	      +10.136041	     -332.524273	     +339.765230	       -6.171440	       +0.000000	       -2.990234	    -3249.901078	       -1.421536	       -0.000001	       -1.920718	       -1.223225
               4	              41	       +5.847473	      +10.191054	     -330.818938	     +337.999922	       -6.175523	       +0.000000	       -2.953680	    -3694.355985	       -1.416032	       -0.000001	       -1.948219	       -1.345489
               4	              42	       +6.356890	      +10.700471	     -357.730568	     +370.189710	       -5.777702	       +0.000000	       -2.351556	     -143.080486	       -1.367024	       -0.000001	       +4.329884	       +4.329884
               4	              43	       +6.375933	      +10.719514	     -358.615709	     +371.618286	       -5.788658	       +0.000000	       -2.352028	     -139.166837	       -1.365258	       -0.000001	       +4.861891	       +4.861891
               4	              44	       +7.147368	      +11.490948	     -197.010686	     +218.193617	       -4.452501	       +0.000000	       -2.903183	    -2749.899752	       -1.297350	       -0.000001	      +13.827247	      +13.827247
               4	              45	       +7.164537	      +11.508117	     -197.475600	     +219.158692	       -4.443677	       +0.000000	       -2.909673	    -2671.527347	       -1.295916	       -0.000001	      +14.329742	      +14.329742

k-point 5:
               5	               0	      -65.392797	      -61.049216	     -633.749368	     +592.673429	      -40.073804	       -3.563713	       +4.055076	    -9490.905726	       +0.309234	       +0.000000	      -77.094667	      -77.094667
               5	               1	      -65.392797	      -61.049216	     -633.749368	     +592.673429	      -40.073804	       -3.563713	       +4.054311	    -9491.495765	       +0.309234	       +0.000000	      -77.095432	      -77.095432
               5	               2	      -42.080405	      -37.736824	     -603.472686	     +586.388669	      -34.058482	       -3.563713	       +3.974375	   +22078.933279	       +0.481883	       +0.000000	      -47.168124	      -47.168124
               5	               3	      -42.080405	      -37.736824	     -603.472686	     +586.388669	      -34.058482	       -3.563713	       +3.971613	   +15688.196883	       +0.481883	       +0.000000	      -47.170887	      -47.170887
               5	               4	      -39.576631	      -35.233051	     -596.501331	     +579.286494	      -33.326839	       -3.563713	       +4.095821	    +6542.454803	       +0.512621	       +0.000000	      -46.445854	      -46.445854
               5	               5	      -39.576631	      -35.233051	     -596.501328	     +579.286494	      -33.326839	       -3.563713	       +4.094007	    +5839.047217	       +0.512621	       +0.000000	      -46.447666	      -46.447666
               5	               6	      -39.426546	      -35.082966	     -600.838790	     +584.545456	      -33.389471	       -3.563713	       +4.060699	   +16982.053069	       +0.514589	       +0.000000	      -45.622105	      -45.622105
               5	               7	      -39.426546	      -35.082966	     -600.838793	     +584.545456	      -33.389471	       -3.563713	       +4.060216	   +11562.487529	       +0.514589	       +0.000000	      -45.622592	      -45.622592
               5	               8	      -18.084493	      -13.740913	     -387.755570	     +382.838810	      -22.417406	       -3.563713	       +6.596442	    -2195.391042	       +1.132987	       +0.000001	      -20.737723	      -20.737723
               5	               9	      -18.084493	      -13.740913	     -387.755569	     +382.838810	      -22.417406	       -3.563713	       +6.596270	    -1958.053328	       +1.132987	       +0.000001	      -20.737895	      -20.737895
               5	              10	      -17.638777	      -13.295196	     -371.714912	     +368.038883	      -22.363252	       -3.563713	       +6.721255	    -6181.369194	       +1.162154	       +0.000001	      -19.318026	      -19.318026
               5	              11	      -17.638777	      -13.295196	     -371.714912	     +368.038883	      -22.363252	       -3.563713	       +6.721044	    -6178.520763	       +1.162154	       +0.000001	      -19.318237	      -19.318237
               5	              12	      -10.524665	       -6.181084	     -417.797234	     +420.068194	      -18.500724	       -3.563713	       +4.809551	   -20355.345950	       +1.435757	       +0.000001	      -11.420213	      -11.165940
               5	              13	      -10.524665	       -6.181084	     -417.797232	     +420.068194	      -18.500724	       -3.563713	       +4.808929	   -20149.948144	       +1.435757	       +0.000001	      -11.420834	      -11.166240
               5	              14	       -9.566582	       -5.223001	     -378.705810	     +381.762211	      -17.923094	       -3.563713	       +4.204073	    -9292.979961	       +1.435784	       +0.000001	      -10.662619	      -10.371160
               5	              15	       -9.566581	       -5.223001	     -378.705812	     +381.762211	      -17.923094	       -3.563713	       +4.204240	    -9321.066251	       +1.435784	       +0.000001	      -10.662454	      -10.371006
               5	              16	       -9.176332	       -4.832752	     -371.675852	     +374.276113	      -17.801638	       -3.563713	       +4.299053	    -3482.447323	       +1.435733	       +0.000001	      -10.902324	      -10.443501
               5	              17	       -9.176332	       -4.832752	     -371.675855	     +374.276113	      -17.801638	       -3.563713	       +4.298708	    -3441.410359	       +1.435733	       +0.000001	      -10.902672	      -10.443805
               5	              18	       -8.120308	       -3.776728	     -440.824812	     +447.443974	      -18.902658	       -3.563713	       +3.744075	   -19053.873279	       +1.435781	       +0.000001	       -8.539421	       -8.433237
               5	              19	       -8.120308	       -3.776728	     -440.824811	     +447.443974	      -18.902658	       -3.563713	       +3.744247	   -18707.525485	       +1.435781	       +0.000001	       -8.539248	       -8.433097
               5	              20	       -7.044052	       -2.700472	     -314.721623	     +321.501657	      -17.204063	       -3.563713	       +3.681638	    -1183.854011	       +1.435773	       +0.000001	       -6.742391	       -6.815539
               5	              21	       -7.044052	       -2.700472	     -314.721626	     +321.501657	      -17.204063	       -3.563713	       +3.681899	    -1007.222592	       +1.435773	       +0.000001	       -6.742132	       -6.815348
               5	              22	       -6.595087	       -2.251506	     -417.090723	     +424.469635	      -17.933081	       -3.563713	       +3.328359	   -14727.476276	       +1.435788	       +0.000001	       -7.225809	       -7.074263
               5	              23	       -6.595085	       -2.251505	     -417.090573	     +424.469635	      -17.933081	       -3.563713	       +3.326527	   -17563.798132	       +1.435788	       +0.000001	       -7.227492	       -7.075632
               5	              24	       -6.289884	       -1.946304	     -453.898047	     +463.220987	      -17.442916	       -3.563713	       +2.723512	   -11525.318814	       +1.435501	       +0.000001	       -5.396464	       -5.614032
               5	              25	       -6.289883	       -1.946303	     -453.897884	     +463.220987	      -17.442916	       -3.563713	       +2.721814	   -13819.775523	       +1.435501	       +0.000001	       -5.397999	       -5.615081
               5	              26	       -3.056468	       +1.287112	     -471.083276	     +485.975576	      -12.339922	       +0.000000	       -2.229633	    +2840.251997	       -1.435775	       -0.000001	       +0.322745	       -0.509406
               5	              27	       -3.056467	       +1.287113	     -471.083464	     +485.975576	      -12.339922	       +0.000000	       -2.226227	   +13720.084285	       -1.435775	       -0.000001	       +0.325963	       -0.506822
               5	              28	       -2.954590	       +1.388990	     -443.853313	     +455.422773	      -11.735666	       +0.000000	       -2.333389	    -1097.990453	       -1.435640	       -0.000001	       -2.499596	       -2.611594
               5	              29	       -2.954589	       +1.388991	     -443.853491	     +455.422773	      -11.735666	       +0.000000	       -2.330442	   +10169.206236	       -1.435640	       -0.000001	       -2.496827	       -2.609515
               5	              30	       -1.863630	       +2.479951	     -423.441519	     +436.712235	      -10.665323	       +0.000000	       -2.652367	    +3918.638202	       -1.435399	       -0.000001	       -0.046974	       -0.462504
               5	              31	       -1.863630	       +2.479951	     -423.441525	     +436.712235	      -10.665323	       +0.000000	       -2.652217	    +3908.446466	       -1.435399	       -0.000001	       -0.046830	       -0.462459
               5	              32	       -1.263885	       +3.079695	     -409.709218	     +425.657584	      -11.382529	       +0.000000	       -2.610054	   +12873.788162	       -1.435582	       -0.000001	       +1.955782	       +1.160928
               5	              33	       -1.263885	       +3.079695	     -409.709224	     +425.657584	      -11.382529	       +0.000000	       -2.608927	   +12739.248438	       -1.435582	       -0.000001	       +1.956903	       +1.161782
               5	              34	       +2.649882	       +6.993462	     -331.610306	     +342.291295	       -6.061805	       +0.000000	       -2.848135	    -6045.860701	       -1.435354	       -0.000001	       +1.771050	       +1.949195
               5	              35	       +2.649882	       +6.993462	     -331.610305	     +342.291295	       -6.061805	       +0.000000	       -2.847821	    -6438.000119	       -1.435354	       -0.000001	       +1.771364	       +1.949457
               5	              36	       +2.893229	       +7.236810	     -306.248850	     +316.697500	       -5.481133	       +0.000000	       -2.511378	    +4554.065971	       -1.435787	       -0.000001	       +2.456139	       +2.536004
               5	              37	       +2.893229	       +7.236810	     -306.248849	     +316.697500	       -5.481133	       +0.000000	       -2.511953	    +4540.205610	       -1.435787	       -0.000001	       +2.455565	       +2.535565
               5	              38	       +3.304594	       +7.648174	     -317.505391	     +330.973421	       -6.102959	       +0.000000	       -2.912914	    +2959.751768	       -1.435718	       -0.000001	       +4.452157	       +4.216077
               5	              39	       +3.304594	       +7.648174	     -317.505389	     +330.973421	       -6.102959	       +0.000000	       -2.911769	    +2903.467019	       -1.435718	       -0.000001	       +4.453303	       +4.216893
               5	              40	       +5.155266	       +9.498846	     -198.008552	     +222.028688	       -4.678654	       +0.000000	       -2.808647	     +672.981520	       -1.435335	       -0.000001	      +16.532835	      +14.287355
               5	              41	       +5.155266	       +9.498846	     -198.008550	     +222.028688	       -4.678654	       +0.000000	       -2.808976	     +705.622577	       -1.435335	       -0.000001	      +16.532509	      +14.288410
               5	              42	       +5.593547	       +9.937127	     -276.755076	     +302.921477	       -5.725428	       +0.000000	       -3.154643	    +5924.751709	       -1.435527	       -0.000001	      +17.286330	      +15.854949
               5	              43	       +5.593547	       +9.937127	     -276.755072	     +302.921477	       -5.725428	       +0.000000	       -3.153719	    +6010.860559	       -1.435527	       -0.000001	      +17.287257	      +15.855048
               5	              44	       +7.168536	      +11.512117	     -355.897173	     +378.719219	       -6.049542	       +0.000000	       -3.129662	    +2322.294634	       -1.295582	       -0.000001	      +13.642843	      +13.642843
               5	              45	       +7.168536	      +11.512117	     -355.897153	     +378.719219	       -6.049542	       +0.000000	       -3.136436	    +2059.592952	       -1.295582	       -0.000001	      +13.636089	      +13.636089

k-point 6:
               6	               0	      -65.392797	      -61.049216	     -633.749367	     +592.844413	      -40.077880	       -3.563713	       +4.061064	    -8499.897814	       +0.309234	       +0.000000	      -76.921769	      -76.921769
               6	               1	      -65.392797	      -61.049216	     -633.749367	     +592.844413	      -40.077880	       -3.563713	       +4.061478	    -8489.576754	       +0.309234	       +0.000000	      -76.921355	      -76.921355
               6	               2	      -42.080405	      -37.736824	     -603.472684	     +586.195957	      -34.051127	       -3.563713	       +3.974468	   +21770.759338	       +0.481883	       +0.000000	      -47.353386	      -47.353386
               6	               3	      -42.080405	      -37.736824	     -603.472684	     +586.195957	      -34.051127	       -3.563713	       +3.973286	   +16184.995155	       +0.481883	       +0.000000	      -47.354568	      -47.354568
               6	               4	      -39.576632	      -35.233051	     -596.501331	     +578.319019	      -33.290110	       -3.563713	       +4.098899	   +14986.755630	       +0.512621	       +0.000000	      -47.373523	      -47.373523
               6	               5	      -39.576632	      -35.233051	     -596.501331	     +578.319019	      -33.290110	       -3.563713	       +4.097583	   +14084.365837	       +0.512621	       +0.000000	      -47.374839	      -47.374839
               6	               6	      -39.426544	      -35.082964	     -600.838794	     +585.194631	      -33.414876	       -3.563713	       +4.056784	    +5494.503291	       +0.514589	       +0.000000	      -45.002255	      -45.002255
               6	               7	      -39.426544	      -35.082964	     -600.838795	     +585.194631	      -33.414876	       -3.563713	       +4.053167	     +336.459425	       +0.514589	       +0.000000	      -45.005872	      -45.005872
               6	               8	      -18.084495	      -13.740915	     -387.755481	     +382.863631	      -22.410707	       -3.563713	       +6.589287	    -1449.089809	       +1.132987	       +0.000001	      -20.713270	      -20.713270
               6	               9	      -18.084495	      -13.740914	     -387.755480	     +382.863631	      -22.410707	       -3.563713	       +6.589220	    -1398.269296	       +1.132987	       +0.000001	      -20.713336	      -20.713336
               6	              10	      -17.638785	      -13.295204	     -371.715002	     +368.088882	      -22.357786	       -3.563713	       +6.723536	    -3567.936236	       +1.162154	       +0.000001	      -19.260370	      -19.260370
               6	              11	      -17.638785	      -13.295204	     -371.715002	     +368.088882	      -22.357786	       -3.563713	       +6.723360	    -3538.278121	       +1.162154	       +0.000001	      -19.260545	      -19.260545
               6	              12	      -10.524665	       -6.181085	     -417.797220	     +418.988499	      -18.490920	       -3.563713	       +4.804740	   -12197.347694	       +1.435757	       +0.000001	      -12.494900	      -11.934399
               6	              13	      -10.524665	       -6.181085	     -417.797225	     +418.988499	      -18.490920	       -3.563713	       +4.804220	   -12340.122313	       +1.435757	       +0.000001	      -12.495425	      -11.934489
               6	              14	       -9.566583	       -5.223003	     -378.705633	     +381.679772	      -17.941907	       -3.563713	       +4.211896	    -9855.280483	       +1.435784	       +0.000001	      -10.755871	      -10.439683
               6	              15	       -9.566583	       -5.223003	     -378.705638	     +381.679772	      -17.941907	       -3.563713	       +4.211953	    -9856.300781	       +1.435784	       +0.000001	      -10.755820	      -10.439560
               6	              16	       -9.176334	       -4.832753	     -371.675790	     +374.735399	      -17.838839	       -3.563713	       +4.310089	    +5677.873875	       +1.435733	       +0.000001	      -10.469141	      -10.125110
               6	              17	       -9.176334	       -4.832753	     -371.675785	     +374.735399	      -17.838839	       -3.563713	       +4.310271	    +5819.923999	       +1.435733	       +0.000001	      -10.468954	      -10.124994
               6	              18	       -8.120282	       -3.776701	     -440.824827	     +447.873765	      -18.914867	       -3.563713	       +3.747462	    -3315.602092	       +1.435781	       +0.000001	       -8.118467	       -8.118928
               6	              19	       -8.120282	       -3.776701	     -440.824839	     +447.873765	      -18.914867	       -3.563713	       +3.747245	    -3104.186529	       +1.435781	       +0.000001	       -8.118696	       -8.119099
               6	              20	       -7.044059	       -2.700479	     -314.721571	     +321.365495	      -17.252315	       -3.563713	       +3.691325	      -40.645797	       +1.435773	       +0.000001	       -6.917066	       -6.947950
               6	              21	       -7.044059	       -2.700479	     -314.721562	     +321.365495	      -17.252315	       -3.563713	       +3.691343	     -193.037366	       +1.435773	       +0.000001	       -6.917039	       -6.947932
               6	              22	       -6.595074	       -2.251494	     -417.091320	     +425.634675	      -17.986021	       -3.563713	       +3.340483	    -8316.131258	       +1.435788	       +0.000001	       -6.102183	       -6.221238
               6	              23	       -6.595073	       -2.251492	     -417.091165	     +425.634675	      -17.986021	       -3.563713	       +3.342147	    -6735.256902	       +1.435788	       +0.000001	       -6.100363	       -6.219928
               6	              24	       -6.289901	       -1.946321	     -453.898174	     +463.266358	      -17.449922	       -3.563713	       +2.722223	    -2727.739923	       +1.435501	       +0.000001	       -5.359515	       -5.585520
               6	              25	       -6.289899	       -1.946319	     -453.898015	     +463.266358	      -17.449922	       -3.563713	       +2.723130	    -1111.650514	       +1.435501	       +0.000001	       -5.358450	       -5.584944
               6	              26	       -3.056462	       +1.287119	     -471.082314	     +485.085325	      -12.346232	       +0.000000	       -2.209040	   +16063.345154	       -1.435775	       -0.000001	       -0.552261	       -1.171002
               6	              27	       -3.056461	       +1.287120	     -471.082659	     +485.085325	      -12.346232	       +0.000000	       -2.212273	   +13650.063607	       -1.435775	       -0.000001	       -0.555838	       -1.174851
               6	              28	       -2.954589	       +1.388992	     -443.854064	     +456.175447	      -11.738620	       +0.000000	       -2.336666	    +8707.886786	       -1.435640	       -0.000001	       -1.753902	       -2.048815
               6	              29	       -2.954587	       +1.388993	     -443.854414	     +456.175447	      -11.738620	       +0.000000	       -2.339432	    +6557.441712	       -1.435640	       -0.000001	       -1.757019	       -2.051626
               6	              30	       -1.863615	       +2.479966	     -423.441487	     +436.395620	      -10.668652	       +0.000000	       -2.645144	    +8064.362386	       -1.435399	       -0.000001	       -0.359662	       -0.703838
               6	              31	       -1.863614	       +2.479967	     -423.441516	     +436.395620	      -10.668652	       +0.000000	       -2.645206	    +8148.106939	       -1.435399	       -0.000001	       -0.359754	       -0.703839
               6	              32	       -1.263889	       +3.079692	     -409.709444	     +426.138582	      -11.405001	       +0.000000	       -2.584501	    +4262.509766	       -1.435582	       -0.000001	       +2.439634	       +1.525990
               6	              33	       -1.263888	       +3.079692	     -409.709472	     +426.138582	      -11.405001	       +0.000000	       -2.584413	    +4196.662785	       -1.435582	       -0.000001	       +2.439696	       +1.526201
               6	              34	       +2.649881	       +6.993461	     -331.610148	     +343.916333	       -6.063144	       +0.000000	       -2.850862	    -1690.984546	       -1.435354	       -0.000001	       +3.392179	       +3.242872
               6	              35	       +2.649881	       +6.993462	     -331.610187	     +343.916333	       -6.063144	       +0.000000	       -2.851052	    -1690.876169	       -1.435354	       -0.000001	       +3.391950	       +3.242748
               6	              36	       +2.893231	       +7.236811	     -306.248690	     +316.471377	       -5.458730	       +0.000000	       -2.475150	    +3855.622385	       -1.435787	       -0.000001	       +2.288807	       +2.398140
               6	              37	       +2.893231	       +7.236811	     -306.248693	     +316.471377	       -5.458730	       +0.000000	       -2.475306	    +3842.820160	       -1.435787	       -0.000001	       +2.288648	       +2.398055
               6	              38	       +3.304595	       +7.648176	     -317.504813	     +333.088629	       -6.121500	       +0.000000	       -2.910012	    +2263.061311	       -1.435718	       -0.000001	       +6.552304	       +5.895676
               6	              39	       +3.304596	       +7.648177	     -317.504858	     +333.088629	       -6.121500	       +0.000000	       -2.907624	    +2500.210745	       -1.435718	       -0.000001	       +6.554648	       +5.897509
               6	              40	       +5.155271	       +9.498851	     -198.009053	     +222.769206	       -4.653558	       +0.000000	       -2.781441	    -1959.209617	       -1.435335	       -0.000001	      +17.325155	      +14.951480
               6	              41	       +5.155271	       +9.498851	     -198.009034	     +222.769206	       -4.653558	       +0.000000	       -2.781435	    -1999.177408	       -1.435335	       -0.000001	      +17.325180	      +14.950961
               6	              42	       +5.593533	       +9.937113	     -276.756130	     +304.661150	       -5.713155	       +0.000000	       -3.153982	      +83.527799	       -1.435527	       -0.000001	      +19.037882	      +17.278115
               6	              43	       +5.593533	       +9.937114	     -276.756108	     +304.661150	       -5.713155	       +0.000000	       -3.152935	      +23.139586	       -1.435527	       -0.000001	      +19.038951	      +17.284062
               6	              44	       +7.168550	      +11.512130	     -355.897073	     +376.911852	       -6.054776	       +0.000000	       -3.049884	    -2037.881971	       -1.295581	       -0.000001	      +11.910120	      +11.910120
               6	              45	       +7.168550	      +11.512130	     -355.897179	     +376.911852	       -6.054776	       +0.000000	       -3.046355	    -1922.322563	       -1.295581	       -0.000001	      +11.913542	      +11.913542

k-point 7:
               7	               0	      -65.392797	      -61.049216	     -633.749368	     +592.673429	      -40.073804	       -3.563713	       +4.055076	    -9490.905726	       +0.309234	       +0.000000	      -77.094667	      -77.094667
               7	               1	      -65.392797	      -61.049216	     -633.749368	     +592.673429	      -40.073804	       -3.563713	       +4.054311	    -9491.495764	       +0.309234	       +0.000000	      -77.095432	      -77.095432
               7	               2	      -42.080405	      -37.736824	     -603.472686	     +586.388669	      -34.058482	       -3.563713	       +3.974375	   +22078.933277	       +0.481883	       +0.000000	      -47.168124	      -47.168124
               7	               3	      -42.080405	      -37.736824	     -603.472686	     +586.388669	      -34.058482	       -3.563713	       +3.971613	   +15688.196886	       +0.481883	       +0.000000	      -47.170887	      -47.170887
               7	               4	      -39.576631	      -35.233051	     -596.501331	     +579.286494	      -33.326839	       -3.563713	       +4.095821	    +6542.454803	       +0.512621	       +0.000000	      -46.445854	      -46.445854
               7	               5	      -39.576631	      -35.233051	     -596.501328	     +579.286494	      -33.326839	       -3.563713	       +4.094007	    +5839.047217	       +0.512621	       +0.000000	      -46.447666	      -46.447666
               7	               6	      -39.426546	      -35.082966	     -600.838790	     +584.545456	      -33.389471	       -3.563713	       +4.060699	   +16982.053067	       +0.514589	       +0.000000	      -45.622105	      -45.622105
               7	               7	      -39.426546	      -35.082966	     -600.838793	     +584.545456	      -33.389471	       -3.563713	       +4.060216	   +11562.487531	       +0.514589	       +0.000000	      -45.622592	      -45.622592
               7	               8	      -18.084493	      -13.740913	     -387.755570	     +382.838810	      -22.417406	       -3.563713	       +6.596442	    -2195.391042	       +1.132987	       +0.000001	      -20.737723	      -20.737723
               7	               9	      -18.084493	      -13.740913	     -387.755569	     +382.838810	      -22.417406	       -3.563713	       +6.596270	    -1958.053328	       +1.132987	       +0.000001	      -20.737895	      -20.737895
               7	              10	      -17.638777	      -13.295196	     -371.714912	     +368.038883	      -22.363252	       -3.563713	       +6.721255	    -6181.369194	       +1.162154	       +0.000001	      -19.318026	      -19.318026
               7	              11	      -17.638777	      -13.295196	     -371.714912	     +368.038883	      -22.363252	       -3.563713	       +6.721044	    -6178.520764	       +1.162154	       +0.000001	      -19.318237	      -19.318237
               7	              12	      -10.524665	       -6.181084	     -417.797234	     +420.068194	      -18.500724	       -3.563713	       +4.809551	   -20355.345950	       +1.435757	       +0.000001	      -11.420213	      -11.165940
               7	              13	      -10.524665	       -6.181084	     -417.797232	     +420.068194	      -18.500724	       -3.563713	       +4.808929	   -20149.948145	       +1.435757	       +0.000001	      -11.420834	      -11.166240
               7	              14	       -9.566582	       -5.223001	     -378.705810	     +381.762211	      -17.923094	       -3.563713	       +4.204073	    -9292.979961	       +1.435784	       +0.000001	      -10.662619	      -10.371160
               7	              15	       -9.566581	       -5.223001	     -378.705812	     +381.762211	      -17.923094	       -3.563713	       +4.204240	    -9321.066251	       +1.435784	       +0.000001	      -10.662454	      -10.371006
               7	              16	       -9.176332	       -4.832752	     -371.675852	     +374.276113	      -17.801638	       -3.563713	       +4.299053	    -3482.447323	       +1.435733	       +0.000001	      -10.902324	      -10.443501
               7	              17	       -9.176332	       -4.832752	     -371.675855	     +374.276113	      -17.801638	       -3.563713	       +4.298708	    -3441.410358	       +1.435733	       +0.000001	      -10.902672	      -10.443805
               7	              18	       -8.120308	       -3.776728	     -440.824812	     +447.443974	      -18.902658	       -3.563713	       +3.744075	   -19053.873278	       +1.435781	       +0.000001	       -8.539421	       -8.433237
               7	              19	       -8.120308	       -3.776728	     -440.824811	     +447.443974	      -18.902658	       -3.563713	       +3.744247	   -18707.525484	       +1.435781	       +0.000001	       -8.539248	       -8.433097
               7	              20	       -7.044052	       -2.700472	     -314.721623	     +321.501657	      -17.204063	       -3.563713	       +3.681638	    -1183.854011	       +1.435773	       +0.000001	       -6.742391	       -6.815539
               7	              21	       -7.044052	       -2.700472	     -314.721626	     +321.501657	      -17.204063	       -3.563713	       +3.681899	    -1007.222591	       +1.435773	       +0.000001	       -6.742132	       -6.815348
               7	              22	       -6.595087	       -2.251506	     -417.090723	     +424.469635	      -17.933081	       -3.563713	       +3.328359	   -14727.476277	       +1.435788	       +0.000001	       -7.225809	       -7.074263
               7	              23	       -6.595085	       -2.251505	     -417.090573	     +424.469635	      -17.933081	       -3.563713	       +3.326527	   -17563.798134	       +1.435788	       +0.000001	       -7.227492	       -7.075632
               7	              24	       -6.289884	       -1.946304	     -453.898047	     +463.220987	      -17.442916	       -3.563713	       +2.723512	   -11525.318814	       +1.435501	       +0.000001	       -5.396464	       -5.614032
               7	              25	       -6.289883	       -1.946303	     -453.897884	     +463.220987	      -17.442916	       -3.563713	       +2.721814	   -13819.775522	       +1.435501	       +0.000001	       -5.397999	       -5.615081
               7	              26	       -3.056468	       +1.287112	     -471.083276	     +485.975576	      -12.339922	       +0.000000	       -2.229633	    +2840.251994	       -1.435775	       -0.000001	       +0.322745	       -0.509406
               7	              27	       -3.056467	       +1.287113	     -471.083464	     +485.975576	      -12.339922	       +0.000000	       -2.226227	   +13720.084285	       -1.435775	       -0.000001	       +0.325963	       -0.506822
               7	              28	       -2.954590	       +1.388990	     -443.853313	     +455.422773	      -11.735666	       +0.000000	       -2.333389	    -1097.990449	       -1.435640	       -0.000001	       -2.499596	       -2.611594
               7	              29	       -2.954589	       +1.388991	     -443.853491	     +455.422773	      -11.735666	       +0.000000	       -2.330442	   +10169.206239	       -1.435640	       -0.000001	       -2.496827	       -2.609515
               7	              30	       -1.863630	       +2.479951	     -423.441519	     +436.712235	      -10.665323	       +0.000000	       -2.652367	    +3918.638203	       -1.435399	       -0.000001	       -0.046974	       -0.462504
               7	              31	       -1.863630	       +2.479951	     -423.441525	     +436.712235	      -10.665323	       +0.000000	       -2.652217	    +3908.446466	       -1.435399	       -0.000001	       -0.046830	       -0.462459
               7	              32	       -1.263885	       +3.079695	     -409.709218	     +425.657584	      -11.382529	       +0.000000	       -2.610054	   +12873.788161	       -1.435582	       -0.000001	       +1.955782	       +1.160928
               7	              33	       -1.263885	       +3.079695	     -409.709224	     +425.657584	      -11.382529	       +0.000000	       -2.608927	   +12739.248439	       -1.435582	       -0.000001	       +1.956903	       +1.161782
               7	              34	       +2.649882	       +6.993462	     -331.610306	     +342.291295	       -6.061805	       +0.000000	       -2.848135	    -6045.860702	       -1.435354	       -0.000001	       +1.771050	       +1.949195
               7	              35	       +2.649882	       +6.993462	     -331.610305	     +342.291295	       -6.061805	       +0.000000	       -2.847821	    -6438.000119	       -1.435354	       -0.000001	       +1.771364	       +1.949457
               7	              36	       +2.893229	       +7.236810	     -306.248850	     +316.697500	       -5.481133	       +0.000000	       -2.511378	    +4554.065971	       -1.435787	       -0.000001	       +2.456139	       +2.536004
               7	              37	       +2.893229	       +7.236810	     -306.248849	     +316.697500	       -5.481133	       +0.000000	       -2.511953	    +4540.205610	       -1.435787	       -0.000001	       +2.455565	       +2.535565
               7	              38	       +3.304594	       +7.648174	     -317.505391	     +330.973421	       -6.102959	       +0.000000	       -2.912914	    +2959.751768	       -1.435718	       -0.000001	       +4.452157	       +4.216077
               7	              39	       +3.304594	       +7.648174	     -317.505389	     +330.973421	       -6.102959	       +0.000000	       -2.911769	    +2903.467020	       -1.435718	       -0.000001	       +4.453303	       +4.216893
               7	              40	       +5.155266	       +9.498846	     -198.008552	     +222.028688	       -4.678654	       +0.000000	       -2.808647	     +672.981520	       -1.435335	       -0.000001	      +16.532835	      +14.287355
               7	              41	       +5.155266	       +9.498846	     -198.008550	     +222.028688	       -4.678654	       +0.000000	       -2.808976	     +705.622576	       -1.435335	       -0.000001	      +16.532509	      +14.288410
               7	              42	       +5.593547	       +9.937127	     -276.755076	     +302.921477	       -5.725428	       +0.000000	       -3.154643	    +5924.751709	       -1.435527	       -0.000001	      +17.286330	      +15.854949
               7	              43	       +5.593547	       +9.937127	     -276.755072	     +302.921477	       -5.725428	       +0.000000	       -3.153719	    +6010.860560	       -1.435527	       -0.000001	      +17.287257	      +15.855048
               7	              44	       +7.168536	      +11.512117	     -355.897173	     +378.719219	       -6.049542	       +0.000000	       -3.129662	    +2322.294636	       -1.295582	       -0.000001	      +13.642843	      +13.642843
               7	              45	       +7.168536	      +11.512117	     -355.897153	     +378.719219	       -6.049542	       +0.000000	       -3.136436	    +2059.592955	       -1.295582	       -0.000001	      +13.636089	      +13.636089

k-point 8:
               8	               0	      -65.289461	      -60.945880	     -633.619886	     +592.385339	      -40.057887	       -3.563713	       +4.042391	    -9904.070465	       +0.309726	       +0.000000	      -77.250043	      -77.250043
               8	               1	      -65.289456	      -60.945876	     -633.619926	     +592.385339	      -40.057887	       -3.563713	       +4.045512	    -9924.328608	       +0.309726	       +0.000000	      -77.246961	      -77.246961
               8	               2	      -42.122163	      -37.778583	     -603.516515	     +586.398588	      -34.036136	       -3.563713	       +3.998065	    +7748.458040	       +0.481401	       +0.000000	      -47.155998	      -47.155998
               8	               3	      -42.099979	      -37.756398	     -603.618857	     +586.424841	      -34.073692	       -3.563713	       +4.027306	   +36420.114439	       +0.481657	       +0.000000	      -47.240402	      -47.240402
               8	               4	      -39.582216	      -35.238636	     -602.486754	     +586.213911	      -33.369955	       -3.563713	       +4.159725	    -5875.532912	       +0.512548	       +0.000000	      -45.483073	      -45.483073
               8	               5	      -39.538367	      -35.194786	     -593.861666	     +576.356422	      -33.276385	       -3.563713	       +4.055474	    +3233.907313	       +0.513121	       +0.000000	      -46.726155	      -46.726155
               8	               6	      -39.534506	      -35.190925	     -602.918316	     +586.515814	      -33.427004	       -3.563713	       +4.198624	   +36783.531830	       +0.513172	       +0.000000	      -45.630882	      -45.630882
               8	               7	      -39.522505	      -35.178924	     -594.089378	     +576.551968	      -33.296776	       -3.563713	       +4.069805	   +17071.439286	       +0.513329	       +0.000000	      -46.764380	      -46.764380
               8	               8	      -17.273677	      -12.930096	     -391.233977	     +387.077466	      -22.471164	       -3.563713	       +6.631712	    -7002.019280	       +1.187189	       +0.000001	      -19.995964	      -19.995964
               8	               9	      -17.230830	      -12.887250	     -380.910609	     +377.797028	      -22.464829	       -3.563713	       +6.780929	    -1640.522515	       +1.190198	       +0.000001	      -18.797481	      -18.797481
               8	              10	      -17.227364	      -12.883784	     -380.742951	     +377.630278	      -22.460818	       -3.563713	       +6.781366	    -1393.366875	       +1.190442	       +0.000001	      -18.792124	      -18.792124
               8	              11	      -17.210674	      -12.867094	     -390.127160	     +386.036415	      -22.489245	       -3.563713	       +6.640641	    -7558.170525	       +1.191618	       +0.000001	      -19.939348	      -19.939348
               8	              12	      -10.760539	       -6.416958	     -417.636630	     +419.439606	      -18.635856	       -3.563713	       +4.752773	   -17893.799816	       +1.435578	       +0.000001	      -12.080106	      -11.706935
               8	              13	      -10.751426	       -6.407846	     -418.957602	     +420.874773	      -18.652865	       -3.563713	       +4.741197	   -19056.473605	       +1.435600	       +0.000001	      -11.994496	      -11.643188
               8	              14	       -9.925139	       -5.581559	     -379.195521	     +383.277760	      -18.086674	       -3.563713	       +4.670442	    -3693.697493	       +1.435587	       +0.000001	       -9.333993	       -9.496334
               8	              15	       -9.889646	       -5.546065	     -379.427884	     +383.629669	      -18.066238	       -3.563713	       +4.654962	    -3609.849645	       +1.435488	       +0.000001	       -9.209490	       -9.395994
               8	              16	       -9.441757	       -5.098177	     -392.062324	     +394.949719	      -16.757960	       -3.563713	       +3.886569	    -7690.040109	       +1.435626	       +0.000001	       -9.983997	       -9.846288
               8	              17	       -9.382374	       -5.038793	     -390.160319	     +393.035945	      -16.813108	       -3.563713	       +3.892438	    -8723.028861	       +1.435466	       +0.000001	      -10.045044	       -9.876832
               8	              18	       -8.864993	       -4.521412	     -365.619050	     +368.250721	      -18.486836	       -3.563713	       +4.315576	   -17791.181288	       +1.435409	       +0.000001	      -11.539589	      -10.819563
               8	              19	       -8.839967	       -4.496386	     -368.789025	     +371.423410	      -18.563510	       -3.563713	       +4.315721	   -20748.948246	       +1.435344	       +0.000001	      -11.613405	      -10.867715
               8	              20	       -8.314099	       -3.970519	     -343.207733	     +347.903274	      -17.062040	       -3.563713	       +3.874617	    -9271.356542	       +1.435429	       +0.000001	       -8.491882	       -8.448194
               8	              21	       -8.264529	       -3.920949	     -343.040753	     +347.889363	      -17.007761	       -3.563713	       +3.837750	    -9024.236520	       +1.435568	       +0.000001	       -8.321400	       -8.307461
               8	              22	       -7.587982	       -3.244401	     -338.002543	     +345.545874	      -18.352297	       -3.563713	       +3.837864	   -14392.526491	       +1.435788	       +0.000001	       -6.971102	       -7.129502
               8	              23	       -7.566418	       -3.222838	     -337.111910	     +344.653965	      -18.305596	       -3.563713	       +3.820437	   -13003.815859	       +1.435784	       +0.000001	       -6.943103	       -7.102886
               8	              24	       -5.326194	       -0.982614	     -495.154499	     +505.102778	      -18.116003	       -3.563713	       +2.365444	    -5931.851219	       +1.435390	       +0.000001	       -5.802281	       -5.685309
               8	              25	       -5.193615	       -0.850034	     -492.750208	     +502.743777	      -17.865403	       -3.563713	       +2.262581	    +1558.428821	       +1.435709	       +0.000001	       -5.609253	       -5.507865
               8	              26	       -3.493546	       +0.850034	     -513.244873	     +528.167703	      -12.700417	       +0.000000	       -2.329262	    +9306.454901	       -1.435709	       -0.000001	       -0.106849	       -0.964062
               8	              27	       -3.489961	       +0.853619	     -512.713604	     +527.645956	      -12.670960	       +0.000000	       -2.348948	    +9106.650871	       -1.435704	       -0.000001	       -0.087556	       -0.948613
               8	              28	       -2.349114	       +1.994466	     -390.555489	     +401.917163	      -10.560525	       +0.000000	       -2.527558	    +5628.360001	       -1.435350	       -0.000001	       -1.726409	       -1.871483
               8	              29	       -2.318861	       +2.024720	     -390.912256	     +402.204498	      -10.557304	       +0.000000	       -2.526911	    +6562.815488	       -1.435420	       -0.000001	       -1.791974	       -1.914668
               8	              30	       -1.737564	       +2.606016	     -463.487937	     +477.862080	      -12.297706	       +0.000000	       -2.645323	    -8428.696217	       -1.435643	       -0.000001	       -0.568886	       -0.863385
               8	              31	       -1.607455	       +2.736125	     -465.382506	     +479.959399	      -12.156685	       +0.000000	       -2.737771	    -3858.470768	       -1.435787	       -0.000001	       -0.317562	       -0.643710
               8	              32	       -0.396867	       +3.946713	     -465.251277	     +484.154199	      -11.735070	       +0.000000	       -3.271583	    +9312.513604	       -1.435500	       -0.000001	       +3.896269	       +2.810064
               8	              33	       -0.320176	       +4.023404	     -465.834626	     +484.771705	      -11.679043	       +0.000000	       -3.305992	   +10557.453878	       -1.435415	       -0.000001	       +3.952043	       +2.870044
               8	              34	       +2.059712	       +6.403293	     -360.757957	     +374.938634	       -6.965849	       +0.000000	       -3.025546	   +10732.461905	       -1.435610	       -0.000001	       +4.189283	       +3.737776
               8	              35	       +2.197665	       +6.541246	     -358.202873	     +372.009259	       -6.910792	       +0.000000	       -3.012830	    +9183.414564	       -1.435474	       -0.000001	       +3.882765	       +3.525907
               8	              36	       +2.544441	       +6.888021	     -286.613473	     +296.529975	       -5.461911	       +0.000000	       -2.907692	    -3975.277529	       -1.435642	       -0.000001	       +1.546899	       +1.745335
               8	              37	       +2.547607	       +6.891188	     -286.069988	     +295.939501	       -5.455037	       +0.000000	       -2.897229	    -3805.113630	       -1.435636	       -0.000001	       +1.517248	       +1.722194
               8	              38	       +4.779963	       +9.123543	     -218.949361	     +221.577028	       -4.156309	       +0.000000	       -2.594194	    -2217.854083	       -1.435677	       -0.000001	       -4.122836	       -2.515818
               8	              39	       +4.790013	       +9.133594	     -218.945757	     +221.669819	       -4.156212	       +0.000000	       -2.584130	    -2330.770464	       -1.435695	       -0.000001	       -4.016280	       -2.429928
               8	              40	       +5.792460	      +10.136041	     -332.524273	     +339.765230	       -6.171440	       +0.000000	       -2.990234	    -3249.901078	       -1.421536	       -0.000001	       -1.920718	       -1.223225
               8	              41	       +5.847473	      +10.191054	     -330.818938	     +337.999922	       -6.175523	       +0.000000	       -2.953680	    -3694.355984	       -1.416032	       -0.000001	       -1.948219	       -1.345489
               8	              42	       +6.356890	      +10.700471	     -357.730568	     +370.189710	       -5.777702	       +0.000000	       -2.351556	     -143.080485	       -1.367024	       -0.000001	       +4.329884	       +4.329884
               8	              43	       +6.375933	      +10.719514	     -358.615709	     +371.618286	       -5.788658	       +0.000000	       -2.352028	     -139.166836	       -1.365258	       -0.000001	       +4.861891	       +4.861891
               8	              44	       +7.147368	      +11.490948	     -197.010686	     +218.193617	       -4.452501	       +0.000000	       -2.903183	    -2749.899752	       -1.297350	       -0.000001	      +13.827247	      +13.827247
               8	              45	       +7.164537	      +11.508117	     -197.475600	     +219.158692	       -4.443677	       +0.000000	       -2.909673	    -2671.527347	       -1.295916	       -0.000001	      +14.329742	      +14.329742
