# Generated by LORRAX unknown at 2026-07-21 07:37:43 UTC
  0.000000000  0.000000000  0.000000000      80
       1       1  -65.461080000  587.599262936
       1       2  -65.461080000  587.599263108
       1       3  -42.076878476  584.278933356
       1       4  -42.076878476  584.278933215
       1       5  -39.554728243  560.903291434
       1       6  -39.554728243  560.903291525
       1       7  -39.383435310  593.301505767
       1       8  -39.383435310  593.301505975
       1       9  -19.374135150  375.917498255
       1      10  -19.374135150  375.917498267
       1      11  -18.177279202  356.981700879
       1      12  -18.177279202  356.981700873
       1      13  -10.875836699  401.553777028
       1      14  -10.875836699  401.553777059
       1      15   -7.861773930  514.581605226
       1      16   -7.861773930  514.581605217
       1      17   -7.802674544  509.326237419
       1      18   -7.802674544  509.326237396
       1      19   -7.121961704  301.543838702
       1      20   -7.121961704  301.543838676
       1      21   -6.780841091  479.335671970
       1      22   -6.780841091  479.335671951
       1      23   -6.699897224  478.016544279
       1      24   -6.699897224  478.016544181
       1      25   -5.381421473  433.651537826
       1      26   -5.381421473  433.651537843
       1      27   -2.574766637  459.032523260
       1      28   -2.574766637  459.032523286
       1      29   -2.498945418  455.915500043
       1      30   -2.498945418  455.915500042
       1      31   -2.333878760  436.063430121
       1      32   -2.333878760  436.063430124
       1      33   -2.325689751  434.035581551
       1      34   -2.325689751  434.035581517
       1      35    1.102384887  449.019917529
       1      36    1.102384887  449.019917534
       1      37    3.746505276  345.526838403
       1      38    3.746505276  345.526838396
       1      39    3.953429837  159.662561340
       1      40    3.953429837  159.662561318
       1      41    4.786070156   53.445466385
       1      42    4.786070156   53.445466382
       1      43    5.517734412  394.415622554
       1      44    5.517734412  394.415622590
       1      45    5.594437696  392.435403507
       1      46    5.594437696  392.435403493
       1      47    7.492860389  382.329105749
       1      48    7.492860389  382.329105778
       1      49    7.510373621  384.332614414
       1      50    7.510373621  384.332614456
       1      51    7.663743489  299.847671528
       1      52    7.663743489  299.847671485
       1      53   10.772983484  364.862651592
       1      54   10.772983484  364.862651617
       1      55   10.787583668  364.817888198
       1      56   10.787583668  364.817888124
       1      57   10.866953358  378.817414259
       1      58   10.866953358  378.817414255
       1      59   11.110949599  367.017358046
       1      60   11.110949599  367.017358121
       1      61   11.117844294  367.440162086
       1      62   11.117844294  367.440162068
       1      63   11.239117863  234.491544569
       1      64   11.239117863  234.491544562
       1      65   14.037417462  205.501247936
       1      66   14.037417462  205.501247944
       1      67   14.279780383  169.673810098
       1      68   14.279780383  169.673810052
       1      69   14.666693328  262.695451294
       1      70   14.666693328  262.695451360
       1      71   16.070604130  173.898573546
       1      72   16.070604130  173.898573573
       1      73   18.074525667  332.545860985
       1      74   18.074525667  332.545860752
       1      75   18.251233323  318.342287869
       1      76   18.251233323  318.342288000
       1      77   20.602106180  226.492071667
       1      78   20.602106180  226.492071771
       1      79   20.830551792  153.953551190
       1      80   20.830551792  153.953550473
  0.000000000  0.250000000  0.000000000      80
       1       1  -65.453278892  580.781074827
       1       2  -65.453278892  581.015955479
       1       3  -42.131328983  588.975651072
       1       4  -42.131328932  589.436873474
       1       5  -39.599192178  576.173122692
       1       6  -39.599192177  575.857252818
       1       7  -39.488545575  581.946210468
       1       8  -39.488545507  582.007161434
       1       9  -18.545594641  381.251633131
       1      10  -18.545594635  381.230405786
       1      11  -17.814950337  363.616179922
       1      12  -17.814950335  363.675691530
       1      13  -10.273785240  420.451010853
       1      14  -10.273785107  420.398831045
       1      15   -9.040022761  424.079741195
       1      16   -9.040022590  424.066431469
       1      17   -8.913920251  403.481087385
       1      18   -8.913920150  403.592568526
       1      19   -7.742955985  464.817403656
       1      20   -7.742955884  465.063075845
       1      21   -7.005213941  472.604074348
       1      22   -7.005213736  472.386007992
       1      23   -6.681849591  332.037212596
       1      24   -6.681849496  331.930487786
       1      25   -6.090483934  481.338393214
       1      26   -6.090483252  480.957909449
       1      27   -3.159537154  448.273996720
       1      28   -3.159534698  446.561125954
       1      29   -2.958523249  485.322928508
       1      30   -2.958520311  483.488703623
       1      31   -2.356331498  480.011912838
       1      32   -2.356330688  480.099620006
       1      33   -1.544765703  455.749293551
       1      34   -1.544764908  455.895997883
       1      35    2.988144870  367.183381862
       1      36    2.988144989  367.206791444
       1      37    3.659469223  321.983212235
       1      38    3.659469276  321.977723599
       1      39    4.172687694  384.107158517
       1      40    4.172687801  383.904486109
       1      41    5.105824477  281.421496355
       1      42    5.105824772  281.426648262
       1      43    5.443105188  178.956423809
       1      44    5.443105210  178.936717904
       1      45    7.036408418  297.099820064
       1      46    7.036408507  297.100516914
       1      47    7.073964237  331.710493692
       1      48    7.073964292  331.784993858
       1      49    7.695937685  406.984637698
       1      50    7.695938145  406.788801767
       1      51    8.343084959  363.446664848
       1      52    8.343085030  363.460462172
       1      53    9.010855818  313.065250618
       1      54    9.010855958  312.894917040
       1      55    9.168321373  378.220446149
       1      56    9.168322058  378.210007426
       1      57    9.744848238  281.790539629
       1      58    9.744848836  281.823498259
       1      59   11.947323065  375.646267830
       1      60   11.947323152  375.451372781
       1      61   13.618535270  206.827062412
       1      62   13.618535414  206.845295585
       1      63   14.678965991  192.187728200
       1      64   14.678966081  192.155867845
       1      65   15.052261908  204.386972247
       1      66   15.052261912  204.378348871
       1      67   15.463571707  191.825811054
       1      68   15.463572368  191.957392110
       1      69   16.411347818  246.308367371
       1      70   16.411348153  246.289105470
       1      71   17.173077952  185.566577504
       1      72   17.173078670  185.953461584
       1      73   17.227103106  251.408903969
       1      74   17.227103263  251.466729328
       1      75   17.405600714  334.122902227
       1      76   17.405601967  334.784966256
       1      77   18.119939359  251.504383742
       1      78   18.119939400  251.522473088
       1      79   18.871758809  293.285604049
       1      80   18.871758935  293.320641841
  0.000000000  0.500000000  0.000000000      80
       1       1  -65.477445934  591.758456906
       1       2  -65.477445934  591.758456947
       1       3  -42.193944935  603.464448498
       1       4  -42.193944935  603.464448700
       1       5  -39.711107317  599.081833284
       1       6  -39.711107317  599.081833374
       1       7  -39.522589136  580.113819751
       1       8  -39.522589136  580.113820071
       1       9  -17.492720431  386.640146328
       1      10  -17.492720431  386.640146336
       1      11  -17.372839417  378.451961972
       1      12  -17.372839417  378.451961957
       1      13  -11.071771944  399.922149733
       1      14  -11.071771944  399.922149730
       1      15  -10.176263111  373.067880038
       1      16  -10.176263111  373.067880034
       1      17   -9.396196708  414.171803970
       1      18   -9.396196708  414.171803971
       1      19   -8.435165143  462.428041340
       1      20   -8.435165143  462.428041308
       1      21   -7.287408574  337.992525922
       1      22   -7.287408574  337.992525926
       1      23   -6.229798334  398.040951040
       1      24   -6.229798334  398.040951039
       1      25   -5.959237052  448.558798752
       1      26   -5.959237052  448.558798740
       1      27   -3.034071693  589.504775549
       1      28   -3.034071693  589.504775541
       1      29   -2.519587636  545.157562559
       1      30   -2.519587636  545.157562509
       1      31   -1.441695794  455.148918994
       1      32   -1.441695794  455.148919064
       1      33   -1.050195944  462.859061343
       1      34   -1.050195944  462.859061351
       1      35    1.140216885  368.582747263
       1      36    1.140216885  368.582747255
       1      37    2.591007717  350.819749180
       1      38    2.591007717  350.819749181
       1      39    3.229689567  358.055404809
       1      40    3.229689567  358.055404818
       1      41    4.445879459  280.865561365
       1      42    4.445879459  280.865561386
       1      43    4.996113620  319.255147186
       1      44    4.996113620  319.255147178
       1      45    6.026334628  396.609040472
       1      46    6.026334628  396.609040439
       1      47    8.332092030  116.981210318
       1      48    8.332092030  116.981210311
       1      49    9.010773350  266.449178613
       1      50    9.010773350  266.449178599
       1      51   10.399257312  198.087863969
       1      52   10.399257312  198.087863962
       1      53   10.413666434  315.479301462
       1      54   10.413666434  315.479301458
       1      55   11.858639273  242.390864159
       1      56   11.858639273  242.390864137
       1      57   12.088195783  400.133022321
       1      58   12.088195783  400.133022327
       1      59   12.797673128  386.739357103
       1      60   12.797673128  386.739357093
       1      61   13.423921016  250.878788009
       1      62   13.423921016  250.878787977
       1      63   14.113075385  262.528056659
       1      64   14.113075385  262.528056669
       1      65   14.601987728  323.216498822
       1      66   14.601987728  323.216498833
       1      67   15.013668203  287.439530307
       1      68   15.013668203  287.439530307
       1      69   15.665351492  280.541771272
       1      70   15.665351492  280.541771278
       1      71   16.403686934  169.317300888
       1      72   16.403686934  169.317300825
       1      73   16.425572006  204.389173097
       1      74   16.425572006  204.389173139
       1      75   18.893628781  265.470851959
       1      76   18.893628781  265.470851922
       1      77   18.952806008  388.902801762
       1      78   18.952806008  388.902801746
       1      79   19.525776815  125.245127208
       1      80   19.525776815  125.245126986
  0.000000000  0.750000000  0.000000000      80
       1       1  -65.453278892  580.781074827
       1       2  -65.453278892  581.015955479
       1       3  -42.131328983  588.975651072
       1       4  -42.131328932  589.436873474
       1       5  -39.599192178  576.173122692
       1       6  -39.599192177  575.857252818
       1       7  -39.488545575  581.946210468
       1       8  -39.488545507  582.007161434
       1       9  -18.545594641  381.251633131
       1      10  -18.545594635  381.230405786
       1      11  -17.814950337  363.616179922
       1      12  -17.814950335  363.675691530
       1      13  -10.273785240  420.451010853
       1      14  -10.273785107  420.398831045
       1      15   -9.040022761  424.079741195
       1      16   -9.040022590  424.066431469
       1      17   -8.913920251  403.481087385
       1      18   -8.913920150  403.592568526
       1      19   -7.742955985  464.817403656
       1      20   -7.742955884  465.063075845
       1      21   -7.005213941  472.604074348
       1      22   -7.005213736  472.386007992
       1      23   -6.681849591  332.037212596
       1      24   -6.681849496  331.930487786
       1      25   -6.090483934  481.338393214
       1      26   -6.090483252  480.957909449
       1      27   -3.159537154  448.273996720
       1      28   -3.159534698  446.561125954
       1      29   -2.958523249  485.322928508
       1      30   -2.958520311  483.488703623
       1      31   -2.356331498  480.011912838
       1      32   -2.356330688  480.099620006
       1      33   -1.544765703  455.749293551
       1      34   -1.544764908  455.895997883
       1      35    2.988144870  367.183381862
       1      36    2.988144989  367.206791444
       1      37    3.659469223  321.983212235
       1      38    3.659469276  321.977723599
       1      39    4.172687694  384.107158517
       1      40    4.172687801  383.904486109
       1      41    5.105824477  281.421496355
       1      42    5.105824772  281.426648262
       1      43    5.443105188  178.956423809
       1      44    5.443105210  178.936717904
       1      45    7.036408418  297.099820064
       1      46    7.036408507  297.100516914
       1      47    7.073964237  331.710493692
       1      48    7.073964292  331.784993858
       1      49    7.695937685  406.984637698
       1      50    7.695938145  406.788801767
       1      51    8.343084959  363.446664848
       1      52    8.343085030  363.460462172
       1      53    9.010855818  313.065250618
       1      54    9.010855958  312.894917040
       1      55    9.168321373  378.220446149
       1      56    9.168322058  378.210007426
       1      57    9.744848238  281.790539629
       1      58    9.744848836  281.823498259
       1      59   11.947323065  375.646267830
       1      60   11.947323152  375.451372781
       1      61   13.618535270  206.827062412
       1      62   13.618535414  206.845295585
       1      63   14.678965991  192.187728200
       1      64   14.678966081  192.155867845
       1      65   15.052261908  204.386972247
       1      66   15.052261912  204.378348871
       1      67   15.463571707  191.825811054
       1      68   15.463572368  191.957392110
       1      69   16.411347818  246.308367371
       1      70   16.411348153  246.289105470
       1      71   17.173077952  185.566577504
       1      72   17.173078670  185.953461584
       1      73   17.227103106  251.408903969
       1      74   17.227103263  251.466729328
       1      75   17.405600714  334.122902227
       1      76   17.405601967  334.784966256
       1      77   18.119939359  251.504383742
       1      78   18.119939400  251.522473088
       1      79   18.871758809  293.285604049
       1      80   18.871758935  293.320641841
  0.250000000 -0.000000000  0.000000000      80
       1       1  -65.453278983  579.435783306
       1       2  -65.453278983  579.089916111
       1       3  -42.131328807  588.706280632
       1       4  -42.131328801  590.236770663
       1       5  -39.599192581  574.168358825
       1       6  -39.599192581  573.306672165
       1       7  -39.488544606  585.898678649
       1       8  -39.488544603  586.485649996
       1       9  -18.545596167  380.566852234
       1      10  -18.545596105  380.571857075
       1      11  -17.814951676  364.358065333
       1      12  -17.814951670  364.429490046
       1      13  -10.273785576  417.329450035
       1      14  -10.273785465  417.249794483
       1      15   -9.040027537  421.621680670
       1      16   -9.040027428  421.602129888
       1      17   -8.913921936  399.751575971
       1      18   -8.913921797  399.790717157
       1      19   -7.742949212  474.744247956
       1      20   -7.742949049  474.851889230
       1      21   -7.005206860  479.081192220
       1      22   -7.005206835  478.744357262
       1      23   -6.681851175  328.751669045
       1      24   -6.681851088  328.719826022
       1      25   -6.090485925  477.841562843
       1      26   -6.090485606  477.544141142
       1      27   -3.159539248  446.084261411
       1      28   -3.159537032  444.720283462
       1      29   -2.958517456  488.405198851
       1      30   -2.958514881  486.967261360
       1      31   -2.356331235  468.683821625
       1      32   -2.356330648  468.713065874
       1      33   -1.544762461  468.429950775
       1      34   -1.544761918  468.487443753
       1      35    2.988149811  366.507658080
       1      36    2.988149971  366.517603864
       1      37    3.659468267  322.740890383
       1      38    3.659468322  322.713956615
       1      39    4.172679357  388.593870630
       1      40    4.172679524  388.482888787
       1      41    5.105821778  278.508479170
       1      42    5.105822020  278.556959230
       1      43    5.443106299  178.075572954
       1      44    5.443106326  178.117883538
       1      45    7.036403998  294.538276663
       1      46    7.036404131  294.482756079
       1      47    7.073958115  329.364021658
       1      48    7.073958196  329.177912100
       1      49    7.695945270  408.955870310
       1      50    7.695945733  408.705334192
       1      51    8.343094443  359.862540362
       1      52    8.343094467  359.885519735
       1      53    9.010852919  322.572517799
       1      54    9.010852949  322.460849749
       1      55    9.168328665  386.813018922
       1      56    9.168328954  386.978036665
       1      57    9.744844980  283.849941314
       1      58    9.744845246  284.060498336
       1      59   11.947328796  381.058372099
       1      60   11.947328878  381.096334416
       1      61   13.618533482  206.167418723
       1      62   13.618533671  206.230970722
       1      63   14.678963355  190.143145219
       1      64   14.678963449  190.126945280
       1      65   15.052256131  197.359500082
       1      66   15.052256133  197.396443866
       1      67   15.463562386  197.958603088
       1      68   15.463562918  197.972274020
       1      69   16.411346471  245.680046816
       1      70   16.411346677  245.714230942
       1      71   17.173077480  184.053784312
       1      72   17.173078431  184.444308706
       1      73   17.227092588  261.957314456
       1      74   17.227092770  262.000834887
       1      75   17.405611378  344.143928773
       1      76   17.405612769  344.688591713
       1      77   18.119933675  252.391081287
       1      78   18.119933737  252.392206351
       1      79   18.871746543  288.051199969
       1      80   18.871746607  288.160019764
  0.250000000  0.250000000  0.000000000      80
       1       1  -65.417328508  571.959930877
       1       2  -65.417325139  572.585801918
       1       3  -42.193634044  603.572835215
       1       4  -42.176490881  601.893199610
       1       5  -39.680493866  604.784932590
       1       6  -39.655726195  599.792009889
       1       7  -39.554529208  579.513208504
       1       8  -39.554295165  578.181338467
       1       9  -17.542970829  389.920803182
       1      10  -17.497707451  389.141254654
       1      11  -17.350886522  381.156787489
       1      12  -17.347341285  380.981213485
       1      13  -10.414176254  412.142623966
       1      14  -10.411106309  411.703835603
       1      15  -10.256660282  424.167001610
       1      16  -10.244485221  425.300771961
       1      17   -8.880047145  370.370671824
       1      18   -8.874788741  367.981453338
       1      19   -8.614033867  377.386677991
       1      20   -8.594771752  378.114308491
       1      21   -8.253971198  407.426011633
       1      22   -8.197637531  407.926398639
       1      23   -7.025828378  344.246203163
       1      24   -7.015221615  344.708064079
       1      25   -5.866696060  513.806645739
       1      26   -5.764595658  511.629514384
       1      27   -3.122798271  501.748188252
       1      28   -3.115176687  494.326775495
       1      29   -2.459133356  570.901698243
       1      30   -2.357954624  564.041361999
       1      31   -2.253669679  462.796749831
       1      32   -2.243342906  465.529071910
       1      33   -0.709808795  489.104772139
       1      34   -0.671549298  490.757884575
       1      35    2.451122079  378.686830641
       1      36    2.497418181  370.300241167
       1      37    3.430205868  354.132147489
       1      38    3.487443869  360.003902726
       1      39    4.217254370  307.916103772
       1      40    4.222834237  308.666433993
       1      41    5.465538683  324.443526398
       1      42    5.488095603  324.166882650
       1      43    5.561688793  300.888356571
       1      44    5.581396488  303.108314448
       1      45    6.314451040  362.950895748
       1      46    6.361302288  359.886379901
       1      47    7.315096767  335.253992983
       1      48    7.320442963  335.143137322
       1      49    7.482272470  389.791118149
       1      50    7.496469972  388.558261934
       1      51    8.622711564  272.924279986
       1      52    8.633644043  271.702365989
       1      53    9.051175789  203.164566655
       1      54    9.058908412  204.441835559
       1      55   10.348222214  249.286449877
       1      56   10.383544716  253.692798295
       1      57   11.702902565  215.044366577
       1      58   11.731264198  218.813734570
       1      59   13.311677513  256.591941584
       1      60   13.328268045  249.335253788
       1      61   13.409888314  227.610530403
       1      62   13.412498359  227.120379267
       1      63   14.871480255  262.056038163
       1      64   14.904692154  223.520339242
       1      65   14.905604737  212.885377388
       1      66   14.940278249  270.974179066
       1      67   15.691549376  135.737675336
       1      68   15.692752283  136.245427847
       1      69   16.314830562  304.148697179
       1      70   16.374957974  314.308351649
       1      71   16.849955947  241.247690034
       1      72   16.865816973  236.167903103
       1      73   17.050138869  368.449281209
       1      74   17.063130357  369.080820824
       1      75   17.929793123  269.860392279
       1      76   17.935465278  266.270763953
       1      77   18.821933932  173.336535178
       1      78   18.822477933  173.258471600
       1      79   19.468108530  323.487360578
       1      80   19.478345631  324.936649133
  0.250000000  0.500000000  0.000000000      80
       1       1  -65.417328124  575.555270425
       1       2  -65.417324755  575.411731379
       1       3  -42.193634291  596.356744445
       1       4  -42.176491180  595.574758063
       1       5  -39.680493805  591.113809209
       1       6  -39.655725970  585.003311870
       1       7  -39.554530267  584.142657469
       1       8  -39.554295990  581.032948007
       1       9  -17.542968828  390.776969586
       1      10  -17.497705421  390.113529693
       1      11  -17.350880273  383.531293175
       1      12  -17.347335036  383.473110545
       1      13  -10.414182076  409.906414926
       1      14  -10.411111800  409.560162735
       1      15  -10.256671201  423.545827276
       1      16  -10.244496224  424.752774137
       1      17   -8.880047140  373.884852643
       1      18   -8.874788894  371.231495380
       1      19   -8.614033714  384.612726210
       1      20   -8.594771480  385.748022857
       1      21   -8.253968130  408.330672082
       1      22   -8.197634372  409.217593713
       1      23   -7.025826181  341.164106688
       1      24   -7.015219537  341.400780884
       1      25   -5.866701511  517.254339085
       1      26   -5.764601377  515.234811795
       1      27   -3.122793877  497.666259766
       1      28   -3.115173304  492.081756375
       1      29   -2.459113609  553.967121732
       1      30   -2.357936094  549.287374815
       1      31   -2.253664581  444.864866546
       1      32   -2.243337763  447.217280599
       1      33   -0.709827769  502.885083630
       1      34   -0.671568368  504.059785895
       1      35    2.451113889  374.994276161
       1      36    2.497411620  366.503999555
       1      37    3.430205221  356.596731021
       1      38    3.487441363  362.419995213
       1      39    4.217237293  306.090117837
       1      40    4.222817177  306.780938521
       1      41    5.465546657  321.112010623
       1      42    5.488103827  322.274505403
       1      43    5.561694040  282.009849204
       1      44    5.581402055  285.907870504
       1      45    6.314424664  367.141361360
       1      46    6.361276456  364.788387079
       1      47    7.315107222  342.551618879
       1      48    7.320453765  342.370117395
       1      49    7.482273673  392.509530422
       1      50    7.496471346  391.736530444
       1      51    8.622704181  279.941104004
       1      52    8.633636595  278.358128235
       1      53    9.051184527  198.715427109
       1      54    9.058917233  200.073316823
       1      55   10.348222159  254.980282623
       1      56   10.383545161  259.441824263
       1      57   11.702896369  214.230459824
       1      58   11.731257662  218.161159992
       1      59   13.311682827  256.157792823
       1      60   13.328272713  248.928308045
       1      61   13.409896669  234.160551309
       1      62   13.412506678  233.636254253
       1      63   14.871502539  273.478687912
       1      64   14.904698980  222.366025373
       1      65   14.905608144  208.609397607
       1      66   14.940302970  285.836394834
       1      67   15.691554126  141.264358891
       1      68   15.692757141  141.731102435
       1      69   16.314828300  299.044917464
       1      70   16.374955476  308.559664966
       1      71   16.849958958  234.770715643
       1      72   16.865820260  229.789478505
       1      73   17.050169022  360.410467928
       1      74   17.063160432  360.648424592
       1      75   17.929813199  266.709033057
       1      76   17.935484824  263.476178638
       1      77   18.821938134  159.186757354
       1      78   18.822482125  159.008871409
       1      79   19.468099686  310.633000651
       1      80   19.478335977  312.110085013
  0.250000000  0.750000000  0.000000000      80
       1       1  -65.453278835  580.660142037
       1       2  -65.453278835  579.513709207
       1       3  -42.131329027  589.615199274
       1       4  -42.131328982  586.065229453
       1       5  -39.599191293  567.418003457
       1       6  -39.599191292  566.981148813
       1       7  -39.488546795  592.126965361
       1       8  -39.488546731  589.862458369
       1       9  -18.545594924  380.326216333
       1      10  -18.545594868  380.234065008
       1      11  -17.814946813  366.269345433
       1      12  -17.814946809  366.246810921
       1      13  -10.273786883  420.540739814
       1      14  -10.273786860  420.575529635
       1      15   -9.040023136  419.964602105
       1      16   -9.040023074  419.995234072
       1      17   -8.913911630  406.848877425
       1      18   -8.913911592  406.797227264
       1      19   -7.742975455  461.147782968
       1      20   -7.742975393  461.010964954
       1      21   -7.005216911  475.136052118
       1      22   -7.005216732  475.208680166
       1      23   -6.681848785  329.064411967
       1      24   -6.681848776  328.994800055
       1      25   -6.090471170  482.434340690
       1      26   -6.090470808  482.328767494
       1      27   -3.159535522  440.620603952
       1      28   -3.159535281  440.116221659
       1      29   -2.958530894  486.692608559
       1      30   -2.958530530  486.117812615
       1      31   -2.356343131  482.537474555
       1      32   -2.356342909  482.611383420
       1      33   -1.544754998  451.137619025
       1      34   -1.544754746  451.224750344
       1      35    2.988142809  364.881719168
       1      36    2.988142850  364.932690200
       1      37    3.659472243  322.090813758
       1      38    3.659472243  322.086064698
       1      39    4.172691712  383.310372623
       1      40    4.172691773  383.398769305
       1      41    5.105827235  288.011754069
       1      42    5.105827288  288.237986676
       1      43    5.443099613  184.010680085
       1      44    5.443099619  183.956631939
       1      45    7.036411098  295.385136847
       1      46    7.036411142  295.314622898
       1      47    7.073965129  332.034741504
       1      48    7.073965155  331.843940893
       1      49    7.695936160  415.149043147
       1      50    7.695936162  415.184812971
       1      51    8.343076241  361.443932119
       1      52    8.343076289  361.435923148
       1      53    9.010863403  311.375356783
       1      54    9.010863514  311.179073764
       1      55    9.168314613  375.438543444
       1      56    9.168315009  375.562661047
       1      57    9.744862080  281.376300679
       1      58    9.744862412  281.694526343
       1      59   11.947327893  373.673973132
       1      60   11.947327898  373.803806544
       1      61   13.618537403  210.254333709
       1      62   13.618537448  210.224173266
       1      63   14.678974628  187.450006244
       1      64   14.678974632  187.452785860
       1      65   15.052265588  201.681650516
       1      66   15.052265595  201.644856499
       1      67   15.463580014  189.618770146
       1      68   15.463580143  189.612302739
       1      69   16.411336106  256.869377050
       1      70   16.411336233  256.978222970
       1      71   17.173076121  179.100054403
       1      72   17.173076354  179.314175967
       1      73   17.227111708  255.002881023
       1      74   17.227111733  255.029022614
       1      75   17.405585577  352.065077684
       1      76   17.405585715  352.316853435
       1      77   18.119932191  247.174583544
       1      78   18.119932211  247.071031412
       1      79   18.871777620  307.160309856
       1      80   18.871777682  307.161201737
  0.500000000 -0.000000000  0.000000000      80
       1       1  -65.477446092  581.388420907
       1       2  -65.477446092  581.388420952
       1       3  -42.193944609  593.190580391
       1       4  -42.193944609  593.190580376
       1       5  -39.711107244  584.691380607
       1       6  -39.711107244  584.691380336
       1       7  -39.522588210  580.286830713
       1       8  -39.522588210  580.286830713
       1       9  -17.492723973  383.435348481
       1      10  -17.492723973  383.435348483
       1      11  -17.372842743  375.588563138
       1      12  -17.372842743  375.588563142
       1      13  -11.071772809  403.787376487
       1      14  -11.071772809  403.787376488
       1      15  -10.176262172  368.857339554
       1      16  -10.176262172  368.857339554
       1      17   -9.396198244  413.185096616
       1      18   -9.396198244  413.185096612
       1      19   -8.435156080  475.187953071
       1      20   -8.435156080  475.187953066
       1      21   -7.287410975  336.314447803
       1      22   -7.287410975  336.314447809
       1      23   -6.229789924  400.866683336
       1      24   -6.229789924  400.866683324
       1      25   -5.959240934  450.828467452
       1      26   -5.959240934  450.828467433
       1      27   -3.034072194  595.640238542
       1      28   -3.034072194  595.640238526
       1      29   -2.519588666  542.669030464
       1      30   -2.519588666  542.669030441
       1      31   -1.441693951  444.301143850
       1      32   -1.441693951  444.301143811
       1      33   -1.050192283  471.192632418
       1      34   -1.050192283  471.192632347
       1      35    1.140211246  369.792428112
       1      36    1.140211246  369.792428117
       1      37    2.591014905  348.759729257
       1      38    2.591014905  348.759729261
       1      39    3.229695360  348.532731830
       1      40    3.229695360  348.532731802
       1      41    4.445873248  281.912729888
       1      42    4.445873248  281.912729886
       1      43    4.996111826  319.070576759
       1      44    4.996111826  319.070576739
       1      45    6.026348285  406.833899751
       1      46    6.026348285  406.833899770
       1      47    8.332088114  119.910397128
       1      48    8.332088114  119.910397120
       1      49    9.010766274  260.967436139
       1      50    9.010766274  260.967436149
       1      51   10.399259349  201.826196080
       1      52   10.399259349  201.826196085
       1      53   10.413672701  328.103313934
       1      54   10.413672701  328.103313920
       1      55   11.858634027  235.744629582
       1      56   11.858634027  235.744629595
       1      57   12.088194244  399.584253425
       1      58   12.088194244  399.584253439
       1      59   12.797670022  387.320832928
       1      60   12.797670022  387.320832955
       1      61   13.423924033  247.933612971
       1      62   13.423924033  247.933612980
       1      63   14.113067333  269.476051597
       1      64   14.113067333  269.476051606
       1      65   14.601981346  324.119419322
       1      66   14.601981346  324.119419349
       1      67   15.013660938  280.098809734
       1      68   15.013660938  280.098809749
       1      69   15.665364699  286.865759083
       1      70   15.665364699  286.865759167
       1      71   16.403686188  171.013941909
       1      72   16.403686188  171.013942064
       1      73   16.425571474  203.281276292
       1      74   16.425571474  203.281276468
       1      75   18.893626833  243.815262118
       1      76   18.893626833  243.815262154
       1      77   18.952808290  384.165676996
       1      78   18.952808290  384.165677020
       1      79   19.525768329  133.687434619
       1      80   19.525768329  133.687434861
  0.500000000  0.250000000  0.000000000      80
       1       1  -65.417328349  572.173737621
       1       2  -65.417324980  573.135626289
       1       3  -42.193634112  590.965166509
       1       4  -42.176490956  588.042590971
       1       5  -39.680493492  583.546824790
       1       6  -39.655725657  575.966673510
       1       7  -39.554530072  581.332989012
       1       8  -39.554295859  576.994010690
       1       9  -17.542970955  386.657005412
       1      10  -17.497707495  385.579093516
       1      11  -17.350881882  382.008668513
       1      12  -17.347336638  381.868726714
       1      13  -10.414179191  409.907282956
       1      14  -10.411108923  409.283415538
       1      15  -10.256669632  423.581327146
       1      16  -10.244494654  424.822478176
       1      17   -8.880046254  373.074249858
       1      18   -8.874788102  370.616025676
       1      19   -8.614031040  380.249127396
       1      20   -8.594768906  381.091174597
       1      21   -8.253972041  408.470342251
       1      22   -8.197638349  409.348774978
       1      23   -7.025827987  342.764690955
       1      24   -7.015221311  343.144686202
       1      25   -5.866697782  517.820304675
       1      26   -5.764597488  515.684843406
       1      27   -3.122795407  499.150094472
       1      28   -3.115174433  492.786510166
       1      29   -2.459120536  565.753315878
       1      30   -2.357942503  560.141218082
       1      31   -2.253662135  460.296391311
       1      32   -2.243335142  463.185157190
       1      33   -0.709828708  490.086991221
       1      34   -0.671569044  491.867439063
       1      35    2.451116354  376.925482750
       1      36    2.497414218  368.703931042
       1      37    3.430203733  352.422510456
       1      38    3.487439749  357.815893851
       1      39    4.217243808  307.349505220
       1      40    4.222823732  308.052263088
       1      41    5.465547600  324.712433545
       1      42    5.488103947  324.790929075
       1      43    5.561698991  294.665543527
       1      44    5.581406451  297.319001570
       1      45    6.314434150  363.725647888
       1      46    6.361286063  361.234710671
       1      47    7.315106006  342.014551372
       1      48    7.320452474  341.873151797
       1      49    7.482276296  391.642165107
       1      50    7.496474123  390.985122721
       1      51    8.622705127  276.732087361
       1      52    8.633637579  275.108918292
       1      53    9.051180106  199.148449767
       1      54    9.058912757  200.613210644
       1      55   10.348223472  250.763534363
       1      56   10.383546168  255.211735283
       1      57   11.702897410  216.161564853
       1      58   11.731258815  219.920934087
       1      59   13.311682891  262.986213365
       1      60   13.328273087  255.589638966
       1      61   13.409892292  225.054757552
       1      62   13.412502329  224.519039201
       1      63   14.871492018  270.018485238
       1      64   14.904696076  219.883812578
       1      65   14.905606839  206.314358466
       1      66   14.940291157  281.736148660
       1      67   15.691551957  140.183487263
       1      68   15.692754961  140.632313695
       1      69   16.314830613  295.981432672
       1      70   16.374957620  306.711087069
       1      71   16.849951862  232.250122986
       1      72   16.865813384  227.060300473
       1      73   17.050155995  367.979346871
       1      74   17.063147436  368.594102834
       1      75   17.929800169  265.469549889
       1      76   17.935472103  262.013754702
       1      77   18.821936594  160.208902616
       1      78   18.822480580  160.041232545
       1      79   19.468107603  311.301209394
       1      80   19.478344062  312.606158914
  0.500000000  0.500000000  0.000000000      80
       1       1  -65.477445835  582.465860253
       1       2  -65.477445835  582.465860343
       1       3  -42.193945032  591.631334982
       1       4  -42.193945032  591.631334626
       1       5  -39.711106645  580.893424624
       1       6  -39.711106645  580.893424660
       1       7  -39.522590472  583.374872226
       1       8  -39.522590472  583.374872204
       1       9  -17.492721704  383.393702455
       1      10  -17.492721704  383.393702437
       1      11  -17.372830362  381.540870362
       1      12  -17.372830362  381.540870387
       1      13  -11.071767611  393.427923122
       1      14  -11.071767611  393.427923120
       1      15  -10.176271223  374.615974627
       1      16  -10.176271223  374.615974653
       1      17   -9.396202336  421.098965988
       1      18   -9.396202336  421.098965981
       1      19   -8.435182523  458.564319184
       1      20   -8.435182523  458.564319185
       1      21   -7.287395975  342.014804709
       1      22   -7.287395975  342.014804697
       1      23   -6.229808204  401.221431675
       1      24   -6.229808204  401.221431671
       1      25   -5.959224504  449.365360417
       1      26   -5.959224504  449.365360411
       1      27   -3.034067010  588.098664159
       1      28   -3.034067010  588.098664228
       1      29   -2.519586165  526.760429530
       1      30   -2.519586165  526.760429557
       1      31   -1.441715815  459.992717423
       1      32   -1.441715815  459.992717470
       1      33   -1.050193459  459.125311778
       1      34   -1.050193459  459.125311784
       1      35    1.140211037  369.868029507
       1      36    1.140211037  369.868029501
       1      37    2.591000859  352.238839161
       1      38    2.591000859  352.238839138
       1      39    3.229684874  352.921052555
       1      40    3.229684874  352.921052543
       1      41    4.445888313  271.746231700
       1      42    4.445888313  271.746231672
       1      43    4.996132678  323.358551654
       1      44    4.996132678  323.358551663
       1      45    6.026329490  405.158092118
       1      46    6.026329490  405.158092106
       1      47    8.332093266  108.382658008
       1      48    8.332093266  108.382658014
       1      49    9.010769841  265.542462393
       1      50    9.010769841  265.542462379
       1      51   10.399264877  199.107683657
       1      52   10.399264877  199.107683664
       1      53   10.413667023  318.216661714
       1      54   10.413667023  318.216661696
       1      55   11.858652724  235.496161567
       1      56   11.858652724  235.496161556
       1      57   12.088178876  412.221064280
       1      58   12.088178876  412.221064262
       1      59   12.797692700  395.888982528
       1      60   12.797692700  395.888982516
       1      61   13.423922878  257.098561863
       1      62   13.423922878  257.098561863
       1      63   14.113076868  268.334970261
       1      64   14.113076868  268.334970255
       1      65   14.601999233  323.289675370
       1      66   14.601999233  323.289675389
       1      67   15.013689370  281.098488534
       1      68   15.013689370  281.098488565
       1      69   15.665336592  294.654646011
       1      70   15.665336592  294.654645941
       1      71   16.403683316  155.696824911
       1      72   16.403683316  155.696824859
       1      73   16.425565477  192.651627329
       1      74   16.425565477  192.651627329
       1      75   18.893617466  268.111793960
       1      76   18.893617466  268.111793999
       1      77   18.952837508  392.302892059
       1      78   18.952837508  392.302892060
       1      79   19.525781305  117.373254972
       1      80   19.525781305  117.373254977
  0.500000000  0.750000000  0.000000000      80
       1       1  -65.417328349  572.173737621
       1       2  -65.417324980  573.135626289
       1       3  -42.193634112  590.965166509
       1       4  -42.176490956  588.042590971
       1       5  -39.680493492  583.546824790
       1       6  -39.655725657  575.966673510
       1       7  -39.554530072  581.332989012
       1       8  -39.554295859  576.994010690
       1       9  -17.542970955  386.657005412
       1      10  -17.497707495  385.579093516
       1      11  -17.350881882  382.008668513
       1      12  -17.347336638  381.868726714
       1      13  -10.414179191  409.907282956
       1      14  -10.411108923  409.283415538
       1      15  -10.256669632  423.581327146
       1      16  -10.244494654  424.822478176
       1      17   -8.880046254  373.074249858
       1      18   -8.874788102  370.616025676
       1      19   -8.614031040  380.249127396
       1      20   -8.594768906  381.091174597
       1      21   -8.253972041  408.470342251
       1      22   -8.197638349  409.348774978
       1      23   -7.025827987  342.764690955
       1      24   -7.015221311  343.144686202
       1      25   -5.866697782  517.820304675
       1      26   -5.764597488  515.684843406
       1      27   -3.122795407  499.150094472
       1      28   -3.115174433  492.786510166
       1      29   -2.459120536  565.753315878
       1      30   -2.357942503  560.141218082
       1      31   -2.253662135  460.296391311
       1      32   -2.243335142  463.185157190
       1      33   -0.709828708  490.086991221
       1      34   -0.671569044  491.867439063
       1      35    2.451116354  376.925482750
       1      36    2.497414218  368.703931042
       1      37    3.430203733  352.422510456
       1      38    3.487439749  357.815893851
       1      39    4.217243808  307.349505220
       1      40    4.222823732  308.052263088
       1      41    5.465547600  324.712433545
       1      42    5.488103947  324.790929075
       1      43    5.561698991  294.665543527
       1      44    5.581406451  297.319001570
       1      45    6.314434150  363.725647888
       1      46    6.361286063  361.234710671
       1      47    7.315106006  342.014551372
       1      48    7.320452474  341.873151797
       1      49    7.482276296  391.642165107
       1      50    7.496474123  390.985122721
       1      51    8.622705127  276.732087361
       1      52    8.633637579  275.108918292
       1      53    9.051180106  199.148449767
       1      54    9.058912757  200.613210644
       1      55   10.348223472  250.763534363
       1      56   10.383546168  255.211735283
       1      57   11.702897410  216.161564853
       1      58   11.731258815  219.920934087
       1      59   13.311682891  262.986213365
       1      60   13.328273087  255.589638966
       1      61   13.409892292  225.054757552
       1      62   13.412502329  224.519039201
       1      63   14.871492018  270.018485238
       1      64   14.904696076  219.883812578
       1      65   14.905606839  206.314358466
       1      66   14.940291157  281.736148660
       1      67   15.691551957  140.183487263
       1      68   15.692754961  140.632313695
       1      69   16.314830613  295.981432672
       1      70   16.374957620  306.711087069
       1      71   16.849951862  232.250122986
       1      72   16.865813384  227.060300473
       1      73   17.050155995  367.979346871
       1      74   17.063147436  368.594102834
       1      75   17.929800169  265.469549889
       1      76   17.935472103  262.013754702
       1      77   18.821936594  160.208902616
       1      78   18.822480580  160.041232545
       1      79   19.468107603  311.301209394
       1      80   19.478344062  312.606158914
  0.750000000 -0.000000000  0.000000000      80
       1       1  -65.453278983  579.435783306
       1       2  -65.453278983  579.089916111
       1       3  -42.131328807  588.706280632
       1       4  -42.131328801  590.236770663
       1       5  -39.599192581  574.168358825
       1       6  -39.599192581  573.306672165
       1       7  -39.488544606  585.898678649
       1       8  -39.488544603  586.485649996
       1       9  -18.545596167  380.566852234
       1      10  -18.545596105  380.571857075
       1      11  -17.814951676  364.358065333
       1      12  -17.814951670  364.429490046
       1      13  -10.273785576  417.329450035
       1      14  -10.273785465  417.249794483
       1      15   -9.040027537  421.621680670
       1      16   -9.040027428  421.602129888
       1      17   -8.913921936  399.751575971
       1      18   -8.913921797  399.790717157
       1      19   -7.742949212  474.744247956
       1      20   -7.742949049  474.851889230
       1      21   -7.005206860  479.081192220
       1      22   -7.005206835  478.744357262
       1      23   -6.681851175  328.751669045
       1      24   -6.681851088  328.719826022
       1      25   -6.090485925  477.841562843
       1      26   -6.090485606  477.544141142
       1      27   -3.159539248  446.084261411
       1      28   -3.159537032  444.720283462
       1      29   -2.958517456  488.405198851
       1      30   -2.958514881  486.967261360
       1      31   -2.356331235  468.683821625
       1      32   -2.356330648  468.713065874
       1      33   -1.544762461  468.429950775
       1      34   -1.544761918  468.487443753
       1      35    2.988149811  366.507658080
       1      36    2.988149971  366.517603864
       1      37    3.659468267  322.740890383
       1      38    3.659468322  322.713956615
       1      39    4.172679357  388.593870630
       1      40    4.172679524  388.482888787
       1      41    5.105821778  278.508479170
       1      42    5.105822020  278.556959230
       1      43    5.443106299  178.075572954
       1      44    5.443106326  178.117883538
       1      45    7.036403998  294.538276663
       1      46    7.036404131  294.482756079
       1      47    7.073958115  329.364021658
       1      48    7.073958196  329.177912100
       1      49    7.695945270  408.955870310
       1      50    7.695945733  408.705334192
       1      51    8.343094443  359.862540362
       1      52    8.343094467  359.885519735
       1      53    9.010852919  322.572517799
       1      54    9.010852949  322.460849749
       1      55    9.168328665  386.813018922
       1      56    9.168328954  386.978036665
       1      57    9.744844980  283.849941314
       1      58    9.744845246  284.060498336
       1      59   11.947328796  381.058372099
       1      60   11.947328878  381.096334416
       1      61   13.618533482  206.167418723
       1      62   13.618533671  206.230970722
       1      63   14.678963355  190.143145219
       1      64   14.678963449  190.126945280
       1      65   15.052256131  197.359500082
       1      66   15.052256133  197.396443866
       1      67   15.463562386  197.958603088
       1      68   15.463562918  197.972274020
       1      69   16.411346471  245.680046816
       1      70   16.411346677  245.714230942
       1      71   17.173077480  184.053784312
       1      72   17.173078431  184.444308706
       1      73   17.227092588  261.957314456
       1      74   17.227092770  262.000834887
       1      75   17.405611378  344.143928773
       1      76   17.405612769  344.688591713
       1      77   18.119933675  252.391081287
       1      78   18.119933737  252.392206351
       1      79   18.871746543  288.051199969
       1      80   18.871746607  288.160019764
  0.750000000  0.250000000  0.000000000      80
       1       1  -65.453278835  580.660142037
       1       2  -65.453278835  579.513709207
       1       3  -42.131329027  589.615199274
       1       4  -42.131328982  586.065229453
       1       5  -39.599191293  567.418003457
       1       6  -39.599191292  566.981148813
       1       7  -39.488546795  592.126965361
       1       8  -39.488546731  589.862458369
       1       9  -18.545594924  380.326216333
       1      10  -18.545594868  380.234065008
       1      11  -17.814946813  366.269345433
       1      12  -17.814946809  366.246810921
       1      13  -10.273786883  420.540739814
       1      14  -10.273786860  420.575529635
       1      15   -9.040023136  419.964602105
       1      16   -9.040023074  419.995234072
       1      17   -8.913911630  406.848877425
       1      18   -8.913911592  406.797227264
       1      19   -7.742975455  461.147782968
       1      20   -7.742975393  461.010964954
       1      21   -7.005216911  475.136052118
       1      22   -7.005216732  475.208680166
       1      23   -6.681848785  329.064411967
       1      24   -6.681848776  328.994800055
       1      25   -6.090471170  482.434340690
       1      26   -6.090470808  482.328767494
       1      27   -3.159535522  440.620603952
       1      28   -3.159535281  440.116221659
       1      29   -2.958530894  486.692608559
       1      30   -2.958530530  486.117812615
       1      31   -2.356343131  482.537474555
       1      32   -2.356342909  482.611383420
       1      33   -1.544754998  451.137619025
       1      34   -1.544754746  451.224750344
       1      35    2.988142809  364.881719168
       1      36    2.988142850  364.932690200
       1      37    3.659472243  322.090813758
       1      38    3.659472243  322.086064698
       1      39    4.172691712  383.310372623
       1      40    4.172691773  383.398769305
       1      41    5.105827235  288.011754069
       1      42    5.105827288  288.237986676
       1      43    5.443099613  184.010680085
       1      44    5.443099619  183.956631939
       1      45    7.036411098  295.385136847
       1      46    7.036411142  295.314622898
       1      47    7.073965129  332.034741504
       1      48    7.073965155  331.843940893
       1      49    7.695936160  415.149043147
       1      50    7.695936162  415.184812971
       1      51    8.343076241  361.443932119
       1      52    8.343076289  361.435923148
       1      53    9.010863403  311.375356783
       1      54    9.010863514  311.179073764
       1      55    9.168314613  375.438543444
       1      56    9.168315009  375.562661047
       1      57    9.744862080  281.376300679
       1      58    9.744862412  281.694526343
       1      59   11.947327893  373.673973132
       1      60   11.947327898  373.803806544
       1      61   13.618537403  210.254333709
       1      62   13.618537448  210.224173266
       1      63   14.678974628  187.450006244
       1      64   14.678974632  187.452785860
       1      65   15.052265588  201.681650516
       1      66   15.052265595  201.644856499
       1      67   15.463580014  189.618770146
       1      68   15.463580143  189.612302739
       1      69   16.411336106  256.869377050
       1      70   16.411336233  256.978222970
       1      71   17.173076121  179.100054403
       1      72   17.173076354  179.314175967
       1      73   17.227111708  255.002881023
       1      74   17.227111733  255.029022614
       1      75   17.405585577  352.065077684
       1      76   17.405585715  352.316853435
       1      77   18.119932191  247.174583544
       1      78   18.119932211  247.071031412
       1      79   18.871777620  307.160309856
       1      80   18.871777682  307.161201737
  0.750000000  0.500000000  0.000000000      80
       1       1  -65.417328124  575.555270425
       1       2  -65.417324755  575.411731379
       1       3  -42.193634291  596.356744445
       1       4  -42.176491180  595.574758063
       1       5  -39.680493805  591.113809209
       1       6  -39.655725970  585.003311870
       1       7  -39.554530267  584.142657469
       1       8  -39.554295990  581.032948007
       1       9  -17.542968828  390.776969586
       1      10  -17.497705421  390.113529693
       1      11  -17.350880273  383.531293175
       1      12  -17.347335036  383.473110545
       1      13  -10.414182076  409.906414926
       1      14  -10.411111800  409.560162735
       1      15  -10.256671201  423.545827276
       1      16  -10.244496224  424.752774137
       1      17   -8.880047140  373.884852643
       1      18   -8.874788894  371.231495380
       1      19   -8.614033714  384.612726210
       1      20   -8.594771480  385.748022857
       1      21   -8.253968130  408.330672082
       1      22   -8.197634372  409.217593713
       1      23   -7.025826181  341.164106688
       1      24   -7.015219537  341.400780884
       1      25   -5.866701511  517.254339085
       1      26   -5.764601377  515.234811795
       1      27   -3.122793877  497.666259766
       1      28   -3.115173304  492.081756375
       1      29   -2.459113609  553.967121732
       1      30   -2.357936094  549.287374815
       1      31   -2.253664581  444.864866546
       1      32   -2.243337763  447.217280599
       1      33   -0.709827769  502.885083630
       1      34   -0.671568368  504.059785895
       1      35    2.451113889  374.994276161
       1      36    2.497411620  366.503999555
       1      37    3.430205221  356.596731021
       1      38    3.487441363  362.419995213
       1      39    4.217237293  306.090117837
       1      40    4.222817177  306.780938521
       1      41    5.465546657  321.112010623
       1      42    5.488103827  322.274505403
       1      43    5.561694040  282.009849204
       1      44    5.581402055  285.907870504
       1      45    6.314424664  367.141361360
       1      46    6.361276456  364.788387079
       1      47    7.315107222  342.551618879
       1      48    7.320453765  342.370117395
       1      49    7.482273673  392.509530422
       1      50    7.496471346  391.736530444
       1      51    8.622704181  279.941104004
       1      52    8.633636595  278.358128235
       1      53    9.051184527  198.715427109
       1      54    9.058917233  200.073316823
       1      55   10.348222159  254.980282623
       1      56   10.383545161  259.441824263
       1      57   11.702896369  214.230459824
       1      58   11.731257662  218.161159992
       1      59   13.311682827  256.157792823
       1      60   13.328272713  248.928308045
       1      61   13.409896669  234.160551309
       1      62   13.412506678  233.636254253
       1      63   14.871502539  273.478687912
       1      64   14.904698980  222.366025373
       1      65   14.905608144  208.609397607
       1      66   14.940302970  285.836394834
       1      67   15.691554126  141.264358891
       1      68   15.692757141  141.731102435
       1      69   16.314828300  299.044917464
       1      70   16.374955476  308.559664966
       1      71   16.849958958  234.770715643
       1      72   16.865820260  229.789478505
       1      73   17.050169022  360.410467928
       1      74   17.063160432  360.648424592
       1      75   17.929813199  266.709033057
       1      76   17.935484824  263.476178638
       1      77   18.821938134  159.186757354
       1      78   18.822482125  159.008871409
       1      79   19.468099686  310.633000651
       1      80   19.478335977  312.110085013
  0.750000000  0.750000000  0.000000000      80
       1       1  -65.417328508  571.959930877
       1       2  -65.417325139  572.585801918
       1       3  -42.193634044  603.572835215
       1       4  -42.176490881  601.893199610
       1       5  -39.680493866  604.784932590
       1       6  -39.655726195  599.792009889
       1       7  -39.554529208  579.513208504
       1       8  -39.554295165  578.181338467
       1       9  -17.542970829  389.920803182
       1      10  -17.497707451  389.141254654
       1      11  -17.350886522  381.156787489
       1      12  -17.347341285  380.981213485
       1      13  -10.414176254  412.142623966
       1      14  -10.411106309  411.703835603
       1      15  -10.256660282  424.167001610
       1      16  -10.244485221  425.300771961
       1      17   -8.880047145  370.370671824
       1      18   -8.874788741  367.981453338
       1      19   -8.614033867  377.386677991
       1      20   -8.594771752  378.114308491
       1      21   -8.253971198  407.426011633
       1      22   -8.197637531  407.926398639
       1      23   -7.025828378  344.246203163
       1      24   -7.015221615  344.708064079
       1      25   -5.866696060  513.806645739
       1      26   -5.764595658  511.629514384
       1      27   -3.122798271  501.748188252
       1      28   -3.115176687  494.326775495
       1      29   -2.459133356  570.901698243
       1      30   -2.357954624  564.041361999
       1      31   -2.253669679  462.796749831
       1      32   -2.243342906  465.529071910
       1      33   -0.709808795  489.104772139
       1      34   -0.671549298  490.757884575
       1      35    2.451122079  378.686830641
       1      36    2.497418181  370.300241167
       1      37    3.430205868  354.132147489
       1      38    3.487443869  360.003902726
       1      39    4.217254370  307.916103772
       1      40    4.222834237  308.666433993
       1      41    5.465538683  324.443526398
       1      42    5.488095603  324.166882650
       1      43    5.561688793  300.888356571
       1      44    5.581396488  303.108314448
       1      45    6.314451040  362.950895748
       1      46    6.361302288  359.886379901
       1      47    7.315096767  335.253992983
       1      48    7.320442963  335.143137322
       1      49    7.482272470  389.791118149
       1      50    7.496469972  388.558261934
       1      51    8.622711564  272.924279986
       1      52    8.633644043  271.702365989
       1      53    9.051175789  203.164566655
       1      54    9.058908412  204.441835559
       1      55   10.348222214  249.286449877
       1      56   10.383544716  253.692798295
       1      57   11.702902565  215.044366577
       1      58   11.731264198  218.813734570
       1      59   13.311677513  256.591941584
       1      60   13.328268045  249.335253788
       1      61   13.409888314  227.610530403
       1      62   13.412498359  227.120379267
       1      63   14.871480255  262.056038163
       1      64   14.904692154  223.520339242
       1      65   14.905604737  212.885377388
       1      66   14.940278249  270.974179066
       1      67   15.691549376  135.737675336
       1      68   15.692752283  136.245427847
       1      69   16.314830562  304.148697179
       1      70   16.374957974  314.308351649
       1      71   16.849955947  241.247690034
       1      72   16.865816973  236.167903103
       1      73   17.050138869  368.449281209
       1      74   17.063130357  369.080820824
       1      75   17.929793123  269.860392279
       1      76   17.935465278  266.270763953
       1      77   18.821933932  173.336535178
       1      78   18.822477933  173.258471600
       1      79   19.468108530  323.487360578
       1      80   19.478345631  324.936649133
