# Generated by LORRAX 0.1.0 at 2026-07-02 21:21:14 UTC
  0.000000000  0.000000000  0.000000000      80
       1       1  -65.372250650  -84.162794654
       1       2  -65.372250650  -84.161439813
       1       3  -41.997237431  -48.339289454
       1       4  -41.997237431  -48.340567107
       1       5  -39.497232482  -44.612776614
       1       6  -39.497232482  -44.619432203
       1       7  -39.272874887  -45.785269823
       1       8  -39.272874887  -45.782005658
       1       9  -19.398603714  -19.902016253
       1      10  -19.398603714  -19.901022020
       1      11  -18.214279803  -16.270353027
       1      12  -18.214279803  -16.270690188
       1      13  -10.873767564   -9.768691936
       1      14  -10.873767564   -9.769299166
       1      15   -7.815639649  -10.898675792
       1      16   -7.815639649  -10.898071822
       1      17   -7.759785071  -10.756304281
       1      18   -7.759785071  -10.755657617
       1      19   -7.145275984   -5.114360679
       1      20   -7.145275984   -5.114402199
       1      21   -6.779802587  -11.476318372
       1      22   -6.779802587  -11.476488681
       1      23   -6.699109026  -11.340038388
       1      24   -6.699109026  -11.341374214
       1      25   -5.386093234   -8.467447801
       1      26   -5.386093234   -8.466228533
       1      27   -2.581487811    5.202688565
       1      28   -2.581487811    5.201605847
       1      29   -2.505729343    4.860220716
       1      30   -2.505729343    4.860982205
       1      31   -2.332526328    1.488632145
       1      32   -2.332526328    1.488050749
       1      33   -2.326587030    1.565565330
       1      34   -2.326587030    1.566051863
       1      35    1.113319908   -4.213240829
       1      36    1.113319908   -4.212937915
       1      37    3.714012323   -7.900376638
       1      38    3.714012323   -7.900762413
       1      39    3.951990397   25.588736967
       1      40    3.951990397   25.588257898
       1      41    4.776396763   39.663852071
       1      42    4.776396763   39.663506344
       1      43    5.486221256    7.104131349
       1      44    5.486221256    7.104052740
       1      45    5.562324306    6.999301703
       1      46    5.562324306    6.999782619
       1      47    7.461577707    7.101144477
       1      48    7.461577707    7.101015342
       1      49    7.478937363    7.102569439
       1      50    7.478937363    7.102663051
       1      51    7.640757380    9.928335270
       1      52    7.640757380    9.927878725
       1      53   10.750580450   11.070273121
       1      54   10.750580450   11.072807686
       1      55   10.765259508   10.971083628
       1      56   10.765259508   10.973020204
       1      57   10.847684897   10.725057434
       1      58   10.847684897   10.725038329
       1      59   11.103915070    4.284526321
       1      60   11.103915070    4.284110511
       1      61   11.110755596    4.449212134
       1      62   11.110755596    4.450273207
       1      63   11.238345708  116.052035206
       1      64   11.238345708  116.052060585
       1      65   14.009904542  146.978869735
       1      66   14.009904542  146.978809454
       1      67   14.263647988  126.409476892
       1      68   14.263647988  126.409737808
       1      69   14.654706654  100.163108929
       1      70   14.654706654  100.163193542
       1      71   16.051968622  201.255516014
       1      72   16.051968622  201.255621779
       1      73   18.076102017   26.208675012
       1      74   18.076102017   26.208535071
       1      75   18.251524896   27.529256136
       1      76   18.251524896   27.529089220
       1      77   20.596317296  132.657959210
       1      78   20.596317296  132.657555611
       1      79   20.815167480   32.980811571
       1      80   20.815167480   32.980769143
  0.000000000  0.333333333  0.000000000      80
       1       1  -65.392796913  -75.237351435
       1       2  -65.392796912  -75.253690227
       1       3  -42.080404841  -49.528162975
       1       4  -42.080404794  -49.471095297
       1       5  -39.576631612  -47.268880219
       1       6  -39.576631603  -47.281046247
       1       7  -39.426545466  -45.332981398
       1       8  -39.426545413  -45.207777688
       1       9  -18.084492576  -15.143832027
       1      10  -18.084492572  -15.158896656
       1      11  -17.638782496  -15.155382724
       1      12  -17.638782494  -15.154781779
       1      13  -10.524665088  -11.031341502
       1      14  -10.524665030  -11.033754097
       1      15   -9.566582491  -14.996042057
       1      16   -9.566582430  -15.000673094
       1      17   -9.176329601   -6.928414957
       1      18   -9.176329539   -6.929623372
       1      19   -8.120290072   -9.179157550
       1      20   -8.120289943   -9.185450834
       1      21   -7.044057673   -4.252054393
       1      22   -7.044057659   -4.251415934
       1      23   -6.595082040   -6.795499234
       1      24   -6.595079210   -6.801510095
       1      25   -6.289899548   -5.125487058
       1      26   -6.289896403   -5.135873855
       1      27   -3.056465365   -2.309250622
       1      28   -3.056463335   -2.289162369
       1      29   -2.954588545   -4.511834026
       1      30   -2.954586166   -4.494225570
       1      31   -1.863615496   -4.079383916
       1      32   -1.863614672   -4.068866774
       1      33   -1.263891981    3.057741521
       1      34   -1.263891107    3.062428985
       1      35    2.649880530   -0.541043041
       1      36    2.649880793   -0.543297367
       1      37    2.893228373    5.416783461
       1      38    2.893228431    5.420370240
       1      39    3.304597098    5.968163669
       1      40    3.304597753    5.965618525
       1      41    5.155270825   14.617019593
       1      42    5.155270870   14.615059438
       1      43    5.593535301    7.495949818
       1      44    5.593535947    7.503612510
       1      45    7.168539283    5.058550310
       1      46    7.168539577    5.037125011
       1      47    7.616673919   18.436420151
       1      48    7.616673920   18.439008796
       1      49    7.719675669    8.740713029
       1      50    7.719675819    8.712135675
       1      51    9.143822513    5.753916875
       1      52    9.143822543    5.746079483
       1      53    9.711198062   45.178996458
       1      54    9.711198665   45.183678968
       1      55   10.065539547    9.195778897
       1      56   10.065540148    9.201159281
       1      57   10.144712117   20.400320325
       1      58   10.144712331   20.400246281
       1      59   12.357122177   10.082486197
       1      60   12.357122213   10.153909664
       1      61   13.541740673   51.344588029
       1      62   13.541740700   51.343776029
       1      63   13.877064995   74.383491901
       1      64   13.877065355   74.388694368
       1      65   14.840728065  144.398243766
       1      66   14.840728212  144.398021415
       1      67   15.590638781  108.549148500
       1      68   15.590638861  108.555430284
       1      69   16.288988481   24.842940785
       1      70   16.288988792   24.844027183
       1      71   17.050898705   31.637908765
       1      72   17.050899102   31.646192530
       1      73   17.207929902  108.335907455
       1      74   17.207929914  108.338421486
       1      75   17.657339592  248.568490056
       1      76   17.657339675  248.565385148
       1      77   19.467537160   72.205033127
       1      78   19.467537168   72.215732846
       1      79   19.553065317   31.619011549
       1      80   19.553065495   31.621839152
  0.000000000  0.666666667  0.000000000      80
       1       1  -65.392796913  -75.237351435
       1       2  -65.392796912  -75.253690227
       1       3  -42.080404841  -49.528162975
       1       4  -42.080404794  -49.471095297
       1       5  -39.576631612  -47.268880219
       1       6  -39.576631603  -47.281046247
       1       7  -39.426545466  -45.332981398
       1       8  -39.426545413  -45.207777688
       1       9  -18.084492576  -15.143832027
       1      10  -18.084492572  -15.158896656
       1      11  -17.638782496  -15.155382724
       1      12  -17.638782494  -15.154781779
       1      13  -10.524665088  -11.031341502
       1      14  -10.524665030  -11.033754097
       1      15   -9.566582491  -14.996042057
       1      16   -9.566582430  -15.000673094
       1      17   -9.176329601   -6.928414957
       1      18   -9.176329539   -6.929623372
       1      19   -8.120290072   -9.179157550
       1      20   -8.120289943   -9.185450834
       1      21   -7.044057673   -4.252054393
       1      22   -7.044057659   -4.251415934
       1      23   -6.595082040   -6.795499234
       1      24   -6.595079210   -6.801510095
       1      25   -6.289899548   -5.125487058
       1      26   -6.289896403   -5.135873855
       1      27   -3.056465365   -2.309250622
       1      28   -3.056463335   -2.289162369
       1      29   -2.954588545   -4.511834026
       1      30   -2.954586166   -4.494225570
       1      31   -1.863615496   -4.079383916
       1      32   -1.863614672   -4.068866774
       1      33   -1.263891981    3.057741521
       1      34   -1.263891107    3.062428985
       1      35    2.649880530   -0.541043041
       1      36    2.649880793   -0.543297367
       1      37    2.893228373    5.416783461
       1      38    2.893228431    5.420370240
       1      39    3.304597098    5.968163669
       1      40    3.304597753    5.965618525
       1      41    5.155270825   14.617019593
       1      42    5.155270870   14.615059438
       1      43    5.593535301    7.495949818
       1      44    5.593535947    7.503612510
       1      45    7.168539283    5.058550310
       1      46    7.168539577    5.037125011
       1      47    7.616673919   18.436420151
       1      48    7.616673920   18.439008796
       1      49    7.719675669    8.740713029
       1      50    7.719675819    8.712135675
       1      51    9.143822513    5.753916875
       1      52    9.143822543    5.746079483
       1      53    9.711198062   45.178996458
       1      54    9.711198665   45.183678968
       1      55   10.065539547    9.195778897
       1      56   10.065540148    9.201159281
       1      57   10.144712117   20.400320325
       1      58   10.144712331   20.400246281
       1      59   12.357122177   10.082486197
       1      60   12.357122213   10.153909664
       1      61   13.541740673   51.344588029
       1      62   13.541740700   51.343776029
       1      63   13.877064995   74.383491901
       1      64   13.877065355   74.388694368
       1      65   14.840728065  144.398243766
       1      66   14.840728212  144.398021415
       1      67   15.590638781  108.549148500
       1      68   15.590638861  108.555430284
       1      69   16.288988481   24.842940785
       1      70   16.288988792   24.844027183
       1      71   17.050898705   31.637908765
       1      72   17.050899102   31.646192530
       1      73   17.207929902  108.335907455
       1      74   17.207929914  108.338421486
       1      75   17.657339592  248.568490056
       1      76   17.657339675  248.565385148
       1      77   19.467537160   72.205033127
       1      78   19.467537168   72.215732846
       1      79   19.553065317   31.619011549
       1      80   19.553065495   31.621839152
  0.333333333  0.000000000  0.000000000      80
       1       1  -65.392796983  -73.236342796
       1       2  -65.392796983  -73.106332131
       1       3  -42.080404596  -48.856531029
       1       4  -42.080404589  -48.776106132
       1       5  -39.576631932  -44.799166920
       1       6  -39.576631931  -44.738162957
       1       7  -39.426544335  -47.058934141
       1       8  -39.426544331  -47.072196058
       1       9  -18.084495007  -18.433013082
       1      10  -18.084494948  -18.439338890
       1      11  -17.638784728  -17.932092475
       1      12  -17.638784721  -17.932176934
       1      13  -10.524665333  -11.311633204
       1      14  -10.524665232  -11.314713727
       1      15   -9.566583225  -10.928630790
       1      16   -9.566583154  -10.927687713
       1      17   -9.176333920   -6.324508788
       1      18   -9.176333893   -6.326165517
       1      19   -8.120281964  -10.545174365
       1      20   -8.120281837  -10.547468034
       1      21   -7.044059266   -6.276977742
       1      22   -7.044059262   -6.280659150
       1      23   -6.595074235  -10.075501208
       1      24   -6.595072540  -10.093005380
       1      25   -6.289901186   -4.987065730
       1      26   -6.289899309   -5.008713693
       1      27   -3.056461982   -0.288609322
       1      28   -3.056460757   -0.352115338
       1      29   -2.954588662   -1.630371530
       1      30   -2.954587154   -1.697108089
       1      31   -1.863614531   -4.146822786
       1      32   -1.863613983   -4.144947476
       1      33   -1.263888686    1.943049819
       1      34   -1.263888114    1.943311055
       1      35    2.649880922    0.428888927
       1      36    2.649881143    0.433192874
       1      37    2.893230721    3.984572225
       1      38    2.893230795    3.985926986
       1      39    3.304595390    2.779484246
       1      40    3.304596067    2.765908085
       1      41    5.155270574   17.771449301
       1      42    5.155270609   17.774582085
       1      43    5.593532511   11.150453328
       1      44    5.593533119   11.146169859
       1      45    7.168549565    5.206308588
       1      46    7.168549754    5.199243475
       1      47    7.616668466   15.059966592
       1      48    7.616668468   15.064915253
       1      49    7.719667219    7.271452787
       1      50    7.719667659    7.253205258
       1      51    9.143829947   10.779585830
       1      52    9.143829950   10.781934912
       1      53    9.711196285   41.262798558
       1      54    9.711196334   41.267045272
       1      55   10.065542423   11.726927770
       1      56   10.065542639   11.733730773
       1      57   10.144708891   19.777008192
       1      58   10.144709007   19.776506019
       1      59   12.357126101   17.981245148
       1      60   12.357126114   17.986539168
       1      61   13.541739950   49.678854004
       1      62   13.541739979   49.675045754
       1      63   13.877062279   75.120714556
       1      64   13.877062615   75.124855410
       1      65   14.840723485  144.195791553
       1      66   14.840723576  144.196976803
       1      67   15.590634417  105.433182740
       1      68   15.590634478  105.431908330
       1      69   16.289001720   25.571185729
       1      70   16.289002011   25.582296793
       1      71   17.050896384   37.498120138
       1      72   17.050896658   37.506786962
       1      73   17.207927079  104.151105395
       1      74   17.207927089  104.150304058
       1      75   17.657339927  244.804596812
       1      76   17.657339998  244.803602339
       1      77   19.467530494   69.567526004
       1      78   19.467530693   69.560540740
       1      79   19.553051706   44.393730671
       1      80   19.553051813   44.392467372
  0.333333333  0.333333333  0.000000000      80
       1       1  -65.289460601  -75.915050156
       1       2  -65.289456426  -76.101872270
       1       3  -42.122162992  -48.553716093
       1       4  -42.099978807  -50.042634567
       1       5  -39.582216180  -46.335890969
       1       6  -39.538366792  -44.602324703
       1       7  -39.534505656  -48.745599713
       1       8  -39.522504588  -45.516472444
       1       9  -17.273676742  -14.551381202
       1      10  -17.230830142  -14.371374685
       1      11  -17.227364330  -14.401114105
       1      12  -17.210674242  -14.088452606
       1      13  -10.760538931  -17.801891077
       1      14  -10.751426329  -17.917799935
       1      15   -9.925139351  -11.509093487
       1      16   -9.889645786  -11.554302963
       1      17   -9.441757245  -11.212634314
       1      18   -9.382373632  -10.852257150
       1      19   -8.864992760   -8.123237792
       1      20   -8.839966629   -8.289392061
       1      21   -8.314098988   -9.678569295
       1      22   -8.264529403   -9.719784986
       1      23   -7.587981686   -8.791065990
       1      24   -7.566418002   -8.644335935
       1      25   -5.326194268   -4.408290207
       1      26   -5.193614852   -4.451632505
       1      27   -3.493546125   -4.981628412
       1      28   -3.489961036   -4.941689045
       1      29   -2.349114069    7.059146952
       1      30   -2.318860973    7.100176077
       1      31   -1.737564344    4.230040618
       1      32   -1.607455336    3.942457360
       1      33   -0.396867046    2.136983367
       1      34   -0.320176305    2.144476574
       1      35    2.059712032    0.517761379
       1      36    2.197665084    0.452040787
       1      37    2.544440807   -0.967028298
       1      38    2.547607106   -0.999464719
       1      39    4.779962663    3.533388201
       1      40    4.790013249    3.604269710
       1      41    5.792460325   -1.500287639
       1      42    5.847473279   -1.363201521
       1      43    6.356890398   10.281786745
       1      44    6.375933179   10.241267082
       1      45    7.147367869   14.593616973
       1      46    7.164536909   14.892105314
       1      47    7.271747365   10.612942259
       1      48    7.332087865   10.691695340
       1      49    7.688871028   13.156880700
       1      50    7.718729461   13.158463676
       1      51    7.723232773   10.857768732
       1      52    7.742219393   10.859259377
       1      53    9.005468350    5.898318001
       1      54    9.005475434    5.872174877
       1      55   10.575348098   29.238859032
       1      56   10.637023585   29.065218929
       1      57   11.728255675   56.693310133
       1      58   11.732588764   56.854098747
       1      59   12.950803429   33.564091510
       1      60   12.953290971   31.971769810
       1      61   13.273328535   51.068997666
       1      62   13.344625538   88.463540220
       1      63   13.372805507   69.049842274
       1      64   13.502358089   29.926809552
       1      65   14.091707030   38.457290889
       1      66   14.097491780   38.591565844
       1      67   14.882461472   85.220492302
       1      68   14.897876533   85.409450278
       1      69   15.456545234   74.795576308
       1      70   15.475576650   75.237097105
       1      71   17.724107883  129.454471829
       1      72   17.738870985  129.555615899
       1      73   19.265160623   31.571672502
       1      74   19.265335957   31.481526257
       1      75   20.119737855   53.633011758
       1      76   20.145669458   58.824417367
       1      77   20.189679030   27.066245076
       1      78   20.193329407   24.939400384
       1      79   20.210404070  129.890824140
       1      80   20.217786993  132.067237129
  0.333333333  0.666666667  0.000000000      80
       1       1  -65.392796896  -75.309013332
       1       2  -65.392796896  -75.355711493
       1       3  -42.080404936  -49.232920357
       1       4  -42.080404895  -49.328275675
       1       5  -39.576631042  -45.517208051
       1       6  -39.576631034  -45.569554270
       1       7  -39.426546492  -46.952253541
       1       8  -39.426546444  -47.100164316
       1       9  -18.084493192  -15.897215432
       1      10  -18.084493137  -15.873819616
       1      11  -17.638776586  -14.856831131
       1      12  -17.638776582  -14.877639141
       1      13  -10.524664909  -10.147257004
       1      14  -10.524664867  -10.149993481
       1      15   -9.566581500  -11.593827011
       1      16   -9.566581490  -11.591568024
       1      17   -9.176332243   -6.783204572
       1      18   -9.176332207   -6.782164887
       1      19   -8.120308006   -9.502198912
       1      20   -8.120308005   -9.501340575
       1      21   -7.044052392   -4.986531104
       1      22   -7.044052374   -4.988042432
       1      23   -6.595086633   -9.263527512
       1      24   -6.595085499   -9.267583306
       1      25   -6.289884401   -6.872955025
       1      26   -6.289883132   -6.869732176
       1      27   -3.056468159   -4.412916825
       1      28   -3.056467354   -4.374087103
       1      29   -2.954590298    0.312343559
       1      30   -2.954589427    0.356842391
       1      31   -1.863629923   -0.814422048
       1      32   -1.863629647   -0.812679946
       1      33   -1.263885362   -1.465375858
       1      34   -1.263885060   -1.469629051
       1      35    2.649881946   -3.671921081
       1      36    2.649881988   -3.665544099
       1      37    2.893229378    1.273904818
       1      38    2.893229393    1.269316485
       1      39    3.304593665    3.561258558
       1      40    3.304593688    3.562663598
       1      41    5.155265941   12.784689338
       1      42    5.155265951   12.776703891
       1      43    5.593546515    4.580428137
       1      44    5.593546554    4.551895526
       1      45    7.168536139    7.339082686
       1      46    7.168536244    7.351002545
       1      47    7.616676008   16.965704046
       1      48    7.616676009   16.967138366
       1      49    7.719675959   11.836585876
       1      50    7.719676249   11.842689026
       1      51    9.143820450    9.779515184
       1      52    9.143820483    9.778772882
       1      53    9.711211514   42.233035323
       1      54    9.711212067   42.221138225
       1      55   10.065533630   14.452461766
       1      56   10.065534016   14.443193220
       1      57   10.144726147   22.334043279
       1      58   10.144726245   22.331190258
       1      59   12.357127028   11.016801696
       1      60   12.357127051   11.005236609
       1      61   13.541744240   49.126191397
       1      62   13.541744241   49.128537328
       1      63   13.877057540   74.587183721
       1      64   13.877057564   74.586123807
       1      65   14.840740540  144.885732046
       1      66   14.840740595  144.897787243
       1      67   15.590642183  104.597337409
       1      68   15.590642202  104.596685695
       1      69   16.288971278   27.694053213
       1      70   16.288971298   27.686481996
       1      71   17.050887188   38.842407535
       1      72   17.050887312   38.850175077
       1      73   17.207930604  104.179161328
       1      74   17.207930606  104.182715283
       1      75   17.657339358  245.726609707
       1      76   17.657339370  245.721311716
       1      77   19.467550727   77.769419838
       1      78   19.467550917   77.781652540
       1      79   19.553071197   40.701527779
       1      80   19.553071268   40.699697137
  0.666666667 -0.000000000  0.000000000      80
       1       1  -65.392796983  -73.236342796
       1       2  -65.392796983  -73.106332131
       1       3  -42.080404596  -48.856531029
       1       4  -42.080404589  -48.776106132
       1       5  -39.576631932  -44.799166920
       1       6  -39.576631931  -44.738162957
       1       7  -39.426544335  -47.058934141
       1       8  -39.426544331  -47.072196058
       1       9  -18.084495007  -18.433013082
       1      10  -18.084494948  -18.439338890
       1      11  -17.638784728  -17.932092475
       1      12  -17.638784721  -17.932176934
       1      13  -10.524665333  -11.311633204
       1      14  -10.524665232  -11.314713727
       1      15   -9.566583225  -10.928630790
       1      16   -9.566583154  -10.927687713
       1      17   -9.176333920   -6.324508788
       1      18   -9.176333893   -6.326165517
       1      19   -8.120281964  -10.545174365
       1      20   -8.120281837  -10.547468034
       1      21   -7.044059266   -6.276977742
       1      22   -7.044059262   -6.280659150
       1      23   -6.595074235  -10.075501208
       1      24   -6.595072540  -10.093005380
       1      25   -6.289901186   -4.987065730
       1      26   -6.289899309   -5.008713693
       1      27   -3.056461982   -0.288609322
       1      28   -3.056460757   -0.352115338
       1      29   -2.954588662   -1.630371530
       1      30   -2.954587154   -1.697108089
       1      31   -1.863614531   -4.146822786
       1      32   -1.863613983   -4.144947476
       1      33   -1.263888686    1.943049819
       1      34   -1.263888114    1.943311055
       1      35    2.649880922    0.428888927
       1      36    2.649881143    0.433192874
       1      37    2.893230721    3.984572225
       1      38    2.893230795    3.985926986
       1      39    3.304595390    2.779484246
       1      40    3.304596067    2.765908085
       1      41    5.155270574   17.771449301
       1      42    5.155270609   17.774582085
       1      43    5.593532511   11.150453328
       1      44    5.593533119   11.146169859
       1      45    7.168549565    5.206308588
       1      46    7.168549754    5.199243475
       1      47    7.616668466   15.059966592
       1      48    7.616668468   15.064915253
       1      49    7.719667219    7.271452787
       1      50    7.719667659    7.253205258
       1      51    9.143829947   10.779585830
       1      52    9.143829950   10.781934912
       1      53    9.711196285   41.262798558
       1      54    9.711196334   41.267045272
       1      55   10.065542423   11.726927770
       1      56   10.065542639   11.733730773
       1      57   10.144708891   19.777008192
       1      58   10.144709007   19.776506019
       1      59   12.357126101   17.981245148
       1      60   12.357126114   17.986539168
       1      61   13.541739950   49.678854004
       1      62   13.541739979   49.675045754
       1      63   13.877062279   75.120714556
       1      64   13.877062615   75.124855410
       1      65   14.840723485  144.195791553
       1      66   14.840723576  144.196976803
       1      67   15.590634417  105.433182740
       1      68   15.590634478  105.431908330
       1      69   16.289001720   25.571185729
       1      70   16.289002011   25.582296793
       1      71   17.050896384   37.498120138
       1      72   17.050896658   37.506786962
       1      73   17.207927079  104.151105395
       1      74   17.207927089  104.150304058
       1      75   17.657339927  244.804596812
       1      76   17.657339998  244.803602339
       1      77   19.467530494   69.567526004
       1      78   19.467530693   69.560540740
       1      79   19.553051706   44.393730671
       1      80   19.553051813   44.392467372
  0.666666667  0.333333333  0.000000000      80
       1       1  -65.392796896  -75.309013332
       1       2  -65.392796896  -75.355711493
       1       3  -42.080404936  -49.232920357
       1       4  -42.080404895  -49.328275675
       1       5  -39.576631042  -45.517208051
       1       6  -39.576631034  -45.569554270
       1       7  -39.426546492  -46.952253541
       1       8  -39.426546444  -47.100164316
       1       9  -18.084493192  -15.897215432
       1      10  -18.084493137  -15.873819616
       1      11  -17.638776586  -14.856831131
       1      12  -17.638776582  -14.877639141
       1      13  -10.524664909  -10.147257004
       1      14  -10.524664867  -10.149993481
       1      15   -9.566581500  -11.593827011
       1      16   -9.566581490  -11.591568024
       1      17   -9.176332243   -6.783204572
       1      18   -9.176332207   -6.782164887
       1      19   -8.120308006   -9.502198912
       1      20   -8.120308005   -9.501340575
       1      21   -7.044052392   -4.986531104
       1      22   -7.044052374   -4.988042432
       1      23   -6.595086633   -9.263527512
       1      24   -6.595085499   -9.267583306
       1      25   -6.289884401   -6.872955025
       1      26   -6.289883132   -6.869732176
       1      27   -3.056468159   -4.412916825
       1      28   -3.056467354   -4.374087103
       1      29   -2.954590298    0.312343559
       1      30   -2.954589427    0.356842391
       1      31   -1.863629923   -0.814422048
       1      32   -1.863629647   -0.812679946
       1      33   -1.263885362   -1.465375858
       1      34   -1.263885060   -1.469629051
       1      35    2.649881946   -3.671921081
       1      36    2.649881988   -3.665544099
       1      37    2.893229378    1.273904818
       1      38    2.893229393    1.269316485
       1      39    3.304593665    3.561258558
       1      40    3.304593688    3.562663598
       1      41    5.155265941   12.784689338
       1      42    5.155265951   12.776703891
       1      43    5.593546515    4.580428137
       1      44    5.593546554    4.551895526
       1      45    7.168536139    7.339082686
       1      46    7.168536244    7.351002545
       1      47    7.616676008   16.965704046
       1      48    7.616676009   16.967138366
       1      49    7.719675959   11.836585876
       1      50    7.719676249   11.842689026
       1      51    9.143820450    9.779515184
       1      52    9.143820483    9.778772882
       1      53    9.711211514   42.233035323
       1      54    9.711212067   42.221138225
       1      55   10.065533630   14.452461766
       1      56   10.065534016   14.443193220
       1      57   10.144726147   22.334043279
       1      58   10.144726245   22.331190258
       1      59   12.357127028   11.016801696
       1      60   12.357127051   11.005236609
       1      61   13.541744240   49.126191397
       1      62   13.541744241   49.128537328
       1      63   13.877057540   74.587183721
       1      64   13.877057564   74.586123807
       1      65   14.840740540  144.885732046
       1      66   14.840740595  144.897787243
       1      67   15.590642183  104.597337409
       1      68   15.590642202  104.596685695
       1      69   16.288971278   27.694053213
       1      70   16.288971298   27.686481996
       1      71   17.050887188   38.842407535
       1      72   17.050887312   38.850175077
       1      73   17.207930604  104.179161328
       1      74   17.207930606  104.182715283
       1      75   17.657339358  245.726609707
       1      76   17.657339370  245.721311716
       1      77   19.467550727   77.769419838
       1      78   19.467550917   77.781652540
       1      79   19.553071197   40.701527779
       1      80   19.553071268   40.699697137
  0.666666667  0.666666667  0.000000000      80
       1       1  -65.289460601  -75.915050156
       1       2  -65.289456426  -76.101872270
       1       3  -42.122162992  -48.553716093
       1       4  -42.099978807  -50.042634567
       1       5  -39.582216180  -46.335890969
       1       6  -39.538366792  -44.602324703
       1       7  -39.534505656  -48.745599713
       1       8  -39.522504588  -45.516472444
       1       9  -17.273676742  -14.551381202
       1      10  -17.230830142  -14.371374685
       1      11  -17.227364330  -14.401114105
       1      12  -17.210674242  -14.088452606
       1      13  -10.760538931  -17.801891077
       1      14  -10.751426329  -17.917799935
       1      15   -9.925139351  -11.509093487
       1      16   -9.889645786  -11.554302963
       1      17   -9.441757245  -11.212634314
       1      18   -9.382373632  -10.852257150
       1      19   -8.864992760   -8.123237792
       1      20   -8.839966629   -8.289392061
       1      21   -8.314098988   -9.678569295
       1      22   -8.264529403   -9.719784986
       1      23   -7.587981686   -8.791065990
       1      24   -7.566418002   -8.644335935
       1      25   -5.326194268   -4.408290207
       1      26   -5.193614852   -4.451632505
       1      27   -3.493546125   -4.981628412
       1      28   -3.489961036   -4.941689045
       1      29   -2.349114069    7.059146952
       1      30   -2.318860973    7.100176077
       1      31   -1.737564344    4.230040618
       1      32   -1.607455336    3.942457360
       1      33   -0.396867046    2.136983367
       1      34   -0.320176305    2.144476574
       1      35    2.059712032    0.517761379
       1      36    2.197665084    0.452040787
       1      37    2.544440807   -0.967028298
       1      38    2.547607106   -0.999464719
       1      39    4.779962663    3.533388201
       1      40    4.790013249    3.604269710
       1      41    5.792460325   -1.500287639
       1      42    5.847473279   -1.363201521
       1      43    6.356890398   10.281786745
       1      44    6.375933179   10.241267082
       1      45    7.147367869   14.593616973
       1      46    7.164536909   14.892105314
       1      47    7.271747365   10.612942259
       1      48    7.332087865   10.691695340
       1      49    7.688871028   13.156880700
       1      50    7.718729461   13.158463676
       1      51    7.723232773   10.857768732
       1      52    7.742219393   10.859259377
       1      53    9.005468350    5.898318001
       1      54    9.005475434    5.872174877
       1      55   10.575348098   29.238859032
       1      56   10.637023585   29.065218929
       1      57   11.728255675   56.693310133
       1      58   11.732588764   56.854098747
       1      59   12.950803429   33.564091510
       1      60   12.953290971   31.971769810
       1      61   13.273328535   51.068997666
       1      62   13.344625538   88.463540220
       1      63   13.372805507   69.049842274
       1      64   13.502358089   29.926809552
       1      65   14.091707030   38.457290889
       1      66   14.097491780   38.591565844
       1      67   14.882461472   85.220492302
       1      68   14.897876533   85.409450278
       1      69   15.456545234   74.795576308
       1      70   15.475576650   75.237097105
       1      71   17.724107883  129.454471829
       1      72   17.738870985  129.555615899
       1      73   19.265160623   31.571672502
       1      74   19.265335957   31.481526257
       1      75   20.119737855   53.633011758
       1      76   20.145669458   58.824417367
       1      77   20.189679030   27.066245076
       1      78   20.193329407   24.939400384
       1      79   20.210404070  129.890824140
       1      80   20.217786993  132.067237129
