  0.000000000  0.000000000  0.000000000     102       0
       1       1  -10.465991834    0.000000000
       1       2  -10.465991834    0.000000000
       1       3  -11.331976070    0.000000000
       1       4  -11.331976070    0.000000000
       1       5  -11.331976070   -0.000000000
       1       6  -11.331976070   -0.000000000
       1       7  -11.331976070   -0.000000000
       1       8  -11.331976070   -0.000000000
       1       9  -10.025276707    0.000000000
       1      10  -10.025276707   -0.000000000
       1      11  -10.025276707    0.000000000
       1      12  -10.025276707    0.000000000
       1      13  -10.025276707   -0.000000000
       1      14  -10.025276707    0.000000000
       1      15  -10.909783643    0.000000000
       1      16  -10.909783643   -0.000000000
       1      17  -10.062002502    0.000000000
       1      18  -10.062002502   -0.000000000
       1      19  -10.062002502    0.000000000
       1      20  -10.062002502    0.000000000
       1      21   -7.660251464    0.000000000
       1      22   -7.660251464   -0.000000000
       1      23   -8.296622980    0.000000000
       1      24   -8.296622979    0.000000000
       1      25   -8.296622979   -0.000000000
       1      26   -8.296622979    0.000000000
       1      27   -8.296622979   -0.000000000
       1      28   -8.296622979    0.000000000
       1      29   -6.479833711    0.000000000
       1      30   -6.479833711   -0.000000000
       1      31  -10.055754259    0.000000000
       1      32  -10.055754259    0.000000000
       1      33  -10.055754259    0.000000000
       1      34  -10.055754259    0.000000000
       1      35  -10.055754259    0.000000000
       1      36  -10.055754259    0.000000000
       1      37  -10.776074539    0.000000000
       1      38  -10.776074539    0.000000000
       1      39  -10.776074539   -0.000000000
       1      40  -10.776074539    0.000000000
       1      41  -10.430665624   -0.000000000
       1      42  -10.430665624    0.000000000
       1      43  -10.430665624    0.000000000
       1      44  -10.430665624    0.000000000
       1      45  -10.430665624    0.000000000
       1      46  -10.430665624    0.000000000
       1      47  -10.091130184    0.000000000
       1      48  -10.091130184    0.000000000
       1      49  -10.091130184    0.000000000
       1      50  -10.091130184   -0.000000000
       1      51  -10.091130184    0.000000000
       1      52  -10.091130184   -0.000000000
       1      53   -9.571952104    0.000000000
       1      54   -9.571952104    0.000000000
       1      55   -9.571952104   -0.000000000
       1      56   -9.571952104    0.000000000
       1      57   -9.571952104    0.000000000
       1      58   -9.571952104    0.000000000
       1      59   -7.664826747    0.000000000
       1      60   -7.664826747    0.000000000
       1      61   -9.159798918    0.000000000
       1      62   -9.159798918    0.000000000
       1      63   -9.159798918    0.000000000
       1      64   -9.159798918    0.000000000
       1      65   -8.919264040    0.000000000
       1      66   -8.919264039    0.000000000
       1      67   -8.919264039    0.000000000
       1      68   -8.919264038   -0.000000000
       1      69   -8.933874573    0.000000000
       1      70   -8.933874574    0.000000000
       1      71   -8.933874574    0.000000000
       1      72   -8.933874574    0.000000000
       1      73   -8.933874574    0.000000000
       1      74   -8.933874575    0.000000000
       1      75   -9.522199382   -0.000000000
       1      76   -9.522199384    0.000000000
       1      77   -9.522199384   -0.000000000
       1      78   -9.522199383    0.000000000
       1      79   -9.522199384    0.000000000
       1      80   -9.522199385    0.000000000
       1      81  -11.066909880    0.000000000
       1      82  -11.066909880    0.000000000
       1      83   -9.602687307    0.000000000
       1      84   -9.602687306    0.000000000
       1      85   -9.602687304    0.000000000
       1      86   -9.602687306    0.000000000
       1      87   -9.602687304    0.000000000
       1      88   -9.602687306    0.000000000
       1      89   -8.837080638    0.000000000
       1      90   -8.837080636    0.000000000
       1      91   -8.837080638    0.000000000
       1      92   -8.837080635    0.000000000
       1      93   -8.837080635    0.000000000
       1      94   -8.837080637    0.000000000
       1      95   -8.874175523    0.000000000
       1      96   -8.874175521    0.000000000
       1      97   -8.874175520    0.000000000
       1      98   -8.874175523    0.000000000
       1      99   -8.874175522    0.000000000
       1     100   -8.874175524    0.000000000
       1     101   -8.060939710   -0.000000000
       1     102   -8.060939710   -0.000000000
 -0.000000000 -0.000000000  0.250000000     102       0
       1       1  -10.542803038    0.000000000
       1       2  -10.542803038    0.000000000
       1       3  -10.665191098    0.000000000
       1       4  -10.665191098    0.000000000
       1       5  -11.093321793    0.000000000
       1       6  -11.093321793   -0.000000000
       1       7  -11.093321793    0.000000000
       1       8  -11.093321793    0.000000000
       1       9  -10.089499071    0.000000000
       1      10  -10.089499071   -0.000000000
       1      11  -10.068905777    0.000000000
       1      12  -10.068905777    0.000000000
       1      13  -10.068905777   -0.000000000
       1      14  -10.068905777    0.000000000
       1      15  -10.432923102   -0.000000000
       1      16  -10.432923102    0.000000000
       1      17   -9.642662083   -0.000000000
       1      18   -9.642662083    0.000000000
       1      19   -9.642662083    0.000000000
       1      20   -9.642662083    0.000000000
       1      21   -7.846045343    0.000000000
       1      22   -7.846045343    0.000000000
       1      23   -8.595233246    0.000000000
       1      24   -8.595233246    0.000000000
       1      25   -9.448189178   -0.000000000
       1      26   -9.448189178    0.000000000
       1      27   -9.448189178    0.000000000
       1      28   -9.448189178   -0.000000000
       1      29   -9.670320952    0.000000000
       1      30   -9.670320952    0.000000000
       1      31   -9.670320952    0.000000000
       1      32   -9.670320952    0.000000000
       1      33   -9.593911832    0.000000000
       1      34   -9.593911833    0.000000000
       1      35   -7.596718299   -0.000000000
       1      36   -7.596718299    0.000000000
       1      37  -10.527242188    0.000000000
       1      38  -10.527242187    0.000000000
       1      39  -10.527242187    0.000000000
       1      40  -10.527242188    0.000000000
       1      41  -10.613615776    0.000000000
       1      42  -10.613615776    0.000000000
       1      43  -10.613615776    0.000000000
       1      44  -10.613615776   -0.000000000
       1      45  -10.500470946   -0.000000000
       1      46  -10.500470946    0.000000000
       1      47   -9.028180502    0.000000000
       1      48   -9.028180502    0.000000000
       1      49  -10.231300100   -0.000000000
       1      50  -10.231300100    0.000000000
       1      51   -9.214785934    0.000000000
       1      52   -9.214785934    0.000000000
       1      53   -9.214785934    0.000000000
       1      54   -9.214785934    0.000000000
       1      55   -9.130497870    0.000000000
       1      56   -9.130497870    0.000000000
       1      57   -9.130497870    0.000000000
       1      58   -9.130497870    0.000000000
       1      59   -9.533783490    0.000000000
       1      60   -9.533783489    0.000000000
       1      61   -9.533783489    0.000000000
       1      62   -9.533783490   -0.000000000
       1      63   -9.780807457   -0.000000000
       1      64   -9.780807458    0.000000000
       1      65   -9.780807457    0.000000000
       1      66   -9.780807458   -0.000000000
       1      67   -8.043706091    0.000000000
       1      68   -8.043706089   -0.000000000
       1      69   -8.132156070    0.000000000
       1      70   -8.132156070   -0.000000000
       1      71   -9.049739229    0.000000000
       1      72   -9.049739229    0.000000000
       1      73   -8.709023298    0.000000000
       1      74   -8.709023298    0.000000000
       1      75   -8.709023298    0.000000000
       1      76   -8.709023298    0.000000000
       1      77   -8.999690646    0.000000000
       1      78   -8.999690645    0.000000000
       1      79   -9.288707139    0.000000000
       1      80   -9.288707138    0.000000000
       1      81   -9.288707139    0.000000000
       1      82   -9.288707138    0.000000000
       1      83   -9.629356044   -0.000000000
       1      84   -9.629356044    0.000000000
       1      85   -9.398812629    0.000000000
       1      86   -9.398812629   -0.000000000
       1      87   -9.039575180   -0.000000000
       1      88   -9.039575180   -0.000000000
       1      89   -9.039575179   -0.000000000
       1      90   -9.039575177    0.000000000
       1      91   -8.049784143   -0.000000000
       1      92   -8.049784141    0.000000000
       1      93   -8.049784143   -0.000000000
       1      94   -8.049784141   -0.000000000
       1      95   -8.522547317   -0.000000000
       1      96   -8.522547321    0.000000000
       1      97   -9.388789858   -0.000000000
       1      98   -9.388789857   -0.000000000
       1      99   -9.388789859   -0.000000000
       1     100   -9.388789858    0.000000000
       1     101   -9.140752774   -0.000000000
       1     102   -9.140752770    0.000000000
  0.000000000  0.000000000 -0.500000000     102       0
       1       1  -10.855908823   -0.000000000
       1       2  -10.855908823    0.000000000
       1       3  -10.199396094   -0.000000000
       1       4  -10.199396094    0.000000000
       1       5  -11.066342146   -0.000000000
       1       6  -11.066342146   -0.000000000
       1       7  -11.066342146   -0.000000000
       1       8  -11.066342146   -0.000000000
       1       9  -10.076072175    0.000000000
       1      10  -10.076072175    0.000000000
       1      11   -9.648352429   -0.000000000
       1      12   -9.648352429   -0.000000000
       1      13   -9.648352429   -0.000000000
       1      14   -9.648352429    0.000000000
       1      15   -7.698916231    0.000000000
       1      16   -7.698916231    0.000000000
       1      17  -10.229244613    0.000000000
       1      18  -10.229244614   -0.000000000
       1      19  -10.229244613   -0.000000000
       1      20  -10.229244613   -0.000000000
       1      21   -9.994189858   -0.000000000
       1      22   -9.994189858   -0.000000000
       1      23   -9.994189858   -0.000000000
       1      24   -9.994189858   -0.000000000
       1      25   -9.722734265   -0.000000000
       1      26   -9.722734265   -0.000000000
       1      27  -10.281341405    0.000000000
       1      28  -10.281341405    0.000000000
       1      29   -9.864890033   -0.000000000
       1      30   -9.864890033    0.000000000
       1      31   -9.215741402    0.000000000
       1      32   -9.215741402    0.000000000
       1      33   -8.908351135    0.000000000
       1      34   -8.908351135    0.000000000
       1      35   -8.908351135    0.000000000
       1      36   -8.908351135    0.000000000
       1      37  -10.171069664    0.000000000
       1      38  -10.171069664    0.000000000
       1      39  -10.171069664   -0.000000000
       1      40  -10.171069664    0.000000000
       1      41   -8.049902747    0.000000000
       1      42   -8.049902747    0.000000000
       1      43   -9.772149081    0.000000000
       1      44   -9.772149080   -0.000000000
       1      45   -9.772149080    0.000000000
       1      46   -9.772149080    0.000000000
       1      47  -10.750785472    0.000000000
       1      48  -10.750785473    0.000000000
       1      49  -10.750785473   -0.000000000
       1      50  -10.750785472   -0.000000000
       1      51   -7.236209710    0.000000000
       1      52   -7.236209711    0.000000000
       1      53  -10.622614860    0.000000000
       1      54  -10.622614860    0.000000000
       1      55   -8.610933835   -0.000000000
       1      56   -8.610933836    0.000000000
       1      57   -8.610933835    0.000000000
       1      58   -8.610933834   -0.000000000
       1      59   -9.096743389   -0.000000000
       1      60   -9.096743389   -0.000000000
       1      61   -9.096743390    0.000000000
       1      62   -9.096743389    0.000000000
       1      63   -9.272994938    0.000000000
       1      64   -9.272994938    0.000000000
       1      65   -8.625362753    0.000000000
       1      66   -8.625362754    0.000000000
       1      67   -8.455398334   -0.000000000
       1      68   -8.455398334    0.000000000
       1      69   -8.578195862    0.000000000
       1      70   -8.578195862   -0.000000000
       1      71   -8.578195861   -0.000000000
       1      72   -8.578195861    0.000000000
       1      73   -9.509813771    0.000000000
       1      74   -9.509813772    0.000000000
       1      75   -9.509813772   -0.000000000
       1      76   -9.509813771    0.000000000
       1      77   -9.078516207    0.000000000
       1      78   -9.078516206    0.000000000
       1      79   -9.591980214   -0.000000000
       1      80   -9.591980214    0.000000000
       1      81  -10.443347133   -0.000000000
       1      82  -10.443347133   -0.000000000
       1      83  -10.443347136    0.000000000
       1      84  -10.443347134    0.000000000
       1      85   -9.123705380    0.000000000
       1      86   -9.123705378    0.000000000
       1      87   -9.123705379    0.000000000
       1      88   -9.123705379    0.000000000
       1      89   -9.585768086    0.000000000
       1      90   -9.585768085    0.000000000
       1      91   -8.707576440    0.000000000
       1      92   -8.707576439    0.000000000
       1      93   -8.707576439    0.000000000
       1      94   -8.707576440    0.000000000
       1      95   -9.239928290    0.000000000
       1      96   -9.239928293    0.000000000
       1      97   -8.798705192    0.000000000
       1      98   -8.798705196    0.000000000
       1      99   -8.798705196    0.000000000
       1     100   -8.798705180    0.000000000
       1     101   -7.949495354    0.000000000
       1     102   -7.949495371    0.000000000
  0.000000000  0.250000000  0.250000000     102       0
       1       1  -10.559042450   -0.000000000
       1       2  -10.559042450   -0.000000000
       1       3  -11.198159062    0.000000000
       1       4  -11.198159062    0.000000000
       1       5  -10.725466441    0.000000000
       1       6  -10.725466441    0.000000000
       1       7  -10.725466441    0.000000000
       1       8  -10.725466441    0.000000000
       1       9   -9.354331864    0.000000000
       1      10   -9.354331864   -0.000000000
       1      11   -9.130407398    0.000000000
       1      12   -9.130407398    0.000000000
       1      13  -10.595730258    0.000000000
       1      14  -10.595730258   -0.000000000
       1      15  -10.595730258   -0.000000000
       1      16  -10.595730258    0.000000000
       1      17  -10.713947490    0.000000000
       1      18  -10.713947490   -0.000000000
       1      19  -10.085726240    0.000000000
       1      20  -10.085726240    0.000000000
       1      21   -8.389802107   -0.000000000
       1      22   -8.389802107   -0.000000000
       1      23   -8.858788723    0.000000000
       1      24   -8.858788723    0.000000000
       1      25   -8.858788723    0.000000000
       1      26   -8.858788723    0.000000000
       1      27   -8.262685563    0.000000000
       1      28   -8.262685563    0.000000000
       1      29   -9.609592233    0.000000000
       1      30   -9.609592233    0.000000000
       1      31   -9.609592233   -0.000000000
       1      32   -9.609592233    0.000000000
       1      33  -10.337240514    0.000000000
       1      34  -10.337240515    0.000000000
       1      35  -10.366150625    0.000000000
       1      36  -10.366150625    0.000000000
       1      37   -8.811687830   -0.000000000
       1      38   -8.811687830    0.000000000
       1      39   -9.097161472   -0.000000000
       1      40   -9.097161472    0.000000000
       1      41  -10.210527961    0.000000000
       1      42  -10.210527961    0.000000000
       1      43  -10.598999335   -0.000000000
       1      44  -10.598999335   -0.000000000
       1      45  -10.598999335    0.000000000
       1      46  -10.598999335    0.000000000
       1      47   -8.979081321   -0.000000000
       1      48   -8.979081320    0.000000000
       1      49   -8.979081320    0.000000000
       1      50   -8.979081321   -0.000000000
       1      51   -9.765785041    0.000000000
       1      52   -9.765785041    0.000000000
       1      53   -8.910322798    0.000000000
       1      54   -8.910322798    0.000000000
       1      55  -10.025150366    0.000000000
       1      56  -10.025150366    0.000000000
       1      57   -8.996707810    0.000000000
       1      58   -8.996707811    0.000000000
       1      59  -10.171705028    0.000000000
       1      60  -10.171705027    0.000000000
       1      61  -10.171705028    0.000000000
       1      62  -10.171705028    0.000000000
       1      63   -9.255971758   -0.000000000
       1      64   -9.255971759    0.000000000
       1      65   -9.232156270    0.000000000
       1      66   -9.232156271    0.000000000
       1      67   -9.232156269   -0.000000000
       1      68   -9.232156271    0.000000000
       1      69   -9.228981975   -0.000000000
       1      70   -9.228981974   -0.000000000
       1      71   -9.250069966   -0.000000000
       1      72   -9.250069966    0.000000000
       1      73   -9.250069966   -0.000000000
       1      74   -9.250069966    0.000000000
       1      75   -9.621163724    0.000000000
       1      76   -9.621163724   -0.000000000
       1      77   -8.069607240    0.000000000
       1      78   -8.069607240   -0.000000000
       1      79   -7.992981452    0.000000000
       1      80   -7.992981453   -0.000000000
       1      81   -7.992981453   -0.000000000
       1      82   -7.992981453    0.000000000
       1      83   -8.073400039   -0.000000000
       1      84   -8.073400040   -0.000000000
       1      85   -9.189899200    0.000000000
       1      86   -9.189899200    0.000000000
       1      87   -8.834260762    0.000000000
       1      88   -8.834260763    0.000000000
       1      89   -8.834260761    0.000000000
       1      90   -8.834260760   -0.000000000
       1      91   -9.528248949    0.000000000
       1      92   -9.528248945    0.000000000
       1      93   -8.187670404   -0.000000000
       1      94   -8.187670406    0.000000000
       1      95   -8.714620508    0.000000000
       1      96   -8.714620504    0.000000000
       1      97   -9.118534132    0.000000000
       1      98   -9.118534144    0.000000000
       1      99   -9.118534139    0.000000000
       1     100   -9.118534131   -0.000000000
       1     101   -8.714367011   -0.000000000
       1     102   -8.714366986    0.000000000
  0.000000000  0.250000000 -0.500000000     102       0
       1       1  -10.792097516    0.000000000
       1       2  -10.792097516   -0.000000000
       1       3  -10.762787238   -0.000000000
       1       4  -10.762787238   -0.000000000
       1       5  -10.212050072   -0.000000000
       1       6  -10.212050072   -0.000000000
       1       7  -10.719759782   -0.000000000
       1       8  -10.719759782   -0.000000000
       1       9   -9.198709161   -0.000000000
       1      10   -9.198709161   -0.000000000
       1      11   -9.599188592   -0.000000000
       1      12   -9.599188592   -0.000000000
       1      13  -10.414426102   -0.000000000
       1      14  -10.414426102    0.000000000
       1      15  -10.091996053    0.000000000
       1      16  -10.091996054   -0.000000000
       1      17   -9.761217181    0.000000000
       1      18   -9.761217181   -0.000000000
       1      19  -10.171910730    0.000000000
       1      20  -10.171910730   -0.000000000
       1      21  -10.352545350    0.000000000
       1      22  -10.352545350   -0.000000000
       1      23  -10.009839890    0.000000000
       1      24  -10.009839890   -0.000000000
       1      25   -9.088732909    0.000000000
       1      26   -9.088732909   -0.000000000
       1      27   -9.302430427   -0.000000000
       1      28   -9.302430427   -0.000000000
       1      29   -9.858564214    0.000000000
       1      30   -9.858564214   -0.000000000
       1      31  -10.555424295    0.000000000
       1      32  -10.555424295    0.000000000
       1      33   -9.329020309   -0.000000000
       1      34   -9.329020309    0.000000000
       1      35   -9.422501067   -0.000000000
       1      36   -9.422501067   -0.000000000
       1      37   -9.293643208    0.000000000
       1      38   -9.293643208   -0.000000000
       1      39   -9.119050791   -0.000000000
       1      40   -9.119050791   -0.000000000
       1      41  -10.127163312    0.000000000
       1      42  -10.127163312    0.000000000
       1      43   -9.192107884    0.000000000
       1      44   -9.192107884   -0.000000000
       1      45   -8.886902035    0.000000000
       1      46   -8.886902035    0.000000000
       1      47   -8.341398239    0.000000000
       1      48   -8.341398239    0.000000000
       1      49   -9.836894349    0.000000000
       1      50   -9.836894349    0.000000000
       1      51   -9.204020884   -0.000000000
       1      52   -9.204020884    0.000000000
       1      53   -9.616304567    0.000000000
       1      54   -9.616304567    0.000000000
       1      55   -8.920846829    0.000000000
       1      56   -8.920846829    0.000000000
       1      57   -8.637625204    0.000000000
       1      58   -8.637625204    0.000000000
       1      59   -8.909723385    0.000000000
       1      60   -8.909723385    0.000000000
       1      61   -8.976341639   -0.000000000
       1      62   -8.976341639    0.000000000
       1      63   -9.039028826   -0.000000000
       1      64   -9.039028826    0.000000000
       1      65   -9.163016061    0.000000000
       1      66   -9.163016061    0.000000000
       1      67  -10.407720665    0.000000000
       1      68  -10.407720665    0.000000000
       1      69   -8.936794187    0.000000000
       1      70   -8.936794187   -0.000000000
       1      71   -9.440238303    0.000000000
       1      72   -9.440238303    0.000000000
       1      73   -9.366019908   -0.000000000
       1      74   -9.366019908   -0.000000000
       1      75   -8.732003035   -0.000000000
       1      76   -8.732003036   -0.000000000
       1      77   -9.798185821    0.000000000
       1      78   -9.798185822   -0.000000000
       1      79   -8.476873213    0.000000000
       1      80   -8.476873213    0.000000000
       1      81   -9.022369450   -0.000000000
       1      82   -9.022369450    0.000000000
       1      83   -9.568479142   -0.000000000
       1      84   -9.568479141   -0.000000000
       1      85   -8.888920966   -0.000000000
       1      86   -8.888920966   -0.000000000
       1      87   -8.827920370    0.000000000
       1      88   -8.827920370    0.000000000
       1      89   -9.218237761    0.000000000
       1      90   -9.218237761    0.000000000
       1      91   -9.851038869   -0.000000000
       1      92   -9.851038868    0.000000000
       1      93   -8.718689384   -0.000000000
       1      94   -8.718689382    0.000000000
       1      95   -9.482657124   -0.000000000
       1      96   -9.482657126   -0.000000000
       1      97   -8.971341182    0.000000000
       1      98   -8.971341183   -0.000000000
       1      99   -9.887503689    0.000000000
       1     100   -9.887503627    0.000000000
       1     101   -8.885490257   -0.000000000
       1     102   -8.885490481   -0.000000000
  0.000000000  0.250000000 -0.250000000     102       0
       1       1  -10.694706536    0.000000000
       1       2  -10.694706536   -0.000000000
       1       3  -10.898195249   -0.000000000
       1       4  -10.898195249   -0.000000000
       1       5  -10.045595812   -0.000000000
       1       6  -10.045595812   -0.000000000
       1       7  -10.967379680   -0.000000000
       1       8  -10.967379680   -0.000000000
       1       9   -9.563323532   -0.000000000
       1      10   -9.563323532    0.000000000
       1      11  -10.103889901   -0.000000000
       1      12  -10.103889901    0.000000000
       1      13  -10.215675633    0.000000000
       1      14  -10.215675633   -0.000000000
       1      15   -9.875207836   -0.000000000
       1      16   -9.875207836    0.000000000
       1      17   -9.550922167   -0.000000000
       1      18   -9.550922167    0.000000000
       1      19   -9.907634944   -0.000000000
       1      20   -9.907634944   -0.000000000
       1      21   -8.838362839   -0.000000000
       1      22   -8.838362839    0.000000000
       1      23  -10.616855735    0.000000000
       1      24  -10.616855735    0.000000000
       1      25   -8.361210936   -0.000000000
       1      26   -8.361210936   -0.000000000
       1      27   -8.796817193   -0.000000000
       1      28   -8.796817193    0.000000000
       1      29  -10.628401972    0.000000000
       1      30  -10.628401972    0.000000000
       1      31  -10.390685761   -0.000000000
       1      32  -10.390685761    0.000000000
       1      33  -10.533167670    0.000000000
       1      34  -10.533167671   -0.000000000
       1      35  -10.737545699   -0.000000000
       1      36  -10.737545699   -0.000000000
       1      37   -8.726576336    0.000000000
       1      38   -8.726576336   -0.000000000
       1      39   -9.539109993   -0.000000000
       1      40   -9.539109993   -0.000000000
       1      41   -7.371832225    0.000000000
       1      42   -7.371832225    0.000000000
       1      43   -9.953043774   -0.000000000
       1      44   -9.953043773   -0.000000000
       1      45   -9.383268948   -0.000000000
       1      46   -9.383268949    0.000000000
       1      47   -8.753071742   -0.000000000
       1      48   -8.753071743   -0.000000000
       1      49   -9.623037042   -0.000000000
       1      50   -9.623037041   -0.000000000
       1      51   -9.990504208   -0.000000000
       1      52   -9.990504208   -0.000000000
       1      53   -9.296717873    0.000000000
       1      54   -9.296717874   -0.000000000
       1      55   -8.790021637    0.000000000
       1      56   -8.790021637   -0.000000000
       1      57   -9.825339100    0.000000000
       1      58   -9.825339100    0.000000000
       1      59   -9.018140369    0.000000000
       1      60   -9.018140370    0.000000000
       1      61   -8.864220877    0.000000000
       1      62   -8.864220878    0.000000000
       1      63  -10.582025464    0.000000000
       1      64  -10.582025463    0.000000000
       1      65   -8.527371054    0.000000000
       1      66   -8.527371055    0.000000000
       1      67   -8.548958504    0.000000000
       1      68   -8.548958503   -0.000000000
       1      69   -8.902142146    0.000000000
       1      70   -8.902142146    0.000000000
       1      71  -10.315151049    0.000000000
       1      72  -10.315151049    0.000000000
       1      73   -8.040520616   -0.000000000
       1      74   -8.040520614   -0.000000000
       1      75   -9.834243869    0.000000000
       1      76   -9.834243869    0.000000000
       1      77   -8.861083763    0.000000000
       1      78   -8.861083765    0.000000000
       1      79   -9.411859230    0.000000000
       1      80   -9.411859229    0.000000000
       1      81   -9.327155734    0.000000000
       1      82   -9.327155734    0.000000000
       1      83   -8.688194311    0.000000000
       1      84   -8.688194311    0.000000000
       1      85   -8.855609589    0.000000000
       1      86   -8.855609589   -0.000000000
       1      87  -10.048840333    0.000000000
       1      88  -10.048840335    0.000000000
       1      89   -9.225208766    0.000000000
       1      90   -9.225208764    0.000000000
       1      91   -9.554505080    0.000000000
       1      92   -9.554505079    0.000000000
       1      93   -8.947476897    0.000000000
       1      94   -8.947476898   -0.000000000
       1      95   -8.146887876    0.000000000
       1      96   -8.146887884    0.000000000
       1      97   -9.105594385    0.000000000
       1      98   -9.105594387    0.000000000
       1      99   -8.939220358   -0.000000000
       1     100   -8.939220341   -0.000000000
       1     101   -9.619265773    0.000000000
       1     102   -9.619266438   -0.000000000
 -0.000000000 -0.500000000 -0.500000000     102       0
       1       1  -10.853957383   -0.000000000
       1       2  -10.853957383    0.000000000
       1       3  -10.853957383   -0.000000000
       1       4  -10.853957383    0.000000000
       1       5  -10.592186823    0.000000000
       1       6  -10.592186823   -0.000000000
       1       7  -10.592186823    0.000000000
       1       8  -10.592186823   -0.000000000
       1       9   -8.959245194   -0.000000000
       1      10   -8.959245194   -0.000000000
       1      11   -8.959245194   -0.000000000
       1      12   -8.959245194   -0.000000000
       1      13  -10.550819210    0.000000000
       1      14  -10.550819210    0.000000000
       1      15  -10.550819210    0.000000000
       1      16  -10.550819210   -0.000000000
       1      17  -10.567839111   -0.000000000
       1      18  -10.567839111    0.000000000
       1      19  -10.567839111    0.000000000
       1      20  -10.567839111    0.000000000
       1      21  -10.164033942    0.000000000
       1      22  -10.164033942    0.000000000
       1      23  -10.164033942    0.000000000
       1      24  -10.164033942    0.000000000
       1      25  -10.263868300    0.000000000
       1      26  -10.263868300   -0.000000000
       1      27  -10.263868300    0.000000000
       1      28  -10.263868300    0.000000000
       1      29   -9.018320649    0.000000000
       1      30   -9.018320649    0.000000000
       1      31   -9.018320649    0.000000000
       1      32   -9.018320649    0.000000000
       1      33   -8.053038967    0.000000000
       1      34   -8.053038967    0.000000000
       1      35   -8.053038967    0.000000000
       1      36   -8.053038967    0.000000000
       1      37   -9.176281518    0.000000000
       1      38   -9.176281518    0.000000000
       1      39   -9.176281518    0.000000000
       1      40   -9.176281518   -0.000000000
       1      41   -8.498107926   -0.000000000
       1      42   -8.498107926    0.000000000
       1      43   -8.498107926    0.000000000
       1      44   -8.498107926    0.000000000
       1      45  -10.736293121    0.000000000
       1      46  -10.736293121    0.000000000
       1      47  -10.736293121    0.000000000
       1      48  -10.736293121    0.000000000
       1      49  -10.659847573    0.000000000
       1      50  -10.659847573    0.000000000
       1      51  -10.659847573    0.000000000
       1      52  -10.659847573    0.000000000
       1      53   -8.734273699   -0.000000000
       1      54   -8.734273699    0.000000000
       1      55   -8.734273699   -0.000000000
       1      56   -8.734273699   -0.000000000
       1      57   -8.064677024   -0.000000000
       1      58   -8.064677024    0.000000000
       1      59   -8.064677024    0.000000000
       1      60   -8.064677024    0.000000000
       1      61   -9.365649184    0.000000000
       1      62   -9.365649184    0.000000000
       1      63   -9.365649184    0.000000000
       1      64   -9.365649184   -0.000000000
       1      65   -9.227790297    0.000000000
       1      66   -9.227790297    0.000000000
       1      67   -9.227790297    0.000000000
       1      68   -9.227790297    0.000000000
       1      69   -9.256999323   -0.000000000
       1      70   -9.256999323    0.000000000
       1      71   -9.256999323    0.000000000
       1      72   -9.256999323    0.000000000
       1      73   -9.079447694    0.000000000
       1      74   -9.079447694    0.000000000
       1      75   -9.079447694    0.000000000
       1      76   -9.079447694   -0.000000000
       1      77   -7.978290025    0.000000000
       1      78   -7.978290025    0.000000000
       1      79   -7.978290025    0.000000000
       1      80   -7.978290025    0.000000000
       1      81   -8.867456545    0.000000000
       1      82   -8.867456545    0.000000000
       1      83   -8.867456545    0.000000000
       1      84   -8.867456545    0.000000000
       1      85  -10.104756027    0.000000000
       1      86  -10.104756027    0.000000000
       1      87  -10.104756027    0.000000000
       1      88  -10.104756027   -0.000000000
       1      89  -10.613751488    0.000000000
       1      90  -10.613751488    0.000000000
       1      91  -10.613751488    0.000000000
       1      92  -10.613751488    0.000000000
       1      93   -8.573748222    0.000000000
       1      94   -8.573748222    0.000000000
       1      95   -8.573748222    0.000000000
       1      96   -8.573748221    0.000000000
       1      97  -10.270320445    0.000000000
       1      98  -10.270320419   -0.000000000
       1      99  -10.270320431   -0.000000000
       1     100  -10.270320453    0.000000000
       1     101   -9.463096528    0.000000000
       1     102   -9.463096179    0.000000000
  0.250000000 -0.500000000 -0.250000000     102       0
       1       1  -10.978977675   -0.000000000
       1       2  -10.978977675    0.000000000
       1       3  -10.978977675    0.000000000
       1       4  -10.978977675   -0.000000000
       1       5   -9.970014451    0.000000000
       1       6   -9.970014451   -0.000000000
       1       7   -9.970014451   -0.000000000
       1       8   -9.970014451    0.000000000
       1       9   -9.557229621    0.000000000
       1      10   -9.557229621    0.000000000
       1      11   -9.557229621    0.000000000
       1      12   -9.557229621   -0.000000000
       1      13  -10.034592193    0.000000000
       1      14  -10.034592193    0.000000000
       1      15  -10.034592193    0.000000000
       1      16  -10.034592193    0.000000000
       1      17  -10.609420998    0.000000000
       1      18  -10.609420999   -0.000000000
       1      19  -10.609420998    0.000000000
       1      20  -10.609420998   -0.000000000
       1      21  -10.323908053   -0.000000000
       1      22  -10.323908053    0.000000000
       1      23  -10.323908053    0.000000000
       1      24  -10.323908053   -0.000000000
       1      25   -8.652915618   -0.000000000
       1      26   -8.652915618    0.000000000
       1      27   -8.652915618    0.000000000
       1      28   -8.652915618    0.000000000
       1      29   -8.187876022    0.000000000
       1      30   -8.187876022    0.000000000
       1      31   -8.187876022   -0.000000000
       1      32   -8.187876022    0.000000000
       1      33  -10.812459601    0.000000000
       1      34  -10.812459601    0.000000000
       1      35  -10.812459601    0.000000000
       1      36  -10.812459601    0.000000000
       1      37  -10.949970922    0.000000000
       1      38  -10.949970923    0.000000000
       1      39  -10.949970922    0.000000000
       1      40  -10.949970923    0.000000000
       1      41   -9.126695741    0.000000000
       1      42   -9.126695740    0.000000000
       1      43   -9.126695741    0.000000000
       1      44   -9.126695740    0.000000000
       1      45   -8.483169728    0.000000000
       1      46   -8.483169728    0.000000000
       1      47   -8.483169729    0.000000000
       1      48   -8.483169728    0.000000000
       1      49   -8.669863441    0.000000000
       1      50   -8.669863440    0.000000000
       1      51   -8.669863440    0.000000000
       1      52   -8.669863441    0.000000000
       1      53   -8.815052898    0.000000000
       1      54   -8.815052897    0.000000000
       1      55   -8.815052897    0.000000000
       1      56   -8.815052898    0.000000000
       1      57   -9.726056241    0.000000000
       1      58   -9.726056244   -0.000000000
       1      59   -9.726056242    0.000000000
       1      60   -9.726056241    0.000000000
       1      61   -8.724719621    0.000000000
       1      62   -8.724719621    0.000000000
       1      63   -8.724719621   -0.000000000
       1      64   -8.724719621   -0.000000000
       1      65   -8.808506838    0.000000000
       1      66   -8.808506839    0.000000000
       1      67   -8.808506838    0.000000000
       1      68   -8.808506838    0.000000000
       1      69   -9.640188148    0.000000000
       1      70   -9.640188148    0.000000000
       1      71   -9.640188148    0.000000000
       1      72   -9.640188149    0.000000000
       1      73   -9.463460678   -0.000000000
       1      74   -9.463460679    0.000000000
       1      75   -9.463460678    0.000000000
       1      76   -9.463460678    0.000000000
       1      77   -9.660171447    0.000000000
       1      78   -9.660171446    0.000000000
       1      79   -9.660171447   -0.000000000
       1      80   -9.660171447    0.000000000
       1      81   -9.953461598    0.000000000
       1      82   -9.953461599    0.000000000
       1      83   -9.953461599    0.000000000
       1      84   -9.953461598    0.000000000
       1      85   -8.837271309    0.000000000
       1      86   -8.837271308    0.000000000
       1      87   -8.837271308    0.000000000
       1      88   -8.837271309    0.000000000
       1      89   -9.099445250    0.000000000
       1      90   -9.099445249    0.000000000
       1      91   -9.099445250    0.000000000
       1      92   -9.099445253    0.000000000
       1      93   -9.252606303    0.000000000
       1      94   -9.252606302    0.000000000
       1      95   -9.252606306   -0.000000000
       1      96   -9.252606303    0.000000000
       1      97   -9.043333833    0.000000000
       1      98   -9.043333911    0.000000000
       1      99   -9.043333808    0.000000000
       1     100   -9.043333683    0.000000000
       1     101   -9.185656820    0.000000000
       1     102   -9.185656898    0.000000000
