  0.000000000  0.000000000  0.000000000     202       0
       1       1    5.102714915   -0.000000000
       1       2    5.102714915   -0.000000000
       1       3   17.978739065    0.000000000
       1       4   17.978739065   -0.000000000
       1       5   17.978739065    0.000000000
       1       6   17.978739065   -0.000000000
       1       7   17.978739065   -0.000000000
       1       8   17.978739065   -0.000000000
       1       9   19.141379762    0.000000000
       1      10   19.141379762   -0.000000000
       1      11   19.141379762   -0.000000000
       1      12   19.141379762   -0.000000000
       1      13   19.141379762    0.000000000
       1      14   19.141379762   -0.000000000
       1      15   21.353864334    0.000000000
       1      16   21.353864334   -0.000000000
       1      17   24.239559496    0.000000000
       1      18   24.239559496   -0.000000000
       1      19   24.239559496    0.000000000
       1      20   24.239559496   -0.000000000
       1      21   22.163678851   -0.000000000
       1      22   22.163678851    0.000000000
       1      23   25.966266877    0.000000000
       1      24   25.966266877   -0.000000000
       1      25   25.966266877    0.000000000
       1      26   25.966266877    0.000000000
       1      27   25.966266877    0.000000000
       1      28   25.966266877   -0.000000000
       1      29   28.291725680   -0.000000000
       1      30   28.291725680   -0.000000000
       1      31   39.839968828    0.000000000
       1      32   39.839968828    0.000000000
       1      33   39.839968827   -0.000000000
       1      34   39.839968828   -0.000000000
       1      35   39.839968828   -0.000000000
       1      36   39.839968827    0.000000000
       1      37   41.709485503    0.000000000
       1      38   41.709485503    0.000000000
       1      39   41.709485503   -0.000000000
       1      40   41.709485503    0.000000000
       1      41   43.356206272   -0.000000000
       1      42   43.356206272   -0.000000000
       1      43   43.356206272   -0.000000000
       1      44   43.356206272   -0.000000000
       1      45   43.356206272   -0.000000000
       1      46   43.356206272   -0.000000000
       1      47   45.767139682    0.000000000
       1      48   45.767139682    0.000000000
       1      49   45.767139682   -0.000000000
       1      50   45.767139682    0.000000000
       1      51   45.767139682    0.000000000
       1      52   45.767139682   -0.000000000
       1      53   51.106672013   -0.000000000
       1      54   51.106672013   -0.000000000
       1      55   51.106672013    0.000000000
       1      56   51.106672012    0.000000000
       1      57   51.106672013   -0.000000000
       1      58   51.106672013    0.000000000
       1      59   54.414452698    0.000000000
       1      60   54.414452697    0.000000000
       1      61   54.414452698   -0.000000000
       1      62   54.414452698    0.000000000
       1      63   52.779036590    0.000000000
       1      64   52.779036590    0.000000000
       1      65   55.884350131   -0.000000000
       1      66   55.884350130    0.000000000
       1      67   55.884350131    0.000000000
       1      68   55.884350130   -0.000000000
       1      69   58.200924098   -0.000000000
       1      70   58.200924098    0.000000000
       1      71   58.200924098   -0.000000000
       1      72   58.200924098   -0.000000000
       1      73   58.200924098   -0.000000000
       1      74   58.200924098    0.000000000
       1      75   60.172864378    0.000000000
       1      76   60.172864378    0.000000000
       1      77   60.172864378    0.000000000
       1      78   60.172864378    0.000000000
       1      79   60.172864377   -0.000000000
       1      80   60.172864378   -0.000000000
       1      81   62.731915917   -0.000000000
       1      82   62.731915917    0.000000000
       1      83   61.068388457   -0.000000000
       1      84   61.068388457    0.000000000
       1      85   61.068388458   -0.000000000
       1      86   61.068388457    0.000000000
       1      87   61.068388457   -0.000000000
       1      88   61.068388457   -0.000000000
       1      89   60.502745990   -0.000000000
       1      90   60.502745990    0.000000000
       1      91   60.502745990   -0.000000000
       1      92   60.502745990   -0.000000000
       1      93   60.502745990   -0.000000000
       1      94   60.502745990    0.000000000
       1      95   61.635698928    0.000000000
       1      96   61.635698928   -0.000000000
       1      97   61.635698928    0.000000000
       1      98   61.635698928   -0.000000000
       1      99   61.635698928    0.000000000
       1     100   61.635698928   -0.000000000
       1     101   65.083754334    0.000000000
       1     102   65.083754335   -0.000000000
       1     103   66.296089489   -0.000000000
       1     104   66.296089488    0.000000000
       1     105   66.296089489    0.000000000
       1     106   66.296089488   -0.000000000
       1     107   66.296089488   -0.000000000
       1     108   66.296089489    0.000000000
       1     109   65.594215002    0.000000000
       1     110   65.594215002   -0.000000000
       1     111   65.594215003    0.000000000
       1     112   65.594215002   -0.000000000
       1     113   65.594215003   -0.000000000
       1     114   65.594215002    0.000000000
       1     115   71.184984891   -0.000000000
       1     116   71.184984891   -0.000000000
       1     117   74.572234357   -0.000000000
       1     118   74.572234356   -0.000000000
       1     119   80.655444150   -0.000000000
       1     120   80.655444151    0.000000000
       1     121   80.655444151    0.000000000
       1     122   80.655444149   -0.000000000
       1     123   86.097779141   -0.000000000
       1     124   86.097779141   -0.000000000
       1     125   86.097779141   -0.000000000
       1     126   86.097779142   -0.000000000
       1     127   86.097779143   -0.000000000
       1     128   86.097779140   -0.000000000
       1     129   87.043274918   -0.000000000
       1     130   87.043274925    0.000000000
       1     131   87.043274921    0.000000000
       1     132   87.043274920   -0.000000000
       1     133   88.001933119    0.000000000
       1     134   88.001933120    0.000000000
       1     135   88.001933122   -0.000000000
       1     136   88.001933121    0.000000000
       1     137   88.001933120   -0.000000000
       1     138   88.001933120    0.000000000
       1     139   87.271329066   -0.000000000
       1     140   87.271329069   -0.000000000
       1     141   87.271329068   -0.000000000
       1     142   87.271329068   -0.000000000
       1     143   87.271329068    0.000000000
       1     144   87.271329067   -0.000000000
       1     145   88.627598253   -0.000000000
       1     146   88.627598255    0.000000000
       1     147   96.411285303   -0.000000000
       1     148   96.411285302   -0.000000000
       1     149   96.411285303   -0.000000000
       1     150   96.411285304   -0.000000000
       1     151   96.411285303   -0.000000000
       1     152   96.411285303    0.000000000
       1     153   98.562510347   -0.000000000
       1     154   98.562510350    0.000000000
       1     155   98.562510349   -0.000000000
       1     156   98.562510349   -0.000000000
       1     157   99.908964790    0.000000000
       1     158   99.908964790    0.000000000
       1     159   99.908964790    0.000000000
       1     160   99.908964789   -0.000000000
       1     161   99.908964791    0.000000000
       1     162   99.908964790   -0.000000000
       1     163  101.681337048    0.000000000
       1     164  101.681337050    0.000000000
       1     165  101.681337048   -0.000000000
       1     166  101.681337049   -0.000000000
       1     167  101.681337048   -0.000000000
       1     168  101.681337049   -0.000000000
       1     169  101.830201280    0.000000000
       1     170  101.830201280    0.000000000
       1     171  101.830201280    0.000000000
       1     172  101.830201281   -0.000000000
       1     173  101.830201281    0.000000000
       1     174  101.830201281   -0.000000000
       1     175  102.610834161   -0.000000000
       1     176  102.610834162   -0.000000000
       1     177  102.610834162    0.000000000
       1     178  102.610834161    0.000000000
       1     179  102.720082500   -0.000000000
       1     180  102.720082500    0.000000000
       1     181  104.516838570   -0.000000000
       1     182  104.516838570   -0.000000000
       1     183  104.516838568    0.000000000
       1     184  104.516838571    0.000000000
       1     185  104.516838569    0.000000000
       1     186  104.516838569    0.000000000
       1     187  106.127701302    0.000000000
       1     188  106.127701303    0.000000000
       1     189  106.127701302   -0.000000000
       1     190  106.127701303   -0.000000000
       1     191  106.127701303   -0.000000000
       1     192  106.127701303   -0.000000000
       1     193  107.097404179   -0.000000000
       1     194  107.097404180   -0.000000000
       1     195  107.097404181   -0.000000000
       1     196  107.097404182    0.000000000
       1     197  107.097404183    0.000000000
       1     198  107.097404180    0.000000000
       1     199  106.638287023   -0.000000000
       1     200  106.638287010   -0.000000000
       1     201  106.638287013   -0.000000000
       1     202  106.638287008   -0.000000000
 -0.000000000 -0.000000000  0.250000000     202       0
       1       1    5.991541355    0.000000000
       1       2    5.991541355    0.000000000
       1       3   13.365523024    0.000000000
       1       4   13.365523024    0.000000000
       1       5   16.954671266    0.000000000
       1       6   16.954671266    0.000000000
       1       7   16.954671266   -0.000000000
       1       8   16.954671266    0.000000000
       1       9   18.838496689   -0.000000000
       1      10   18.838496689   -0.000000000
       1      11   20.130757728    0.000000000
       1      12   20.130757728   -0.000000000
       1      13   20.130757728    0.000000000
       1      14   20.130757728    0.000000000
       1      15   24.204772451   -0.000000000
       1      16   24.204772451    0.000000000
       1      17   23.287017235   -0.000000000
       1      18   23.287017235   -0.000000000
       1      19   23.287017235    0.000000000
       1      20   23.287017235   -0.000000000
       1      21   23.314705717   -0.000000000
       1      22   23.314705717    0.000000000
       1      23   27.022067605    0.000000000
       1      24   27.022067605   -0.000000000
       1      25   30.632766390    0.000000000
       1      26   30.632766390    0.000000000
       1      27   30.632766390   -0.000000000
       1      28   30.632766390    0.000000000
       1      29   34.096219897   -0.000000000
       1      30   34.096219897    0.000000000
       1      31   34.096219897    0.000000000
       1      32   34.096219897    0.000000000
       1      33   34.367762041   -0.000000000
       1      34   34.367762041    0.000000000
       1      35   34.183099560   -0.000000000
       1      36   34.183099560    0.000000000
       1      37   41.291184025    0.000000000
       1      38   41.291184025    0.000000000
       1      39   41.291184025   -0.000000000
       1      40   41.291184025    0.000000000
       1      41   44.294080090    0.000000000
       1      42   44.294080090    0.000000000
       1      43   44.294080090   -0.000000000
       1      44   44.294080090   -0.000000000
       1      45   45.219403262    0.000000000
       1      46   45.219403262    0.000000000
       1      47   45.255152010    0.000000000
       1      48   45.255152010   -0.000000000
       1      49   46.625732527   -0.000000000
       1      50   46.625732527   -0.000000000
       1      51   47.599958473   -0.000000000
       1      52   47.599958473    0.000000000
       1      53   47.599958473    0.000000000
       1      54   47.599958473    0.000000000
       1      55   49.296532475   -0.000000000
       1      56   49.296532475    0.000000000
       1      57   49.296532475    0.000000000
       1      58   49.296532475   -0.000000000
       1      59   50.640637487    0.000000000
       1      60   50.640637487    0.000000000
       1      61   50.640637487    0.000000000
       1      62   50.640637487    0.000000000
       1      63   54.547230025    0.000000000
       1      64   54.547230025    0.000000000
       1      65   54.547230025   -0.000000000
       1      66   54.547230025   -0.000000000
       1      67   52.951418533    0.000000000
       1      68   52.951418533   -0.000000000
       1      69   53.777542347   -0.000000000
       1      70   53.777542347   -0.000000000
       1      71   54.805778495   -0.000000000
       1      72   54.805778495   -0.000000000
       1      73   56.535989603   -0.000000000
       1      74   56.535989603   -0.000000000
       1      75   56.535989603    0.000000000
       1      76   56.535989603    0.000000000
       1      77   59.336835119   -0.000000000
       1      78   59.336835119    0.000000000
       1      79   59.777787568    0.000000000
       1      80   59.777787568    0.000000000
       1      81   59.777787567   -0.000000000
       1      82   59.777787568    0.000000000
       1      83   60.489827134   -0.000000000
       1      84   60.489827134    0.000000000
       1      85   61.074028438   -0.000000000
       1      86   61.074028438    0.000000000
       1      87   62.665607548    0.000000000
       1      88   62.665607548   -0.000000000
       1      89   62.665607548   -0.000000000
       1      90   62.665607548    0.000000000
       1      91   64.230637352    0.000000000
       1      92   64.230637352    0.000000000
       1      93   64.230637352    0.000000000
       1      94   64.230637352    0.000000000
       1      95   65.990531616   -0.000000000
       1      96   65.990531616    0.000000000
       1      97   66.856618402   -0.000000000
       1      98   66.856618402    0.000000000
       1      99   66.856618402   -0.000000000
       1     100   66.856618402    0.000000000
       1     101   68.507223656   -0.000000000
       1     102   68.507223656    0.000000000
       1     103   69.892962391   -0.000000000
       1     104   69.892962391   -0.000000000
       1     105   72.068473424    0.000000000
       1     106   72.068473424    0.000000000
       1     107   72.068473424   -0.000000000
       1     108   72.068473424   -0.000000000
       1     109   72.399450623   -0.000000000
       1     110   72.399450623    0.000000000
       1     111   72.399450623    0.000000000
       1     112   72.399450623   -0.000000000
       1     113   73.409169447    0.000000000
       1     114   73.409169447    0.000000000
       1     115   75.176318510    0.000000000
       1     116   75.176318511    0.000000000
       1     117   75.176318511   -0.000000000
       1     118   75.176318511    0.000000000
       1     119   76.588527409    0.000000000
       1     120   76.588527408   -0.000000000
       1     121   78.062809677   -0.000000000
       1     122   78.062809677   -0.000000000
       1     123   80.008220086   -0.000000000
       1     124   80.008220086   -0.000000000
       1     125   80.008220087    0.000000000
       1     126   80.008220086    0.000000000
       1     127   80.823407663    0.000000000
       1     128   80.823407663    0.000000000
       1     129   82.764259164   -0.000000000
       1     130   82.764259164   -0.000000000
       1     131   82.764259165   -0.000000000
       1     132   82.764259165    0.000000000
       1     133   82.747123961   -0.000000000
       1     134   82.747123961   -0.000000000
       1     135   85.800619382    0.000000000
       1     136   85.800619381   -0.000000000
       1     137   85.800619383    0.000000000
       1     138   85.800619382    0.000000000
       1     139   88.209635563   -0.000000000
       1     140   88.209635564   -0.000000000
       1     141   90.915758673   -0.000000000
       1     142   90.915758672   -0.000000000
       1     143   90.915758673    0.000000000
       1     144   90.915758672    0.000000000
       1     145   92.413233805   -0.000000000
       1     146   92.413233804    0.000000000
       1     147   92.413233803   -0.000000000
       1     148   92.413233804   -0.000000000
       1     149   92.529874500   -0.000000000
       1     150   92.529874498    0.000000000
       1     151   91.843136128   -0.000000000
       1     152   91.843136129    0.000000000
       1     153   93.246357763    0.000000000
       1     154   93.246357765    0.000000000
       1     155   93.246357764    0.000000000
       1     156   93.246357765   -0.000000000
       1     157   96.187602003   -0.000000000
       1     158   96.187602003    0.000000000
       1     159   94.819841560    0.000000000
       1     160   94.819841562   -0.000000000
       1     161   95.571727892   -0.000000000
       1     162   95.571727892    0.000000000
       1     163   95.571727892    0.000000000
       1     164   95.571727893   -0.000000000
       1     165   98.720354911   -0.000000000
       1     166   98.720354912    0.000000000
       1     167   98.720354911   -0.000000000
       1     168   98.720354911   -0.000000000
       1     169   98.814042814    0.000000000
       1     170   98.814042816    0.000000000
       1     171  100.989829145    0.000000000
       1     172  100.989829145   -0.000000000
       1     173  100.989829146   -0.000000000
       1     174  100.989829145    0.000000000
       1     175  101.218739119   -0.000000000
       1     176  101.218739120    0.000000000
       1     177  102.101614569    0.000000000
       1     178  102.101614570    0.000000000
       1     179  102.101614568   -0.000000000
       1     180  102.101614569    0.000000000
       1     181  102.482568760   -0.000000000
       1     182  102.482568761    0.000000000
       1     183  105.636560615    0.000000000
       1     184  105.636560614   -0.000000000
       1     185  104.956295625    0.000000000
       1     186  104.956295625    0.000000000
       1     187  104.956295624   -0.000000000
       1     188  104.956295626    0.000000000
       1     189  106.003239302   -0.000000000
       1     190  106.003239301   -0.000000000
       1     191  106.003239300    0.000000000
       1     192  106.003239301    0.000000000
       1     193  105.375222231   -0.000000000
       1     194  105.375222229    0.000000000
       1     195  107.965072303   -0.000000000
       1     196  107.965072300   -0.000000000
       1     197  108.902017955    0.000000000
       1     198  108.902017953    0.000000000
       1     199  108.902017950   -0.000000000
       1     200  108.902017953   -0.000000000
       1     201  109.306654645   -0.000000000
       1     202  109.306654641   -0.000000000
  0.000000000  0.000000000 -0.500000000     202       0
       1       1    7.884678137   -0.000000000
       1       2    7.884678137   -0.000000000
       1       3    9.791042912    0.000000000
       1       4    9.791042912    0.000000000
       1       5   16.484660416   -0.000000000
       1       6   16.484660416    0.000000000
       1       7   16.484660416   -0.000000000
       1       8   16.484660416   -0.000000000
       1       9   18.352428818   -0.000000000
       1      10   18.352428818    0.000000000
       1      11   19.478486052    0.000000000
       1      12   19.478486052    0.000000000
       1      13   19.478486052    0.000000000
       1      14   19.478486052    0.000000000
       1      15   21.840170039    0.000000000
       1      16   21.840170039    0.000000000
       1      17   27.290552680   -0.000000000
       1      18   27.290552680    0.000000000
       1      19   27.290552680    0.000000000
       1      20   27.290552680    0.000000000
       1      21   27.955694819    0.000000000
       1      22   27.955694819   -0.000000000
       1      23   27.955694819    0.000000000
       1      24   27.955694819   -0.000000000
       1      25   27.841351556   -0.000000000
       1      26   27.841351556    0.000000000
       1      27   30.282077402   -0.000000000
       1      28   30.282077402    0.000000000
       1      29   36.015486225   -0.000000000
       1      30   36.015486225   -0.000000000
       1      31   35.816471947   -0.000000000
       1      32   35.816471947   -0.000000000
       1      33   37.062400288    0.000000000
       1      34   37.062400288    0.000000000
       1      35   37.062400288   -0.000000000
       1      36   37.062400288   -0.000000000
       1      37   38.705531268    0.000000000
       1      38   38.705531268   -0.000000000
       1      39   38.705531268    0.000000000
       1      40   38.705531268    0.000000000
       1      41   40.355919647   -0.000000000
       1      42   40.355919647   -0.000000000
       1      43   42.678128234    0.000000000
       1      44   42.678128234    0.000000000
       1      45   42.678128234    0.000000000
       1      46   42.678128234   -0.000000000
       1      47   45.226614869   -0.000000000
       1      48   45.226614869    0.000000000
       1      49   45.226614869   -0.000000000
       1      50   45.226614869    0.000000000
       1      51   41.974930608    0.000000000
       1      52   41.974930608    0.000000000
       1      53   48.125888603   -0.000000000
       1      54   48.125888603    0.000000000
       1      55   47.711299789    0.000000000
       1      56   47.711299789    0.000000000
       1      57   47.711299789    0.000000000
       1      58   47.711299789    0.000000000
       1      59   48.625486915   -0.000000000
       1      60   48.625486915   -0.000000000
       1      61   48.625486915   -0.000000000
       1      62   48.625486915   -0.000000000
       1      63   49.948680636   -0.000000000
       1      64   49.948680636    0.000000000
       1      65   51.403156625   -0.000000000
       1      66   51.403156625    0.000000000
       1      67   51.854436134    0.000000000
       1      68   51.854436134    0.000000000
       1      69   55.807863713   -0.000000000
       1      70   55.807863713   -0.000000000
       1      71   55.807863713    0.000000000
       1      72   55.807863713   -0.000000000
       1      73   58.890893180    0.000000000
       1      74   58.890893180   -0.000000000
       1      75   58.890893180    0.000000000
       1      76   58.890893180    0.000000000
       1      77   58.566270366    0.000000000
       1      78   58.566270366   -0.000000000
       1      79   60.154952999    0.000000000
       1      80   60.154952999    0.000000000
       1      81   63.530957038   -0.000000000
       1      82   63.530957039    0.000000000
       1      83   63.530957038   -0.000000000
       1      84   63.530957039    0.000000000
       1      85   63.942928001    0.000000000
       1      86   63.942928001    0.000000000
       1      87   63.942928001    0.000000000
       1      88   63.942928001   -0.000000000
       1      89   65.605999251   -0.000000000
       1      90   65.605999251   -0.000000000
       1      91   67.728669164   -0.000000000
       1      92   67.728669163   -0.000000000
       1      93   67.728669163   -0.000000000
       1      94   67.728669164   -0.000000000
       1      95   69.149060039    0.000000000
       1      96   69.149060039   -0.000000000
       1      97   69.526391068   -0.000000000
       1      98   69.526391068    0.000000000
       1      99   69.526391068   -0.000000000
       1     100   69.526391068    0.000000000
       1     101   69.014768812   -0.000000000
       1     102   69.014768812    0.000000000
       1     103   71.284958533   -0.000000000
       1     104   71.284958533   -0.000000000
       1     105   71.284958533   -0.000000000
       1     106   71.284958534   -0.000000000
       1     107   76.178458715   -0.000000000
       1     108   76.178458715    0.000000000
       1     109   76.178458715    0.000000000
       1     110   76.178458715    0.000000000
       1     111   75.155029644    0.000000000
       1     112   75.155029644    0.000000000
       1     113   75.155029644    0.000000000
       1     114   75.155029643    0.000000000
       1     115   75.836559104   -0.000000000
       1     116   75.836559104    0.000000000
       1     117   77.441345450    0.000000000
       1     118   77.441345450    0.000000000
       1     119   79.068189085   -0.000000000
       1     120   79.068189084    0.000000000
       1     121   78.706468092   -0.000000000
       1     122   78.706468092   -0.000000000
       1     123   78.706468093   -0.000000000
       1     124   78.706468092   -0.000000000
       1     125   80.169172098   -0.000000000
       1     126   80.169172099   -0.000000000
       1     127   80.510539703    0.000000000
       1     128   80.510539703    0.000000000
       1     129   80.337036235   -0.000000000
       1     130   80.337036235   -0.000000000
       1     131   80.337036237   -0.000000000
       1     132   80.337036236   -0.000000000
       1     133   82.980754875   -0.000000000
       1     134   82.980754876    0.000000000
       1     135   84.200344636    0.000000000
       1     136   84.200344636   -0.000000000
       1     137   82.064137440    0.000000000
       1     138   82.064137440    0.000000000
       1     139   82.064137440    0.000000000
       1     140   82.064137440    0.000000000
       1     141   85.382383596   -0.000000000
       1     142   85.382383597   -0.000000000
       1     143   85.948644291   -0.000000000
       1     144   85.948644291    0.000000000
       1     145   87.300148555    0.000000000
       1     146   87.300148555   -0.000000000
       1     147   87.300148554    0.000000000
       1     148   87.300148557   -0.000000000
       1     149   88.612307976   -0.000000000
       1     150   88.612307975   -0.000000000
       1     151   88.612307977   -0.000000000
       1     152   88.612307973   -0.000000000
       1     153   90.205925478    0.000000000
       1     154   90.205925479   -0.000000000
       1     155   90.205925480    0.000000000
       1     156   90.205925480    0.000000000
       1     157   93.075905648    0.000000000
       1     158   93.075905650    0.000000000
       1     159   93.075905651    0.000000000
       1     160   93.075905649   -0.000000000
       1     161   95.525598655   -0.000000000
       1     162   95.525598655    0.000000000
       1     163   95.964651126    0.000000000
       1     164   95.964651127   -0.000000000
       1     165   99.321608149    0.000000000
       1     166   99.321608148   -0.000000000
       1     167   99.321608147   -0.000000000
       1     168   99.321608148    0.000000000
       1     169   99.892207634    0.000000000
       1     170   99.892207636    0.000000000
       1     171  100.543738090   -0.000000000
       1     172  100.543738089    0.000000000
       1     173  100.543738089    0.000000000
       1     174  100.543738089    0.000000000
       1     175  101.281757289    0.000000000
       1     176  101.281757286    0.000000000
       1     177  101.281757287   -0.000000000
       1     178  101.281757287    0.000000000
       1     179  101.392957038   -0.000000000
       1     180  101.392957039   -0.000000000
       1     181  101.468497869   -0.000000000
       1     182  101.468497870    0.000000000
       1     183  104.489218350    0.000000000
       1     184  104.489218347   -0.000000000
       1     185  104.489218349    0.000000000
       1     186  104.489218351    0.000000000
       1     187  106.146020080   -0.000000000
       1     188  106.146020081    0.000000000
       1     189  106.146020080    0.000000000
       1     190  106.146020081    0.000000000
       1     191  106.613106203   -0.000000000
       1     192  106.613106202    0.000000000
       1     193  107.760420521   -0.000000000
       1     194  107.760420522   -0.000000000
       1     195  108.367484089    0.000000000
       1     196  108.367484089   -0.000000000
       1     197  109.588991851   -0.000000000
       1     198  109.588991854   -0.000000000
       1     199  108.982513745    0.000000000
       1     200  108.982513740   -0.000000000
       1     201  108.982513747    0.000000000
       1     202  108.982513747    0.000000000
  0.000000000  0.250000000  0.250000000     202       0
       1       1    6.292907471    0.000000000
       1       2    6.292907471   -0.000000000
       1       3   14.406694169   -0.000000000
       1       4   14.406694169   -0.000000000
       1       5   15.411975600    0.000000000
       1       6   15.411975600    0.000000000
       1       7   15.411975600    0.000000000
       1       8   15.411975600   -0.000000000
       1       9   17.002961695    0.000000000
       1      10   17.002961695   -0.000000000
       1      11   18.762386375    0.000000000
       1      12   18.762386375   -0.000000000
       1      13   23.000776420   -0.000000000
       1      14   23.000776420   -0.000000000
       1      15   23.000776420    0.000000000
       1      16   23.000776420   -0.000000000
       1      17   25.679021578   -0.000000000
       1      18   25.679021578    0.000000000
       1      19   25.480183373   -0.000000000
       1      20   25.480183373    0.000000000
       1      21   26.431529185   -0.000000000
       1      22   26.431529185   -0.000000000
       1      23   28.347599369    0.000000000
       1      24   28.347599369   -0.000000000
       1      25   28.347599369    0.000000000
       1      26   28.347599369   -0.000000000
       1      27   28.433731028   -0.000000000
       1      28   28.433731028   -0.000000000
       1      29   33.668577311   -0.000000000
       1      30   33.668577311    0.000000000
       1      31   33.668577311    0.000000000
       1      32   33.668577311   -0.000000000
       1      33   35.237226821    0.000000000
       1      34   35.237226821    0.000000000
       1      35   37.648161712    0.000000000
       1      36   37.648161712    0.000000000
       1      37   36.408708624    0.000000000
       1      38   36.408708624   -0.000000000
       1      39   40.549147427   -0.000000000
       1      40   40.549147427   -0.000000000
       1      41   43.355853533    0.000000000
       1      42   43.355853533   -0.000000000
       1      43   44.805320171   -0.000000000
       1      44   44.805320171    0.000000000
       1      45   44.805320171    0.000000000
       1      46   44.805320171   -0.000000000
       1      47   45.132197864   -0.000000000
       1      48   45.132197864    0.000000000
       1      49   45.132197864   -0.000000000
       1      50   45.132197864    0.000000000
       1      51   46.037287187    0.000000000
       1      52   46.037287187   -0.000000000
       1      53   45.922410249   -0.000000000
       1      54   45.922410249    0.000000000
       1      55   51.346629868    0.000000000
       1      56   51.346629868    0.000000000
       1      57   50.749785014   -0.000000000
       1      58   50.749785014   -0.000000000
       1      59   52.170651200    0.000000000
       1      60   52.170651200    0.000000000
       1      61   52.170651200    0.000000000
       1      62   52.170651200   -0.000000000
       1      63   52.857129504    0.000000000
       1      64   52.857129504   -0.000000000
       1      65   53.223187653   -0.000000000
       1      66   53.223187653   -0.000000000
       1      67   53.223187653    0.000000000
       1      68   53.223187653    0.000000000
       1      69   56.925124172   -0.000000000
       1      70   56.925124172    0.000000000
       1      71   56.634382697    0.000000000
       1      72   56.634382697   -0.000000000
       1      73   56.634382697    0.000000000
       1      74   56.634382697    0.000000000
       1      75   57.350978736   -0.000000000
       1      76   57.350978736    0.000000000
       1      77   56.308974823    0.000000000
       1      78   56.308974823    0.000000000
       1      79   58.656283643   -0.000000000
       1      80   58.656283643    0.000000000
       1      81   58.656283643   -0.000000000
       1      82   58.656283643    0.000000000
       1      83   58.743379410   -0.000000000
       1      84   58.743379410   -0.000000000
       1      85   62.133913379   -0.000000000
       1      86   62.133913379   -0.000000000
       1      87   62.884281212    0.000000000
       1      88   62.884281212   -0.000000000
       1      89   62.884281212    0.000000000
       1      90   62.884281212   -0.000000000
       1      91   64.941419954   -0.000000000
       1      92   64.941419954   -0.000000000
       1      93   63.970930302    0.000000000
       1      94   63.970930302    0.000000000
       1      95   65.889659488    0.000000000
       1      96   65.889659488   -0.000000000
       1      97   66.705173094   -0.000000000
       1      98   66.705173094    0.000000000
       1      99   66.705173094    0.000000000
       1     100   66.705173094    0.000000000
       1     101   66.938014343    0.000000000
       1     102   66.938014342   -0.000000000
       1     103   69.481666864   -0.000000000
       1     104   69.481666864    0.000000000
       1     105   72.430928582    0.000000000
       1     106   72.430928581    0.000000000
       1     107   72.819401530   -0.000000000
       1     108   72.819401530   -0.000000000
       1     109   72.819401530    0.000000000
       1     110   72.819401530    0.000000000
       1     111   75.982475928   -0.000000000
       1     112   75.982475927   -0.000000000
       1     113   79.413037450    0.000000000
       1     114   79.413037449   -0.000000000
       1     115   79.413037449    0.000000000
       1     116   79.413037450    0.000000000
       1     117   79.779324481   -0.000000000
       1     118   79.779324482    0.000000000
       1     119   78.515075852   -0.000000000
       1     120   78.515075851    0.000000000
       1     121   78.515075851    0.000000000
       1     122   78.515075852   -0.000000000
       1     123   78.867702548    0.000000000
       1     124   78.867702549    0.000000000
       1     125   77.732032800   -0.000000000
       1     126   77.732032799   -0.000000000
       1     127   80.963121898   -0.000000000
       1     128   80.963121898    0.000000000
       1     129   82.883157243   -0.000000000
       1     130   82.883157241    0.000000000
       1     131   83.060416902   -0.000000000
       1     132   83.060416903   -0.000000000
       1     133   83.060416903   -0.000000000
       1     134   83.060416903   -0.000000000
       1     135   85.598449668   -0.000000000
       1     136   85.598449667    0.000000000
       1     137   85.360815930   -0.000000000
       1     138   85.360815931   -0.000000000
       1     139   86.876798130   -0.000000000
       1     140   86.876798129   -0.000000000
       1     141   88.501118612   -0.000000000
       1     142   88.501118612    0.000000000
       1     143   87.150619332    0.000000000
       1     144   87.150619331    0.000000000
       1     145   87.150619332    0.000000000
       1     146   87.150619330   -0.000000000
       1     147   89.180678543    0.000000000
       1     148   89.180678539   -0.000000000
       1     149   89.180678540    0.000000000
       1     150   89.180678541    0.000000000
       1     151   89.953244454    0.000000000
       1     152   89.953244455    0.000000000
       1     153   91.607995897   -0.000000000
       1     154   91.607995897   -0.000000000
       1     155   92.524693683   -0.000000000
       1     156   92.524693679    0.000000000
       1     157   93.022512355    0.000000000
       1     158   93.022512354   -0.000000000
       1     159   95.656320145   -0.000000000
       1     160   95.656320145    0.000000000
       1     161   95.656320145    0.000000000
       1     162   95.656320145   -0.000000000
       1     163   96.555967984   -0.000000000
       1     164   96.555967985    0.000000000
       1     165   96.555967984   -0.000000000
       1     166   96.555967982    0.000000000
       1     167   98.529988363    0.000000000
       1     168   98.529988365   -0.000000000
       1     169   98.268827078    0.000000000
       1     170   98.268827080    0.000000000
       1     171   99.106064669   -0.000000000
       1     172   99.106064670    0.000000000
       1     173   99.106064667   -0.000000000
       1     174   99.106064669    0.000000000
       1     175  102.517314879    0.000000000
       1     176  102.517314880    0.000000000
       1     177  104.445955849   -0.000000000
       1     178  104.445955849   -0.000000000
       1     179  105.171191179   -0.000000000
       1     180  105.171191181   -0.000000000
       1     181  105.171191182    0.000000000
       1     182  105.171191180   -0.000000000
       1     183  104.752507712    0.000000000
       1     184  104.752507712   -0.000000000
       1     185  106.930383541    0.000000000
       1     186  106.930383540    0.000000000
       1     187  106.930383539    0.000000000
       1     188  106.930383541    0.000000000
       1     189  107.262011518    0.000000000
       1     190  107.262011518   -0.000000000
       1     191  106.619570308   -0.000000000
       1     192  106.619570308    0.000000000
       1     193  107.888616838   -0.000000000
       1     194  107.888616837   -0.000000000
       1     195  107.888616838    0.000000000
       1     196  107.888616839   -0.000000000
       1     197  107.336716543   -0.000000000
       1     198  107.336716544   -0.000000000
       1     199  108.585121378   -0.000000000
       1     200  108.585121375    0.000000000
       1     201  110.422542153    0.000000000
       1     202  110.422542146   -0.000000000
 -0.000000000  0.250000000 -0.500000000     202       0
       1       1    8.199187390    0.000000000
       1       2    8.199187390    0.000000000
       1       3   11.029887753   -0.000000000
       1       4   11.029887753    0.000000000
       1       5   13.218189128    0.000000000
       1       6   13.218189128   -0.000000000
       1       7   15.089417079    0.000000000
       1       8   15.089417079   -0.000000000
       1       9   17.222672782   -0.000000000
       1      10   17.222672782    0.000000000
       1      11   20.580280509   -0.000000000
       1      12   20.580280509    0.000000000
       1      13   22.876073864    0.000000000
       1      14   22.876073864    0.000000000
       1      15   22.575618862    0.000000000
       1      16   22.575618862   -0.000000000
       1      17   26.639592184    0.000000000
       1      18   26.639592184    0.000000000
       1      19   27.266430496   -0.000000000
       1      20   27.266430496    0.000000000
       1      21   29.104979292   -0.000000000
       1      22   29.104979292    0.000000000
       1      23   29.460139328    0.000000000
       1      24   29.460139328    0.000000000
       1      25   28.783855647    0.000000000
       1      26   28.783855647   -0.000000000
       1      27   32.792108408   -0.000000000
       1      28   32.792108408   -0.000000000
       1      29   34.198411353    0.000000000
       1      30   34.198411353   -0.000000000
       1      31   36.027558894   -0.000000000
       1      32   36.027558894    0.000000000
       1      33   35.210226100    0.000000000
       1      34   35.210226100    0.000000000
       1      35   35.754369027   -0.000000000
       1      36   35.754369027    0.000000000
       1      37   35.780040716    0.000000000
       1      38   35.780040716   -0.000000000
       1      39   38.590637401    0.000000000
       1      40   38.590637401   -0.000000000
       1      41   40.671260188    0.000000000
       1      42   40.671260189    0.000000000
       1      43   41.010996816    0.000000000
       1      44   41.010996816   -0.000000000
       1      45   41.072066097   -0.000000000
       1      46   41.072066097    0.000000000
       1      47   42.756662526    0.000000000
       1      48   42.756662526   -0.000000000
       1      49   45.577508489    0.000000000
       1      50   45.577508489    0.000000000
       1      51   45.124366145    0.000000000
       1      52   45.124366145    0.000000000
       1      53   45.669068193    0.000000000
       1      54   45.669068193    0.000000000
       1      55   46.685891006    0.000000000
       1      56   46.685891006   -0.000000000
       1      57   47.334502944    0.000000000
       1      58   47.334502944    0.000000000
       1      59   49.843001359   -0.000000000
       1      60   49.843001359   -0.000000000
       1      61   51.072995867    0.000000000
       1      62   51.072995867   -0.000000000
       1      63   51.766230494   -0.000000000
       1      64   51.766230494   -0.000000000
       1      65   52.964015927    0.000000000
       1      66   52.964015927    0.000000000
       1      67   54.248879245    0.000000000
       1      68   54.248879245    0.000000000
       1      69   54.176228781    0.000000000
       1      70   54.176228781   -0.000000000
       1      71   56.965042725    0.000000000
       1      72   56.965042725    0.000000000
       1      73   59.281735845    0.000000000
       1      74   59.281735845   -0.000000000
       1      75   59.370252853    0.000000000
       1      76   59.370252853    0.000000000
       1      77   61.072988757    0.000000000
       1      78   61.072988757    0.000000000
       1      79   60.110033626    0.000000000
       1      80   60.110033626    0.000000000
       1      81   60.849470660    0.000000000
       1      82   60.849470660    0.000000000
       1      83   61.990810894   -0.000000000
       1      84   61.990810894   -0.000000000
       1      85   62.092885823   -0.000000000
       1      86   62.092885823    0.000000000
       1      87   63.741721478   -0.000000000
       1      88   63.741721478   -0.000000000
       1      89   64.784151399   -0.000000000
       1      90   64.784151399    0.000000000
       1      91   66.631810612    0.000000000
       1      92   66.631810612   -0.000000000
       1      93   66.666738754    0.000000000
       1      94   66.666738754    0.000000000
       1      95   67.850117527   -0.000000000
       1      96   67.850117527    0.000000000
       1      97   68.581886184    0.000000000
       1      98   68.581886183   -0.000000000
       1      99   71.819203071    0.000000000
       1     100   71.819203071   -0.000000000
       1     101   71.125044457    0.000000000
       1     102   71.125044457   -0.000000000
       1     103   71.714201963    0.000000000
       1     104   71.714201963   -0.000000000
       1     105   72.278569967    0.000000000
       1     106   72.278569967    0.000000000
       1     107   75.047568021    0.000000000
       1     108   75.047568020    0.000000000
       1     109   75.113514060    0.000000000
       1     110   75.113514059    0.000000000
       1     111   76.841051488   -0.000000000
       1     112   76.841051486    0.000000000
       1     113   76.560205590   -0.000000000
       1     114   76.560205590    0.000000000
       1     115   76.608771585   -0.000000000
       1     116   76.608771585    0.000000000
       1     117   77.401186990   -0.000000000
       1     118   77.401186989    0.000000000
       1     119   78.926894784   -0.000000000
       1     120   78.926894784   -0.000000000
       1     121   78.498736954   -0.000000000
       1     122   78.498736955    0.000000000
       1     123   79.000855662   -0.000000000
       1     124   79.000855661    0.000000000
       1     125   79.694790673   -0.000000000
       1     126   79.694790672   -0.000000000
       1     127   81.606862694    0.000000000
       1     128   81.606862692    0.000000000
       1     129   82.166154229    0.000000000
       1     130   82.166154228    0.000000000
       1     131   82.031524224   -0.000000000
       1     132   82.031524224    0.000000000
       1     133   82.313108386   -0.000000000
       1     134   82.313108387   -0.000000000
       1     135   83.802622870    0.000000000
       1     136   83.802622870    0.000000000
       1     137   84.407758179    0.000000000
       1     138   84.407758178    0.000000000
       1     139   85.063840062   -0.000000000
       1     140   85.063840062   -0.000000000
       1     141   86.080052957   -0.000000000
       1     142   86.080052956    0.000000000
       1     143   86.476914301    0.000000000
       1     144   86.476914301    0.000000000
       1     145   88.424444646   -0.000000000
       1     146   88.424444647   -0.000000000
       1     147   87.727649098    0.000000000
       1     148   87.727649096   -0.000000000
       1     149   88.390337202   -0.000000000
       1     150   88.390337204    0.000000000
       1     151   89.864584119   -0.000000000
       1     152   89.864584118   -0.000000000
       1     153   90.391051197   -0.000000000
       1     154   90.391051199    0.000000000
       1     155   90.353511540    0.000000000
       1     156   90.353511538    0.000000000
       1     157   92.861906002    0.000000000
       1     158   92.861906005   -0.000000000
       1     159   93.244704555   -0.000000000
       1     160   93.244704555    0.000000000
       1     161   94.087911576    0.000000000
       1     162   94.087911577    0.000000000
       1     163   94.357251014   -0.000000000
       1     164   94.357251014   -0.000000000
       1     165   95.771148387   -0.000000000
       1     166   95.771148388   -0.000000000
       1     167   95.833148814   -0.000000000
       1     168   95.833148817    0.000000000
       1     169   96.681776283    0.000000000
       1     170   96.681776280    0.000000000
       1     171   98.145036051   -0.000000000
       1     172   98.145036051    0.000000000
       1     173   99.089272277   -0.000000000
       1     174   99.089272279    0.000000000
       1     175   99.470255052   -0.000000000
       1     176   99.470255052   -0.000000000
       1     177   99.660125181   -0.000000000
       1     178   99.660125181   -0.000000000
       1     179  100.291732576    0.000000000
       1     180  100.291732578   -0.000000000
       1     181  101.615963827   -0.000000000
       1     182  101.615963826    0.000000000
       1     183  102.778458963   -0.000000000
       1     184  102.778458964   -0.000000000
       1     185  104.297385748    0.000000000
       1     186  104.297385747   -0.000000000
       1     187  103.842500183   -0.000000000
       1     188  103.842500184   -0.000000000
       1     189  105.077501393    0.000000000
       1     190  105.077501393   -0.000000000
       1     191  105.789013711    0.000000000
       1     192  105.789013711   -0.000000000
       1     193  105.168881967    0.000000000
       1     194  105.168881967    0.000000000
       1     195  106.919592735    0.000000000
       1     196  106.919592737   -0.000000000
       1     197  107.789298747   -0.000000000
       1     198  107.789298744    0.000000000
       1     199  108.243940502    0.000000000
       1     200  108.243940511    0.000000000
       1     201  108.171654094   -0.000000000
       1     202  108.171654094    0.000000000
  0.000000000  0.250000000 -0.250000000     202       0
       1       1    7.411788732    0.000000000
       1       2    7.411788732    0.000000000
       1       3   12.088948860   -0.000000000
       1       4   12.088948860   -0.000000000
       1       5   12.808361911    0.000000000
       1       6   12.808361911   -0.000000000
       1       7   16.244994256    0.000000000
       1       8   16.244994256    0.000000000
       1       9   18.575343555    0.000000000
       1      10   18.575343555    0.000000000
       1      11   21.476156909    0.000000000
       1      12   21.476156909    0.000000000
       1      13   21.972495931    0.000000000
       1      14   21.972495931    0.000000000
       1      15   22.722638305    0.000000000
       1      16   22.722638305   -0.000000000
       1      17   22.428422942   -0.000000000
       1      18   22.428422942   -0.000000000
       1      19   26.200186348    0.000000000
       1      20   26.200186348   -0.000000000
       1      21   27.994140667   -0.000000000
       1      22   27.994140667   -0.000000000
       1      23   30.559637005   -0.000000000
       1      24   30.559637005    0.000000000
       1      25   28.298822982    0.000000000
       1      26   28.298822982   -0.000000000
       1      27   32.027260247   -0.000000000
       1      28   32.027260247    0.000000000
       1      29   34.333819782   -0.000000000
       1      30   34.333819782    0.000000000
       1      31   34.701439686   -0.000000000
       1      32   34.701439686    0.000000000
       1      33   35.990906821    0.000000000
       1      34   35.990906822   -0.000000000
       1      35   38.833817764   -0.000000000
       1      36   38.833817764    0.000000000
       1      37   36.851893495    0.000000000
       1      38   36.851893495   -0.000000000
       1      39   40.164754012    0.000000000
       1      40   40.164754012   -0.000000000
       1      41   38.655098060   -0.000000000
       1      42   38.655098060   -0.000000000
       1      43   41.917200507    0.000000000
       1      44   41.917200507   -0.000000000
       1      45   42.932054393    0.000000000
       1      46   42.932054393   -0.000000000
       1      47   42.381966054   -0.000000000
       1      48   42.381966054   -0.000000000
       1      49   44.153643741    0.000000000
       1      50   44.153643741    0.000000000
       1      51   46.029137034    0.000000000
       1      52   46.029137034   -0.000000000
       1      53   46.219606301   -0.000000000
       1      54   46.219606301   -0.000000000
       1      55   46.565610508   -0.000000000
       1      56   46.565610508    0.000000000
       1      57   50.649789486   -0.000000000
       1      58   50.649789486   -0.000000000
       1      59   49.871705523   -0.000000000
       1      60   49.871705523    0.000000000
       1      61   51.654828723   -0.000000000
       1      62   51.654828723    0.000000000
       1      63   54.208607557    0.000000000
       1      64   54.208607557   -0.000000000
       1      65   52.493675705    0.000000000
       1      66   52.493675705    0.000000000
       1      67   53.085616582   -0.000000000
       1      68   53.085616582    0.000000000
       1      69   54.067279318   -0.000000000
       1      70   54.067279318   -0.000000000
       1      71   55.383986049    0.000000000
       1      72   55.383986049    0.000000000
       1      73   53.257835262   -0.000000000
       1      74   53.257835262    0.000000000
       1      75   58.977022072    0.000000000
       1      76   58.977022072    0.000000000
       1      77   59.235230151   -0.000000000
       1      78   59.235230151    0.000000000
       1      79   61.185659737    0.000000000
       1      80   61.185659738    0.000000000
       1      81   62.502529499    0.000000000
       1      82   62.502529499    0.000000000
       1      83   61.929340392    0.000000000
       1      84   61.929340392    0.000000000
       1      85   64.407329222   -0.000000000
       1      86   64.407329222   -0.000000000
       1      87   65.786784800   -0.000000000
       1      88   65.786784800    0.000000000
       1      89   65.893953060   -0.000000000
       1      90   65.893953060    0.000000000
       1      91   66.421531584    0.000000000
       1      92   66.421531585    0.000000000
       1      93   65.903886967   -0.000000000
       1      94   65.903886966   -0.000000000
       1      95   66.622795749   -0.000000000
       1      96   66.622795749    0.000000000
       1      97   68.556926976    0.000000000
       1      98   68.556926976    0.000000000
       1      99   69.614568288    0.000000000
       1     100   69.614568288    0.000000000
       1     101   70.667572621   -0.000000000
       1     102   70.667572622    0.000000000
       1     103   70.941655655    0.000000000
       1     104   70.941655655   -0.000000000
       1     105   72.493977635   -0.000000000
       1     106   72.493977634    0.000000000
       1     107   72.862528702   -0.000000000
       1     108   72.862528702   -0.000000000
       1     109   72.500661500    0.000000000
       1     110   72.500661500    0.000000000
       1     111   74.545340263   -0.000000000
       1     112   74.545340263   -0.000000000
       1     113   76.094128488    0.000000000
       1     114   76.094128487   -0.000000000
       1     115   76.711847837   -0.000000000
       1     116   76.711847837    0.000000000
       1     117   76.281238149   -0.000000000
       1     118   76.281238149   -0.000000000
       1     119   78.118711764   -0.000000000
       1     120   78.118711764    0.000000000
       1     121   78.289185741    0.000000000
       1     122   78.289185742    0.000000000
       1     123   80.382096070   -0.000000000
       1     124   80.382096070    0.000000000
       1     125   80.992513062   -0.000000000
       1     126   80.992513062    0.000000000
       1     127   81.798604897   -0.000000000
       1     128   81.798604896   -0.000000000
       1     129   82.013621023    0.000000000
       1     130   82.013621023   -0.000000000
       1     131   82.496305602   -0.000000000
       1     132   82.496305603   -0.000000000
       1     133   81.489273555   -0.000000000
       1     134   81.489273555    0.000000000
       1     135   84.899205785    0.000000000
       1     136   84.899205781   -0.000000000
       1     137   85.294763243   -0.000000000
       1     138   85.294763244    0.000000000
       1     139   86.058859574   -0.000000000
       1     140   86.058859575   -0.000000000
       1     141   86.804779889    0.000000000
       1     142   86.804779889    0.000000000
       1     143   86.445108519    0.000000000
       1     144   86.445108520   -0.000000000
       1     145   88.153099505   -0.000000000
       1     146   88.153099505    0.000000000
       1     147   88.345686980    0.000000000
       1     148   88.345686981   -0.000000000
       1     149   89.190979692    0.000000000
       1     150   89.190979692   -0.000000000
       1     151   89.323835162   -0.000000000
       1     152   89.323835160   -0.000000000
       1     153   91.365589154    0.000000000
       1     154   91.365589153    0.000000000
       1     155   92.178808004    0.000000000
       1     156   92.178808003    0.000000000
       1     157   92.152811405   -0.000000000
       1     158   92.152811400    0.000000000
       1     159   93.208822209   -0.000000000
       1     160   93.208822212    0.000000000
       1     161   94.714050866    0.000000000
       1     162   94.714050867   -0.000000000
       1     163   95.170305592   -0.000000000
       1     164   95.170305593    0.000000000
       1     165   96.343989050   -0.000000000
       1     166   96.343989049   -0.000000000
       1     167   95.683920411    0.000000000
       1     168   95.683920414    0.000000000
       1     169   98.219624984    0.000000000
       1     170   98.219624982    0.000000000
       1     171   99.340847084   -0.000000000
       1     172   99.340847085   -0.000000000
       1     173   98.870685021    0.000000000
       1     174   98.870685020   -0.000000000
       1     175   98.756843018   -0.000000000
       1     176   98.756843018   -0.000000000
       1     177  101.802504393    0.000000000
       1     178  101.802504394    0.000000000
       1     179  101.188158008    0.000000000
       1     180  101.188158011   -0.000000000
       1     181  102.811899739   -0.000000000
       1     182  102.811899739    0.000000000
       1     183  102.782806498   -0.000000000
       1     184  102.782806502   -0.000000000
       1     185  103.234454721    0.000000000
       1     186  103.234454724    0.000000000
       1     187  104.464267559    0.000000000
       1     188  104.464267558   -0.000000000
       1     189  106.079886413    0.000000000
       1     190  106.079886414    0.000000000
       1     191  105.807751022   -0.000000000
       1     192  105.807751022   -0.000000000
       1     193  106.433035196    0.000000000
       1     194  106.433035197    0.000000000
       1     195  108.071779425   -0.000000000
       1     196  108.071779427    0.000000000
       1     197  107.499348801    0.000000000
       1     198  107.499348807   -0.000000000
       1     199  108.052409307    0.000000000
       1     200  108.052409306   -0.000000000
       1     201  109.310154101    0.000000000
       1     202  109.310154110    0.000000000
 -0.000000000 -0.500000000 -0.500000000     202       0
       1       1    9.700207680    0.000000000
       1       2    9.700207680    0.000000000
       1       3    9.700207680   -0.000000000
       1       4    9.700207680    0.000000000
       1       5   14.297975299   -0.000000000
       1       6   14.297975299   -0.000000000
       1       7   14.297975299   -0.000000000
       1       8   14.297975299   -0.000000000
       1       9   16.146079575   -0.000000000
       1      10   16.146079575   -0.000000000
       1      11   16.146079575    0.000000000
       1      12   16.146079575    0.000000000
       1      13   27.465546620    0.000000000
       1      14   27.465546620    0.000000000
       1      15   27.465546620   -0.000000000
       1      16   27.465546620    0.000000000
       1      17   28.106319139    0.000000000
       1      18   28.106319139   -0.000000000
       1      19   28.106319139   -0.000000000
       1      20   28.106319139    0.000000000
       1      21   29.182141163   -0.000000000
       1      22   29.182141163   -0.000000000
       1      23   29.182141163   -0.000000000
       1      24   29.182141163   -0.000000000
       1      25   30.242894858    0.000000000
       1      26   30.242894858    0.000000000
       1      27   30.242894858   -0.000000000
       1      28   30.242894858    0.000000000
       1      29   34.439068180   -0.000000000
       1      30   34.439068180   -0.000000000
       1      31   34.439068180   -0.000000000
       1      32   34.439068180    0.000000000
       1      33   34.289727749    0.000000000
       1      34   34.289727749   -0.000000000
       1      35   34.289727749   -0.000000000
       1      36   34.289727749   -0.000000000
       1      37   35.886549133   -0.000000000
       1      38   35.886549133   -0.000000000
       1      39   35.886549133    0.000000000
       1      40   35.886549133    0.000000000
       1      41   36.639273512   -0.000000000
       1      42   36.639273512    0.000000000
       1      43   36.639273512   -0.000000000
       1      44   36.639273512    0.000000000
       1      45   43.000348946   -0.000000000
       1      46   43.000348946    0.000000000
       1      47   43.000348947   -0.000000000
       1      48   43.000348946    0.000000000
       1      49   46.947631468    0.000000000
       1      50   46.947631468   -0.000000000
       1      51   46.947631468   -0.000000000
       1      52   46.947631468    0.000000000
       1      53   48.847670869   -0.000000000
       1      54   48.847670869   -0.000000000
       1      55   48.847670869    0.000000000
       1      56   48.847670869    0.000000000
       1      57   49.599003796   -0.000000000
       1      58   49.599003796    0.000000000
       1      59   49.599003796    0.000000000
       1      60   49.599003796    0.000000000
       1      61   51.728423918   -0.000000000
       1      62   51.728423918    0.000000000
       1      63   51.728423918   -0.000000000
       1      64   51.728423918   -0.000000000
       1      65   54.138816669   -0.000000000
       1      66   54.138816669   -0.000000000
       1      67   54.138816669   -0.000000000
       1      68   54.138816669   -0.000000000
       1      69   55.431036654    0.000000000
       1      70   55.431036654    0.000000000
       1      71   55.431036654   -0.000000000
       1      72   55.431036654   -0.000000000
       1      73   56.575276577   -0.000000000
       1      74   56.575276577   -0.000000000
       1      75   56.575276576   -0.000000000
       1      76   56.575276576   -0.000000000
       1      77   56.326407629    0.000000000
       1      78   56.326407629   -0.000000000
       1      79   56.326407629    0.000000000
       1      80   56.326407630    0.000000000
       1      81   60.175494613   -0.000000000
       1      82   60.175494613   -0.000000000
       1      83   60.175494613   -0.000000000
       1      84   60.175494613   -0.000000000
       1      85   65.608183190   -0.000000000
       1      86   65.608183190   -0.000000000
       1      87   65.608183189    0.000000000
       1      88   65.608183190   -0.000000000
       1      89   67.488218158   -0.000000000
       1      90   67.488218158   -0.000000000
       1      91   67.488218158   -0.000000000
       1      92   67.488218158   -0.000000000
       1      93   68.917380302    0.000000000
       1      94   68.917380302   -0.000000000
       1      95   68.917380302   -0.000000000
       1      96   68.917380302    0.000000000
       1      97   73.843866616   -0.000000000
       1      98   73.843866615   -0.000000000
       1      99   73.843866615    0.000000000
       1     100   73.843866616   -0.000000000
       1     101   73.259956744   -0.000000000
       1     102   73.259956744    0.000000000
       1     103   73.259956744    0.000000000
       1     104   73.259956744   -0.000000000
       1     105   73.078077981    0.000000000
       1     106   73.078077982    0.000000000
       1     107   73.078077982   -0.000000000
       1     108   73.078077982   -0.000000000
       1     109   74.562641117    0.000000000
       1     110   74.562641117   -0.000000000
       1     111   74.562641117    0.000000000
       1     112   74.562641117   -0.000000000
       1     113   75.853583186   -0.000000000
       1     114   75.853583186   -0.000000000
       1     115   75.853583186   -0.000000000
       1     116   75.853583186    0.000000000
       1     117   76.279786641   -0.000000000
       1     118   76.279786641    0.000000000
       1     119   76.279786641   -0.000000000
       1     120   76.279786641   -0.000000000
       1     121   76.942716592    0.000000000
       1     122   76.942716592    0.000000000
       1     123   76.942716592   -0.000000000
       1     124   76.942716592   -0.000000000
       1     125   79.553993823   -0.000000000
       1     126   79.553993823   -0.000000000
       1     127   79.553993823    0.000000000
       1     128   79.553993823    0.000000000
       1     129   84.315775905   -0.000000000
       1     130   84.315775906   -0.000000000
       1     131   84.315775906   -0.000000000
       1     132   84.315775907    0.000000000
       1     133   84.892606747   -0.000000000
       1     134   84.892606745   -0.000000000
       1     135   84.892606747    0.000000000
       1     136   84.892606747    0.000000000
       1     137   86.545927800   -0.000000000
       1     138   86.545927801    0.000000000
       1     139   86.545927801   -0.000000000
       1     140   86.545927801    0.000000000
       1     141   87.002104834    0.000000000
       1     142   87.002104832    0.000000000
       1     143   87.002104836   -0.000000000
       1     144   87.002104835   -0.000000000
       1     145   88.089577636    0.000000000
       1     146   88.089577637    0.000000000
       1     147   88.089577638    0.000000000
       1     148   88.089577638    0.000000000
       1     149   91.165019102    0.000000000
       1     150   91.165019101   -0.000000000
       1     151   91.165019102   -0.000000000
       1     152   91.165019100    0.000000000
       1     153   91.785800762    0.000000000
       1     154   91.785800764    0.000000000
       1     155   91.785800765   -0.000000000
       1     156   91.785800764   -0.000000000
       1     157   92.155678961    0.000000000
       1     158   92.155678961    0.000000000
       1     159   92.155678962   -0.000000000
       1     160   92.155678962    0.000000000
       1     161   93.680012726   -0.000000000
       1     162   93.680012727    0.000000000
       1     163   93.680012726   -0.000000000
       1     164   93.680012724   -0.000000000
       1     165   94.555585730   -0.000000000
       1     166   94.555585727   -0.000000000
       1     167   94.555585729    0.000000000
       1     168   94.555585729    0.000000000
       1     169   94.702606630    0.000000000
       1     170   94.702606627   -0.000000000
       1     171   94.702606627    0.000000000
       1     172   94.702606629   -0.000000000
       1     173   96.410833271    0.000000000
       1     174   96.410833269    0.000000000
       1     175   96.410833267    0.000000000
       1     176   96.410833270    0.000000000
       1     177   97.027719278    0.000000000
       1     178   97.027719281    0.000000000
       1     179   97.027719279   -0.000000000
       1     180   97.027719277    0.000000000
       1     181   97.465467200    0.000000000
       1     182   97.465467202    0.000000000
       1     183   97.465467201    0.000000000
       1     184   97.465467200    0.000000000
       1     185  104.539888737    0.000000000
       1     186  104.539888733    0.000000000
       1     187  104.539888734   -0.000000000
       1     188  104.539888739   -0.000000000
       1     189  105.836510568    0.000000000
       1     190  105.836510569   -0.000000000
       1     191  105.836510570   -0.000000000
       1     192  105.836510569   -0.000000000
       1     193  106.732206921    0.000000000
       1     194  106.732206924    0.000000000
       1     195  106.732206924   -0.000000000
       1     196  106.732206926    0.000000000
       1     197  109.217466275    0.000000000
       1     198  109.217466270    0.000000000
       1     199  109.217466270   -0.000000000
       1     200  109.217466271    0.000000000
       1     201  110.376464952   -0.000000000
       1     202  110.376464949    0.000000000
  0.250000000 -0.500000000 -0.250000000     202       0
       1       1   10.008091361    0.000000000
       1       2   10.008091361   -0.000000000
       1       3   10.008091361   -0.000000000
       1       4   10.008091361   -0.000000000
       1       5   12.614730352   -0.000000000
       1       6   12.614730352    0.000000000
       1       7   12.614730352    0.000000000
       1       8   12.614730352    0.000000000
       1       9   20.331218887   -0.000000000
       1      10   20.331218887   -0.000000000
       1      11   20.331218887   -0.000000000
       1      12   20.331218887    0.000000000
       1      13   21.682378046   -0.000000000
       1      14   21.682378046   -0.000000000
       1      15   21.682378046   -0.000000000
       1      16   21.682378046   -0.000000000
       1      17   27.889558646   -0.000000000
       1      18   27.889558646   -0.000000000
       1      19   27.889558646   -0.000000000
       1      20   27.889558646    0.000000000
       1      21   30.072429782    0.000000000
       1      22   30.072429782   -0.000000000
       1      23   30.072429782   -0.000000000
       1      24   30.072429782   -0.000000000
       1      25   31.591819246   -0.000000000
       1      26   31.591819246   -0.000000000
       1      27   31.591819246    0.000000000
       1      28   31.591819246   -0.000000000
       1      29   33.259468770    0.000000000
       1      30   33.259468770    0.000000000
       1      31   33.259468770   -0.000000000
       1      32   33.259468770    0.000000000
       1      33   36.608153615   -0.000000000
       1      34   36.608153615   -0.000000000
       1      35   36.608153615    0.000000000
       1      36   36.608153615   -0.000000000
       1      37   37.524395094    0.000000000
       1      38   37.524395094    0.000000000
       1      39   37.524395094   -0.000000000
       1      40   37.524395094   -0.000000000
       1      41   39.489910885    0.000000000
       1      42   39.489910885   -0.000000000
       1      43   39.489910885   -0.000000000
       1      44   39.489910885   -0.000000000
       1      45   42.402538747    0.000000000
       1      46   42.402538747    0.000000000
       1      47   42.402538747    0.000000000
       1      48   42.402538747    0.000000000
       1      49   42.828041588    0.000000000
       1      50   42.828041588    0.000000000
       1      51   42.828041588   -0.000000000
       1      52   42.828041588    0.000000000
       1      53   44.881437602    0.000000000
       1      54   44.881437602   -0.000000000
       1      55   44.881437602   -0.000000000
       1      56   44.881437602    0.000000000
       1      57   49.162556112    0.000000000
       1      58   49.162556112    0.000000000
       1      59   49.162556111   -0.000000000
       1      60   49.162556112    0.000000000
       1      61   52.115178074   -0.000000000
       1      62   52.115178074    0.000000000
       1      63   52.115178074    0.000000000
       1      64   52.115178074    0.000000000
       1      65   53.298924603    0.000000000
       1      66   53.298924603    0.000000000
       1      67   53.298924603    0.000000000
       1      68   53.298924603    0.000000000
       1      69   56.485237805    0.000000000
       1      70   56.485237805   -0.000000000
       1      71   56.485237805    0.000000000
       1      72   56.485237805   -0.000000000
       1      73   59.422982319    0.000000000
       1      74   59.422982320   -0.000000000
       1      75   59.422982320   -0.000000000
       1      76   59.422982319    0.000000000
       1      77   60.680096562   -0.000000000
       1      78   60.680096562   -0.000000000
       1      79   60.680096563    0.000000000
       1      80   60.680096562    0.000000000
       1      81   63.867719332   -0.000000000
       1      82   63.867719332    0.000000000
       1      83   63.867719332   -0.000000000
       1      84   63.867719333   -0.000000000
       1      85   64.124908325   -0.000000000
       1      86   64.124908324   -0.000000000
       1      87   64.124908324    0.000000000
       1      88   64.124908324   -0.000000000
       1      89   64.247726187    0.000000000
       1      90   64.247726186    0.000000000
       1      91   64.247726187    0.000000000
       1      92   64.247726187   -0.000000000
       1      93   67.768700895   -0.000000000
       1      94   67.768700895    0.000000000
       1      95   67.768700895    0.000000000
       1      96   67.768700895    0.000000000
       1      97   71.199929991   -0.000000000
       1      98   71.199929991    0.000000000
       1      99   71.199929991   -0.000000000
       1     100   71.199929991   -0.000000000
       1     101   71.890740334    0.000000000
       1     102   71.890740334    0.000000000
       1     103   71.890740334    0.000000000
       1     104   71.890740334    0.000000000
       1     105   71.960623053   -0.000000000
       1     106   71.960623053    0.000000000
       1     107   71.960623054   -0.000000000
       1     108   71.960623053   -0.000000000
       1     109   75.629284382    0.000000000
       1     110   75.629284383    0.000000000
       1     111   75.629284383    0.000000000
       1     112   75.629284382    0.000000000
       1     113   75.725768014    0.000000000
       1     114   75.725768014    0.000000000
       1     115   75.725768014    0.000000000
       1     116   75.725768014    0.000000000
       1     117   77.825063728    0.000000000
       1     118   77.825063728   -0.000000000
       1     119   77.825063727    0.000000000
       1     120   77.825063728    0.000000000
       1     121   78.581456761   -0.000000000
       1     122   78.581456761   -0.000000000
       1     123   78.581456761    0.000000000
       1     124   78.581456761   -0.000000000
       1     125   80.837064975   -0.000000000
       1     126   80.837064975   -0.000000000
       1     127   80.837064976   -0.000000000
       1     128   80.837064976    0.000000000
       1     129   82.480872515   -0.000000000
       1     130   82.480872515   -0.000000000
       1     131   82.480872516    0.000000000
       1     132   82.480872515    0.000000000
       1     133   83.568702234    0.000000000
       1     134   83.568702235   -0.000000000
       1     135   83.568702234    0.000000000
       1     136   83.568702234   -0.000000000
       1     137   85.294443340    0.000000000
       1     138   85.294443344    0.000000000
       1     139   85.294443343   -0.000000000
       1     140   85.294443343    0.000000000
       1     141   87.524816564    0.000000000
       1     142   87.524816565    0.000000000
       1     143   87.524816565    0.000000000
       1     144   87.524816565    0.000000000
       1     145   90.301046186    0.000000000
       1     146   90.301046184    0.000000000
       1     147   90.301046187   -0.000000000
       1     148   90.301046188    0.000000000
       1     149   90.165461779    0.000000000
       1     150   90.165461781   -0.000000000
       1     151   90.165461780   -0.000000000
       1     152   90.165461780   -0.000000000
       1     153   90.800098914    0.000000000
       1     154   90.800098917    0.000000000
       1     155   90.800098916    0.000000000
       1     156   90.800098916    0.000000000
       1     157   92.319692160   -0.000000000
       1     158   92.319692163   -0.000000000
       1     159   92.319692161   -0.000000000
       1     160   92.319692161    0.000000000
       1     161   93.113364617    0.000000000
       1     162   93.113364617   -0.000000000
       1     163   93.113364618    0.000000000
       1     164   93.113364617   -0.000000000
       1     165   95.650314329    0.000000000
       1     166   95.650314325   -0.000000000
       1     167   95.650314328   -0.000000000
       1     168   95.650314330    0.000000000
       1     169   96.521855847    0.000000000
       1     170   96.521855848   -0.000000000
       1     171   96.521855846   -0.000000000
       1     172   96.521855847   -0.000000000
       1     173   98.080441093    0.000000000
       1     174   98.080441095   -0.000000000
       1     175   98.080441093   -0.000000000
       1     176   98.080441091    0.000000000
       1     177   98.821520534    0.000000000
       1     178   98.821520535   -0.000000000
       1     179   98.821520535   -0.000000000
       1     180   98.821520533    0.000000000
       1     181  100.753723557    0.000000000
       1     182  100.753723558   -0.000000000
       1     183  100.753723557    0.000000000
       1     184  100.753723559   -0.000000000
       1     185  102.525530150    0.000000000
       1     186  102.525530149    0.000000000
       1     187  102.525530148   -0.000000000
       1     188  102.525530150   -0.000000000
       1     189  103.056020464    0.000000000
       1     190  103.056020465    0.000000000
       1     191  103.056020465    0.000000000
       1     192  103.056020466    0.000000000
       1     193  103.956681461   -0.000000000
       1     194  103.956681465   -0.000000000
       1     195  103.956681457   -0.000000000
       1     196  103.956681458   -0.000000000
       1     197  105.016235691    0.000000000
       1     198  105.016235698   -0.000000000
       1     199  105.016235674    0.000000000
       1     200  105.016235685    0.000000000
       1     201  108.572658346   -0.000000000
       1     202  108.572658346    0.000000000
