  0.000000000  0.000000000  0.000000000     202       0
       1       1  -10.465721945   -0.000000000
       1       2  -10.465721945    0.000000000
       1       3  -11.331626087    0.000000000
       1       4  -11.331626087   -0.000000000
       1       5  -11.331626087   -0.000000000
       1       6  -11.331626087    0.000000000
       1       7  -11.331626087   -0.000000000
       1       8  -11.331626087    0.000000000
       1       9  -10.023433321    0.000000000
       1      10  -10.023433321   -0.000000000
       1      11  -10.023433321   -0.000000000
       1      12  -10.023433321    0.000000000
       1      13  -10.023433321   -0.000000000
       1      14  -10.023433321    0.000000000
       1      15  -10.909356723   -0.000000000
       1      16  -10.909356723   -0.000000000
       1      17  -10.062882911   -0.000000000
       1      18  -10.062882911   -0.000000000
       1      19  -10.062882911   -0.000000000
       1      20  -10.062882911    0.000000000
       1      21   -7.661046487    0.000000000
       1      22   -7.661046487    0.000000000
       1      23   -8.300464047   -0.000000000
       1      24   -8.300464047   -0.000000000
       1      25   -8.300464047   -0.000000000
       1      26   -8.300464047   -0.000000000
       1      27   -8.300464047    0.000000000
       1      28   -8.300464047   -0.000000000
       1      29   -6.480002436   -0.000000000
       1      30   -6.480002436   -0.000000000
       1      31  -10.038149990   -0.000000000
       1      32  -10.038149990    0.000000000
       1      33  -10.038149991    0.000000000
       1      34  -10.038149991   -0.000000000
       1      35  -10.038149991    0.000000000
       1      36  -10.038149990   -0.000000000
       1      37  -10.767504474    0.000000000
       1      38  -10.767504474   -0.000000000
       1      39  -10.767504474    0.000000000
       1      40  -10.767504474    0.000000000
       1      41  -10.460516169    0.000000000
       1      42  -10.460516169    0.000000000
       1      43  -10.460516170   -0.000000000
       1      44  -10.460516169   -0.000000000
       1      45  -10.460516170   -0.000000000
       1      46  -10.460516170   -0.000000000
       1      47  -10.090887395   -0.000000000
       1      48  -10.090887395   -0.000000000
       1      49  -10.090887395   -0.000000000
       1      50  -10.090887395   -0.000000000
       1      51  -10.090887395   -0.000000000
       1      52  -10.090887395   -0.000000000
       1      53   -9.505925774    0.000000000
       1      54   -9.505925775    0.000000000
       1      55   -9.505925775   -0.000000000
       1      56   -9.505925775    0.000000000
       1      57   -9.505925775    0.000000000
       1      58   -9.505925775    0.000000000
       1      59   -9.147050735   -0.000000000
       1      60   -9.147050735   -0.000000000
       1      61   -9.147050735    0.000000000
       1      62   -9.147050735   -0.000000000
       1      63   -7.670672765   -0.000000000
       1      64   -7.670672765    0.000000000
       1      65   -8.901738370    0.000000000
       1      66   -8.901738370    0.000000000
       1      67   -8.901738370    0.000000000
       1      68   -8.901738370    0.000000000
       1      69   -8.912481148    0.000000000
       1      70   -8.912481149    0.000000000
       1      71   -8.912481148   -0.000000000
       1      72   -8.912481148    0.000000000
       1      73   -8.912481148   -0.000000000
       1      74   -8.912481148    0.000000000
       1      75   -9.518875552    0.000000000
       1      76   -9.518875553    0.000000000
       1      77   -9.518875552    0.000000000
       1      78   -9.518875552   -0.000000000
       1      79   -9.518875552    0.000000000
       1      80   -9.518875552   -0.000000000
       1      81  -11.064742141    0.000000000
       1      82  -11.064742141    0.000000000
       1      83   -9.602405669    0.000000000
       1      84   -9.602405668    0.000000000
       1      85   -9.602405669    0.000000000
       1      86   -9.602405668   -0.000000000
       1      87   -9.602405669    0.000000000
       1      88   -9.602405668   -0.000000000
       1      89   -8.832787708    0.000000000
       1      90   -8.832787708   -0.000000000
       1      91   -8.832787708    0.000000000
       1      92   -8.832787708    0.000000000
       1      93   -8.832787708    0.000000000
       1      94   -8.832787708    0.000000000
       1      95   -8.873605879    0.000000000
       1      96   -8.873605879   -0.000000000
       1      97   -8.873605879    0.000000000
       1      98   -8.873605879   -0.000000000
       1      99   -8.873605879   -0.000000000
       1     100   -8.873605879    0.000000000
       1     101   -8.063579022    0.000000000
       1     102   -8.063579023    0.000000000
       1     103   -8.235315185    0.000000000
       1     104   -8.235315184   -0.000000000
       1     105   -8.235315185   -0.000000000
       1     106   -8.235315185   -0.000000000
       1     107   -8.235315184   -0.000000000
       1     108   -8.235315185    0.000000000
       1     109   -7.297146844    0.000000000
       1     110   -7.297146844    0.000000000
       1     111   -7.297146844    0.000000000
       1     112   -7.297146844    0.000000000
       1     113   -7.297146844    0.000000000
       1     114   -7.297146844    0.000000000
       1     115   -7.357797801   -0.000000000
       1     116   -7.357797801    0.000000000
       1     117   -9.585320663   -0.000000000
       1     118   -9.585320663    0.000000000
       1     119   -8.311360985    0.000000000
       1     120   -8.311360984    0.000000000
       1     121   -8.311360986   -0.000000000
       1     122   -8.311360984    0.000000000
       1     123   -9.688857912    0.000000000
       1     124   -9.688857912    0.000000000
       1     125   -9.688857913    0.000000000
       1     126   -9.688857913    0.000000000
       1     127   -9.688857913    0.000000000
       1     128   -9.688857912    0.000000000
       1     129   -9.865270018    0.000000000
       1     130   -9.865270012    0.000000000
       1     131   -9.865270019   -0.000000000
       1     132   -9.865270017    0.000000000
       1     133   -9.898217463    0.000000000
       1     134   -9.898217462    0.000000000
       1     135   -9.898217461    0.000000000
       1     136   -9.898217462    0.000000000
       1     137   -9.898217463   -0.000000000
       1     138   -9.898217463    0.000000000
       1     139   -9.034443208    0.000000000
       1     140   -9.034443211    0.000000000
       1     141   -9.034443210    0.000000000
       1     142   -9.034443209    0.000000000
       1     143   -9.034443208    0.000000000
       1     144   -9.034443208   -0.000000000
       1     145   -9.386246659    0.000000000
       1     146   -9.386246660    0.000000000
       1     147  -11.122777940   -0.000000000
       1     148  -11.122777939    0.000000000
       1     149  -11.122777939    0.000000000
       1     150  -11.122777940    0.000000000
       1     151  -11.122777939    0.000000000
       1     152  -11.122777939    0.000000000
       1     153   -9.653303080    0.000000000
       1     154   -9.653303082    0.000000000
       1     155   -9.653303081    0.000000000
       1     156   -9.653303081    0.000000000
       1     157   -9.519816811    0.000000000
       1     158   -9.519816811    0.000000000
       1     159   -9.519816811    0.000000000
       1     160   -9.519816810    0.000000000
       1     161   -9.519816811    0.000000000
       1     162   -9.519816810   -0.000000000
       1     163  -10.097761719    0.000000000
       1     164  -10.097761719    0.000000000
       1     165  -10.097761718    0.000000000
       1     166  -10.097761719    0.000000000
       1     167  -10.097761719    0.000000000
       1     168  -10.097761718    0.000000000
       1     169   -8.937427873   -0.000000000
       1     170   -8.937427873    0.000000000
       1     171   -8.937427873    0.000000000
       1     172   -8.937427872    0.000000000
       1     173   -8.937427875    0.000000000
       1     174   -8.937427873    0.000000000
       1     175   -9.949794463    0.000000000
       1     176   -9.949794464   -0.000000000
       1     177   -9.949794464    0.000000000
       1     178   -9.949794463    0.000000000
       1     179   -8.843822127   -0.000000000
       1     180   -8.843822126    0.000000000
       1     181   -9.353378459   -0.000000000
       1     182   -9.353378459   -0.000000000
       1     183   -9.353378457    0.000000000
       1     184   -9.353378460    0.000000000
       1     185   -9.353378458    0.000000000
       1     186   -9.353378458    0.000000000
       1     187   -9.450020062    0.000000000
       1     188   -9.450020063    0.000000000
       1     189   -9.450020062    0.000000000
       1     190   -9.450020063   -0.000000000
       1     191   -9.450020063   -0.000000000
       1     192   -9.450020063    0.000000000
       1     193   -9.278471366    0.000000000
       1     194   -9.278471367    0.000000000
       1     195   -9.278471368   -0.000000000
       1     196   -9.278471369    0.000000000
       1     197   -9.278471370    0.000000000
       1     198   -9.278471368    0.000000000
       1     199   -7.773386193    0.000000000
       1     200   -7.773386184    0.000000000
       1     201   -7.773386186    0.000000000
       1     202   -7.773386181    0.000000000
 -0.000000000 -0.000000000  0.250000000     202       0
       1       1  -10.542546786    0.000000000
       1       2  -10.542546786   -0.000000000
       1       3  -10.664791403    0.000000000
       1       4  -10.664791403   -0.000000000
       1       5  -11.092890327    0.000000000
       1       6  -11.092890327   -0.000000000
       1       7  -11.092890327    0.000000000
       1       8  -11.092890327    0.000000000
       1       9  -10.088468016    0.000000000
       1      10  -10.088468017    0.000000000
       1      11  -10.067243449   -0.000000000
       1      12  -10.067243449   -0.000000000
       1      13  -10.067243449   -0.000000000
       1      14  -10.067243449    0.000000000
       1      15  -10.434305878   -0.000000000
       1      16  -10.434305878   -0.000000000
       1      17   -9.644980999    0.000000000
       1      18   -9.644980999    0.000000000
       1      19   -9.644980999    0.000000000
       1      20   -9.644980999    0.000000000
       1      21   -7.847124959   -0.000000000
       1      22   -7.847124959   -0.000000000
       1      23   -8.594292485    0.000000000
       1      24   -8.594292485   -0.000000000
       1      25   -9.453520467   -0.000000000
       1      26   -9.453520467    0.000000000
       1      27   -9.453520467    0.000000000
       1      28   -9.453520467   -0.000000000
       1      29   -9.663394061   -0.000000000
       1      30   -9.663394061   -0.000000000
       1      31   -9.663394061   -0.000000000
       1      32   -9.663394061    0.000000000
       1      33   -9.601026953    0.000000000
       1      34   -9.601026953    0.000000000
       1      35   -7.591366040   -0.000000000
       1      36   -7.591366040    0.000000000
       1      37  -10.512555594    0.000000000
       1      38  -10.512555594   -0.000000000
       1      39  -10.512555594   -0.000000000
       1      40  -10.512555593   -0.000000000
       1      41  -10.632859383   -0.000000000
       1      42  -10.632859383    0.000000000
       1      43  -10.632859383   -0.000000000
       1      44  -10.632859383   -0.000000000
       1      45  -10.506194472   -0.000000000
       1      46  -10.506194472   -0.000000000
       1      47   -8.994310835    0.000000000
       1      48   -8.994310835   -0.000000000
       1      49  -10.231047237    0.000000000
       1      50  -10.231047237   -0.000000000
       1      51   -9.210032282   -0.000000000
       1      52   -9.210032282    0.000000000
       1      53   -9.210032282   -0.000000000
       1      54   -9.210032282   -0.000000000
       1      55   -9.103359010    0.000000000
       1      56   -9.103359010   -0.000000000
       1      57   -9.103359010    0.000000000
       1      58   -9.103359010   -0.000000000
       1      59   -9.514800208   -0.000000000
       1      60   -9.514800208   -0.000000000
       1      61   -9.514800208    0.000000000
       1      62   -9.514800208   -0.000000000
       1      63   -9.774513301   -0.000000000
       1      64   -9.774513301    0.000000000
       1      65   -9.774513301   -0.000000000
       1      66   -9.774513300    0.000000000
       1      67   -8.046177857    0.000000000
       1      68   -8.046177856   -0.000000000
       1      69   -8.117511823   -0.000000000
       1      70   -8.117511823   -0.000000000
       1      71   -9.049348789    0.000000000
       1      72   -9.049348789   -0.000000000
       1      73   -8.691020215    0.000000000
       1      74   -8.691020215    0.000000000
       1      75   -8.691020215    0.000000000
       1      76   -8.691020215   -0.000000000
       1      77   -9.067041619    0.000000000
       1      78   -9.067041619    0.000000000
       1      79   -9.283358019    0.000000000
       1      80   -9.283358019    0.000000000
       1      81   -9.283358019   -0.000000000
       1      82   -9.283358019   -0.000000000
       1      83   -9.532471746   -0.000000000
       1      84   -9.532471746    0.000000000
       1      85   -9.420168256    0.000000000
       1      86   -9.420168256   -0.000000000
       1      87   -9.025771833    0.000000000
       1      88   -9.025771834    0.000000000
       1      89   -9.025771833    0.000000000
       1      90   -9.025771833    0.000000000
       1      91   -8.028011402    0.000000000
       1      92   -8.028011402    0.000000000
       1      93   -8.028011402    0.000000000
       1      94   -8.028011402    0.000000000
       1      95   -8.563128814    0.000000000
       1      96   -8.563128814   -0.000000000
       1      97   -9.388085936    0.000000000
       1      98   -9.388085935    0.000000000
       1      99   -9.388085935    0.000000000
       1     100   -9.388085935    0.000000000
       1     101   -9.077802807    0.000000000
       1     102   -9.077802807    0.000000000
       1     103   -9.297533270   -0.000000000
       1     104   -9.297533270    0.000000000
       1     105   -8.702248359   -0.000000000
       1     106   -8.702248359    0.000000000
       1     107   -8.702248359    0.000000000
       1     108   -8.702248360   -0.000000000
       1     109   -8.324060457    0.000000000
       1     110   -8.324060457    0.000000000
       1     111   -8.324060456   -0.000000000
       1     112   -8.324060456    0.000000000
       1     113   -8.451347857    0.000000000
       1     114   -8.451347857    0.000000000
       1     115   -8.623677216    0.000000000
       1     116   -8.623677216    0.000000000
       1     117   -8.623677217    0.000000000
       1     118   -8.623677216   -0.000000000
       1     119   -8.716457030    0.000000000
       1     120   -8.716457030    0.000000000
       1     121   -9.579448085   -0.000000000
       1     122   -9.579448084   -0.000000000
       1     123  -10.365451300    0.000000000
       1     124  -10.365451300    0.000000000
       1     125  -10.365451301    0.000000000
       1     126  -10.365451300    0.000000000
       1     127   -8.331910929   -0.000000000
       1     128   -8.331910928    0.000000000
       1     129   -9.479918318    0.000000000
       1     130   -9.479918319    0.000000000
       1     131   -9.479918319    0.000000000
       1     132   -9.479918319    0.000000000
       1     133   -9.398361335    0.000000000
       1     134   -9.398361336    0.000000000
       1     135   -9.596101555   -0.000000000
       1     136   -9.596101554    0.000000000
       1     137   -9.596101554    0.000000000
       1     138   -9.596101553    0.000000000
       1     139   -9.475911722    0.000000000
       1     140   -9.475911720    0.000000000
       1     141   -9.512101019    0.000000000
       1     142   -9.512101019    0.000000000
       1     143   -9.512101020    0.000000000
       1     144   -9.512101018    0.000000000
       1     145   -9.713940940    0.000000000
       1     146   -9.713940940    0.000000000
       1     147   -9.713940939    0.000000000
       1     148   -9.713940939   -0.000000000
       1     149   -9.872384669    0.000000000
       1     150   -9.872384668    0.000000000
       1     151   -8.766534971    0.000000000
       1     152   -8.766534972   -0.000000000
       1     153   -8.487540658    0.000000000
       1     154   -8.487540660    0.000000000
       1     155   -8.487540659   -0.000000000
       1     156   -8.487540659    0.000000000
       1     157  -10.498783407    0.000000000
       1     158  -10.498783407    0.000000000
       1     159   -8.183389782    0.000000000
       1     160   -8.183389785   -0.000000000
       1     161   -8.656271441    0.000000000
       1     162   -8.656271441    0.000000000
       1     163   -8.656271441   -0.000000000
       1     164   -8.656271442    0.000000000
       1     165   -9.423757561    0.000000000
       1     166   -9.423757562    0.000000000
       1     167   -9.423757561    0.000000000
       1     168   -9.423757562    0.000000000
       1     169   -9.045951462    0.000000000
       1     170   -9.045951463    0.000000000
       1     171   -9.257895656   -0.000000000
       1     172   -9.257895656    0.000000000
       1     173   -9.257895657    0.000000000
       1     174   -9.257895656    0.000000000
       1     175   -9.573386962   -0.000000000
       1     176   -9.573386962    0.000000000
       1     177   -9.499800244    0.000000000
       1     178   -9.499800245    0.000000000
       1     179   -9.499800243    0.000000000
       1     180   -9.499800243    0.000000000
       1     181   -8.902244940    0.000000000
       1     182   -8.902244940    0.000000000
       1     183   -9.303558927    0.000000000
       1     184   -9.303558928    0.000000000
       1     185   -8.944671262    0.000000000
       1     186   -8.944671262    0.000000000
       1     187   -8.944671262   -0.000000000
       1     188   -8.944671263    0.000000000
       1     189   -9.239909843    0.000000000
       1     190   -9.239909841    0.000000000
       1     191   -9.239909842   -0.000000000
       1     192   -9.239909843    0.000000000
       1     193   -8.787356336    0.000000000
       1     194   -8.787356334    0.000000000
       1     195   -9.070990483    0.000000000
       1     196   -9.070990480    0.000000000
       1     197   -9.956841998    0.000000000
       1     198   -9.956841994   -0.000000000
       1     199   -9.956841994    0.000000000
       1     200   -9.956841995    0.000000000
       1     201   -8.914889352    0.000000000
       1     202   -8.914889346    0.000000000
  0.000000000  0.000000000 -0.500000000     202       0
       1       1  -10.855687435    0.000000000
       1       2  -10.855687435    0.000000000
       1       3  -10.199062700   -0.000000000
       1       4  -10.199062700    0.000000000
       1       5  -11.065990498   -0.000000000
       1       6  -11.065990498    0.000000000
       1       7  -11.065990498    0.000000000
       1       8  -11.065990498    0.000000000
       1       9  -10.075172645   -0.000000000
       1      10  -10.075172645   -0.000000000
       1      11   -9.647448127    0.000000000
       1      12   -9.647448127    0.000000000
       1      13   -9.647448127   -0.000000000
       1      14   -9.647448127    0.000000000
       1      15   -7.700251556   -0.000000000
       1      16   -7.700251556   -0.000000000
       1      17  -10.228906825   -0.000000000
       1      18  -10.228906825    0.000000000
       1      19  -10.228906825    0.000000000
       1      20  -10.228906825    0.000000000
       1      21   -9.995841976   -0.000000000
       1      22   -9.995841976    0.000000000
       1      23   -9.995841976    0.000000000
       1      24   -9.995841976   -0.000000000
       1      25   -9.729734575    0.000000000
       1      26   -9.729734575    0.000000000
       1      27  -10.277366592    0.000000000
       1      28  -10.277366592    0.000000000
       1      29   -9.849123674   -0.000000000
       1      30   -9.849123674    0.000000000
       1      31   -9.232608007    0.000000000
       1      32   -9.232608007   -0.000000000
       1      33   -8.907266465    0.000000000
       1      34   -8.907266465    0.000000000
       1      35   -8.907266465    0.000000000
       1      36   -8.907266465   -0.000000000
       1      37  -10.185212802    0.000000000
       1      38  -10.185212802    0.000000000
       1      39  -10.185212802    0.000000000
       1      40  -10.185212802    0.000000000
       1      41   -8.060723826    0.000000000
       1      42   -8.060723826   -0.000000000
       1      43   -9.740934665    0.000000000
       1      44   -9.740934665   -0.000000000
       1      45   -9.740934665    0.000000000
       1      46   -9.740934665    0.000000000
       1      47  -10.753552204    0.000000000
       1      48  -10.753552204    0.000000000
       1      49  -10.753552204    0.000000000
       1      50  -10.753552204   -0.000000000
       1      51   -7.235686910   -0.000000000
       1      52   -7.235686910    0.000000000
       1      53  -10.622360428    0.000000000
       1      54  -10.622360428   -0.000000000
       1      55   -8.604437102    0.000000000
       1      56   -8.604437101    0.000000000
       1      57   -8.604437101    0.000000000
       1      58   -8.604437102   -0.000000000
       1      59   -9.090985480   -0.000000000
       1      60   -9.090985480    0.000000000
       1      61   -9.090985480    0.000000000
       1      62   -9.090985480    0.000000000
       1      63   -9.224649569    0.000000000
       1      64   -9.224649569    0.000000000
       1      65   -8.624987353   -0.000000000
       1      66   -8.624987353   -0.000000000
       1      67   -8.456164071    0.000000000
       1      68   -8.456164071   -0.000000000
       1      69   -8.558068237    0.000000000
       1      70   -8.558068237    0.000000000
       1      71   -8.558068237    0.000000000
       1      72   -8.558068237    0.000000000
       1      73   -9.519678163    0.000000000
       1      74   -9.519678163    0.000000000
       1      75   -9.519678163    0.000000000
       1      76   -9.519678163    0.000000000
       1      77   -9.074075906    0.000000000
       1      78   -9.074075906    0.000000000
       1      79   -9.578629573    0.000000000
       1      80   -9.578629573    0.000000000
       1      81  -10.379782118    0.000000000
       1      82  -10.379782117    0.000000000
       1      83  -10.379782118   -0.000000000
       1      84  -10.379782117    0.000000000
       1      85   -9.066334074    0.000000000
       1      86   -9.066334075    0.000000000
       1      87   -9.066334074    0.000000000
       1      88   -9.066334074    0.000000000
       1      89   -9.577136758    0.000000000
       1      90   -9.577136758   -0.000000000
       1      91   -8.714332368    0.000000000
       1      92   -8.714332368    0.000000000
       1      93   -8.714332369    0.000000000
       1      94   -8.714332368    0.000000000
       1      95   -9.233593042   -0.000000000
       1      96   -9.233593042    0.000000000
       1      97   -8.814556225    0.000000000
       1      98   -8.814556225   -0.000000000
       1      99   -8.814556225    0.000000000
       1     100   -8.814556225    0.000000000
       1     101   -7.941308982    0.000000000
       1     102   -7.941308982    0.000000000
       1     103   -8.840777901    0.000000000
       1     104   -8.840777901    0.000000000
       1     105   -8.840777900    0.000000000
       1     106   -8.840777901    0.000000000
       1     107  -10.400680785    0.000000000
       1     108  -10.400680785    0.000000000
       1     109  -10.400680785    0.000000000
       1     110  -10.400680785   -0.000000000
       1     111   -9.186459548   -0.000000000
       1     112   -9.186459548   -0.000000000
       1     113   -9.186459548    0.000000000
       1     114   -9.186459548    0.000000000
       1     115   -9.596469235    0.000000000
       1     116   -9.596469235    0.000000000
       1     117   -8.698939797   -0.000000000
       1     118   -8.698939796    0.000000000
       1     119   -9.722206108   -0.000000000
       1     120   -9.722206108    0.000000000
       1     121   -9.174293022    0.000000000
       1     122   -9.174293022    0.000000000
       1     123   -9.174293022    0.000000000
       1     124   -9.174293022    0.000000000
       1     125   -9.351657573    0.000000000
       1     126   -9.351657573    0.000000000
       1     127   -9.397405518   -0.000000000
       1     128   -9.397405517    0.000000000
       1     129   -7.977190406   -0.000000000
       1     130   -7.977190406    0.000000000
       1     131   -7.977190407    0.000000000
       1     132   -7.977190407    0.000000000
       1     133   -8.481848376    0.000000000
       1     134   -8.481848377    0.000000000
       1     135   -9.848999802    0.000000000
       1     136   -9.848999802    0.000000000
       1     137   -7.857622177    0.000000000
       1     138   -7.857622177    0.000000000
       1     139   -7.857622177   -0.000000000
       1     140   -7.857622177   -0.000000000
       1     141   -8.736271590   -0.000000000
       1     142   -8.736271591   -0.000000000
       1     143   -8.135401802    0.000000000
       1     144   -8.135401802    0.000000000
       1     145   -9.230141112    0.000000000
       1     146   -9.230141112    0.000000000
       1     147   -9.230141111    0.000000000
       1     148   -9.230141114    0.000000000
       1     149   -9.747795551    0.000000000
       1     150   -9.747795552    0.000000000
       1     151   -9.747795554    0.000000000
       1     152   -9.747795553    0.000000000
       1     153   -9.613135584    0.000000000
       1     154   -9.613135583    0.000000000
       1     155   -9.613135583   -0.000000000
       1     156   -9.613135584    0.000000000
       1     157   -9.633721493    0.000000000
       1     158   -9.633721494    0.000000000
       1     159   -9.633721495   -0.000000000
       1     160   -9.633721495    0.000000000
       1     161  -10.866044067    0.000000000
       1     162  -10.866044068    0.000000000
       1     163   -7.852301670    0.000000000
       1     164   -7.852301671   -0.000000000
       1     165   -9.843388821    0.000000000
       1     166   -9.843388819    0.000000000
       1     167   -9.843388821    0.000000000
       1     168   -9.843388820    0.000000000
       1     169   -9.070711798    0.000000000
       1     170   -9.070711799    0.000000000
       1     171   -9.123427856    0.000000000
       1     172   -9.123427853    0.000000000
       1     173   -9.123427853    0.000000000
       1     174   -9.123427853    0.000000000
       1     175   -8.655212841    0.000000000
       1     176   -8.655212841    0.000000000
       1     177   -8.655212841    0.000000000
       1     178   -8.655212841    0.000000000
       1     179   -9.243257789    0.000000000
       1     180   -9.243257789    0.000000000
       1     181   -8.132072489    0.000000000
       1     182   -8.132072489    0.000000000
       1     183   -8.503560762    0.000000000
       1     184   -8.503560761    0.000000000
       1     185   -8.503560761   -0.000000000
       1     186   -8.503560763    0.000000000
       1     187   -8.888193482    0.000000000
       1     188   -8.888193482    0.000000000
       1     189   -8.888193482    0.000000000
       1     190   -8.888193482    0.000000000
       1     191   -8.613126292   -0.000000000
       1     192   -8.613126290    0.000000000
       1     193   -8.733237561    0.000000000
       1     194   -8.733237562   -0.000000000
       1     195   -9.268257009    0.000000000
       1     196   -9.268257008    0.000000000
       1     197   -9.564571203    0.000000000
       1     198   -9.564571209    0.000000000
       1     199   -9.193111388    0.000000000
       1     200   -9.193111385    0.000000000
       1     201   -9.193111391    0.000000000
       1     202   -9.193111393    0.000000000
  0.000000000  0.250000000  0.250000000     202       0
       1       1  -10.558779611    0.000000000
       1       2  -10.558779611   -0.000000000
       1       3  -11.197874675    0.000000000
       1       4  -11.197874675    0.000000000
       1       5  -10.724893104    0.000000000
       1       6  -10.724893104    0.000000000
       1       7  -10.724893104   -0.000000000
       1       8  -10.724893104    0.000000000
       1       9   -9.353699501   -0.000000000
       1      10   -9.353699501    0.000000000
       1      11   -9.130358511   -0.000000000
       1      12   -9.130358511   -0.000000000
       1      13  -10.593710186    0.000000000
       1      14  -10.593710186   -0.000000000
       1      15  -10.593710186    0.000000000
       1      16  -10.593710186   -0.000000000
       1      17  -10.716442227   -0.000000000
       1      18  -10.716442227    0.000000000
       1      19  -10.086041996   -0.000000000
       1      20  -10.086041996   -0.000000000
       1      21   -8.388543527    0.000000000
       1      22   -8.388543527   -0.000000000
       1      23   -8.866728105    0.000000000
       1      24   -8.866728105    0.000000000
       1      25   -8.866728105    0.000000000
       1      26   -8.866728105   -0.000000000
       1      27   -8.266230284    0.000000000
       1      28   -8.266230284    0.000000000
       1      29   -9.598776032   -0.000000000
       1      30   -9.598776032    0.000000000
       1      31   -9.598776032    0.000000000
       1      32   -9.598776032   -0.000000000
       1      33  -10.337727305    0.000000000
       1      34  -10.337727305   -0.000000000
       1      35  -10.375203686    0.000000000
       1      36  -10.375203686   -0.000000000
       1      37   -8.829232395    0.000000000
       1      38   -8.829232395    0.000000000
       1      39   -9.057289313   -0.000000000
       1      40   -9.057289313   -0.000000000
       1      41  -10.232295689    0.000000000
       1      42  -10.232295689    0.000000000
       1      43  -10.606005089   -0.000000000
       1      44  -10.606005089    0.000000000
       1      45  -10.606005089   -0.000000000
       1      46  -10.606005089    0.000000000
       1      47   -8.972881463    0.000000000
       1      48   -8.972881463    0.000000000
       1      49   -8.972881463    0.000000000
       1      50   -8.972881463   -0.000000000
       1      51   -9.709840154   -0.000000000
       1      52   -9.709840154   -0.000000000
       1      53   -8.907649449   -0.000000000
       1      54   -8.907649449   -0.000000000
       1      55  -10.000222895    0.000000000
       1      56  -10.000222895   -0.000000000
       1      57   -8.992738841    0.000000000
       1      58   -8.992738841   -0.000000000
       1      59  -10.142680338    0.000000000
       1      60  -10.142680338    0.000000000
       1      61  -10.142680338    0.000000000
       1      62  -10.142680338    0.000000000
       1      63   -9.242937473    0.000000000
       1      64   -9.242937473    0.000000000
       1      65   -9.219878483   -0.000000000
       1      66   -9.219878483    0.000000000
       1      67   -9.219878483    0.000000000
       1      68   -9.219878483   -0.000000000
       1      69   -9.214183350    0.000000000
       1      70   -9.214183350    0.000000000
       1      71   -9.250401729   -0.000000000
       1      72   -9.250401729   -0.000000000
       1      73   -9.250401729   -0.000000000
       1      74   -9.250401729   -0.000000000
       1      75   -9.625067414    0.000000000
       1      76   -9.625067414    0.000000000
       1      77   -8.053699948   -0.000000000
       1      78   -8.053699948    0.000000000
       1      79   -8.027329099    0.000000000
       1      80   -8.027329100    0.000000000
       1      81   -8.027329099    0.000000000
       1      82   -8.027329099    0.000000000
       1      83   -8.087929199   -0.000000000
       1      84   -8.087929199   -0.000000000
       1      85   -9.235104111    0.000000000
       1      86   -9.235104111   -0.000000000
       1      87   -8.788026336    0.000000000
       1      88   -8.788026335    0.000000000
       1      89   -8.788026336    0.000000000
       1      90   -8.788026336    0.000000000
       1      91   -9.526441143    0.000000000
       1      92   -9.526441143   -0.000000000
       1      93   -8.147659399   -0.000000000
       1      94   -8.147659399   -0.000000000
       1      95   -8.707668674    0.000000000
       1      96   -8.707668674    0.000000000
       1      97   -9.110232305    0.000000000
       1      98   -9.110232305    0.000000000
       1      99   -9.110232305    0.000000000
       1     100   -9.110232304    0.000000000
       1     101   -8.691824104    0.000000000
       1     102   -8.691824104    0.000000000
       1     103   -9.426354837   -0.000000000
       1     104   -9.426354837   -0.000000000
       1     105   -9.704365965    0.000000000
       1     106   -9.704365965    0.000000000
       1     107   -9.087671392    0.000000000
       1     108   -9.087671392    0.000000000
       1     109   -9.087671391   -0.000000000
       1     110   -9.087671392   -0.000000000
       1     111   -9.317461186    0.000000000
       1     112   -9.317461185    0.000000000
       1     113  -10.024310365    0.000000000
       1     114  -10.024310365    0.000000000
       1     115  -10.024310365    0.000000000
       1     116  -10.024310365    0.000000000
       1     117  -10.656804686   -0.000000000
       1     118  -10.656804686    0.000000000
       1     119   -9.181847129    0.000000000
       1     120   -9.181847128    0.000000000
       1     121   -9.181847129    0.000000000
       1     122   -9.181847129    0.000000000
       1     123   -9.256871068    0.000000000
       1     124   -9.256871067    0.000000000
       1     125   -7.344820669    0.000000000
       1     126   -7.344820669    0.000000000
       1     127   -8.654109731    0.000000000
       1     128   -8.654109731    0.000000000
       1     129   -9.146955893    0.000000000
       1     130   -9.146955892    0.000000000
       1     131   -8.931453663    0.000000000
       1     132   -8.931453663    0.000000000
       1     133   -8.931453664    0.000000000
       1     134   -8.931453663    0.000000000
       1     135   -9.435498364   -0.000000000
       1     136   -9.435498361    0.000000000
       1     137   -8.793672484    0.000000000
       1     138   -8.793672484    0.000000000
       1     139   -9.132464874   -0.000000000
       1     140   -9.132464873    0.000000000
       1     141   -9.937630988    0.000000000
       1     142   -9.937630989    0.000000000
       1     143   -8.653986261    0.000000000
       1     144   -8.653986262   -0.000000000
       1     145   -8.653986263    0.000000000
       1     146   -8.653986261    0.000000000
       1     147   -8.780218976   -0.000000000
       1     148   -8.780218972    0.000000000
       1     149   -8.780218975   -0.000000000
       1     150   -8.780218974    0.000000000
       1     151   -9.176688717   -0.000000000
       1     152   -9.176688718    0.000000000
       1     153   -9.558114000    0.000000000
       1     154   -9.558113999    0.000000000
       1     155   -9.112922883    0.000000000
       1     156   -9.112922880    0.000000000
       1     157   -8.053385859    0.000000000
       1     158   -8.053385859    0.000000000
       1     159  -10.212077398   -0.000000000
       1     160  -10.212077398    0.000000000
       1     161  -10.212077397   -0.000000000
       1     162  -10.212077398   -0.000000000
       1     163   -9.035421078    0.000000000
       1     164   -9.035421079    0.000000000
       1     165   -9.035421077   -0.000000000
       1     166   -9.035421078    0.000000000
       1     167   -9.230328095    0.000000000
       1     168   -9.230328095    0.000000000
       1     169   -9.008523115    0.000000000
       1     170   -9.008523116   -0.000000000
       1     171   -8.434342513    0.000000000
       1     172   -8.434342514    0.000000000
       1     173   -8.434342511    0.000000000
       1     174   -8.434342513   -0.000000000
       1     175   -9.353586073    0.000000000
       1     176   -9.353586074   -0.000000000
       1     177   -9.460248708    0.000000000
       1     178   -9.460248708    0.000000000
       1     179   -9.761988415    0.000000000
       1     180   -9.761988415    0.000000000
       1     181   -9.761988416    0.000000000
       1     182   -9.761988415    0.000000000
       1     183   -9.109295572    0.000000000
       1     184   -9.109295572    0.000000000
       1     185   -9.306650285    0.000000000
       1     186   -9.306650285    0.000000000
       1     187   -9.306650284    0.000000000
       1     188   -9.306650285    0.000000000
       1     189   -9.487377379    0.000000000
       1     190   -9.487377379    0.000000000
       1     191   -8.491724332    0.000000000
       1     192   -8.491724333    0.000000000
       1     193   -9.655391270    0.000000000
       1     194   -9.655391270    0.000000000
       1     195   -9.655391270    0.000000000
       1     196   -9.655391270    0.000000000
       1     197   -8.152729826    0.000000000
       1     198   -8.152729826    0.000000000
       1     199   -8.954991847    0.000000000
       1     200   -8.954991846    0.000000000
       1     201   -9.340951843    0.000000000
       1     202   -9.340951843    0.000000000
  0.000000000  0.250000000 -0.500000000     202       0
       1       1  -10.791878110    0.000000000
       1       2  -10.791878110   -0.000000000
       1       3  -10.762556030    0.000000000
       1       4  -10.762556030    0.000000000
       1       5  -10.211344548    0.000000000
       1       6  -10.211344548   -0.000000000
       1       7  -10.719287143   -0.000000000
       1       8  -10.719287143   -0.000000000
       1       9   -9.198562100    0.000000000
       1      10   -9.198562100   -0.000000000
       1      11   -9.600068394   -0.000000000
       1      12   -9.600068394   -0.000000000
       1      13  -10.414236971    0.000000000
       1      14  -10.414236971    0.000000000
       1      15  -10.090701023   -0.000000000
       1      16  -10.090701023    0.000000000
       1      17   -9.762477043    0.000000000
       1      18   -9.762477043    0.000000000
       1      19  -10.173186269    0.000000000
       1      20  -10.173186269   -0.000000000
       1      21  -10.351691891   -0.000000000
       1      22  -10.351691891    0.000000000
       1      23  -10.018047169   -0.000000000
       1      24  -10.018047169    0.000000000
       1      25   -9.083841057    0.000000000
       1      26   -9.083841057   -0.000000000
       1      27   -9.301405135    0.000000000
       1      28   -9.301405135    0.000000000
       1      29   -9.879305754    0.000000000
       1      30   -9.879305754   -0.000000000
       1      31  -10.555066465   -0.000000000
       1      32  -10.555066465    0.000000000
       1      33   -9.304724374    0.000000000
       1      34   -9.304724374    0.000000000
       1      35   -9.494583495    0.000000000
       1      36   -9.494583495    0.000000000
       1      37   -9.226706496    0.000000000
       1      38   -9.226706496    0.000000000
       1      39   -9.111603557    0.000000000
       1      40   -9.111603557    0.000000000
       1      41  -10.148666008   -0.000000000
       1      42  -10.148666008    0.000000000
       1      43   -9.211241324   -0.000000000
       1      44   -9.211241324   -0.000000000
       1      45   -8.864696820   -0.000000000
       1      46   -8.864696820    0.000000000
       1      47   -8.345692653    0.000000000
       1      48   -8.345692653   -0.000000000
       1      49   -9.833526714    0.000000000
       1      50   -9.833526714   -0.000000000
       1      51   -9.209301298   -0.000000000
       1      52   -9.209301298    0.000000000
       1      53   -9.595495780   -0.000000000
       1      54   -9.595495780    0.000000000
       1      55   -8.906417908    0.000000000
       1      56   -8.906417908    0.000000000
       1      57   -8.654231117    0.000000000
       1      58   -8.654231117   -0.000000000
       1      59   -8.918801957    0.000000000
       1      60   -8.918801957    0.000000000
       1      61   -8.921491219   -0.000000000
       1      62   -8.921491220    0.000000000
       1      63   -9.000829037   -0.000000000
       1      64   -9.000829037    0.000000000
       1      65   -9.143366971   -0.000000000
       1      66   -9.143366971    0.000000000
       1      67  -10.394394288    0.000000000
       1      68  -10.394394288   -0.000000000
       1      69   -8.921501887   -0.000000000
       1      70   -8.921501887    0.000000000
       1      71   -9.402193838    0.000000000
       1      72   -9.402193839   -0.000000000
       1      73   -9.372640516   -0.000000000
       1      74   -9.372640516    0.000000000
       1      75   -8.720290992    0.000000000
       1      76   -8.720290993   -0.000000000
       1      77   -9.822552358   -0.000000000
       1      78   -9.822552358   -0.000000000
       1      79   -8.511195750    0.000000000
       1      80   -8.511195750    0.000000000
       1      81   -9.016660166    0.000000000
       1      82   -9.016660167    0.000000000
       1      83   -9.476353725    0.000000000
       1      84   -9.476353726    0.000000000
       1      85   -8.901363897    0.000000000
       1      86   -8.901363897    0.000000000
       1      87   -8.801777717    0.000000000
       1      88   -8.801777717    0.000000000
       1      89   -9.194710461    0.000000000
       1      90   -9.194710461    0.000000000
       1      91   -9.813910114    0.000000000
       1      92   -9.813910114    0.000000000
       1      93   -8.736996449    0.000000000
       1      94   -8.736996449    0.000000000
       1      95   -9.468432060   -0.000000000
       1      96   -9.468432060    0.000000000
       1      97   -8.948341720   -0.000000000
       1      98   -8.948341720    0.000000000
       1      99   -9.865441755    0.000000000
       1     100   -9.865441756    0.000000000
       1     101   -8.856996691    0.000000000
       1     102   -8.856996691    0.000000000
       1     103   -9.162437955   -0.000000000
       1     104   -9.162437955    0.000000000
       1     105   -9.333810732    0.000000000
       1     106   -9.333810733   -0.000000000
       1     107   -9.851868991    0.000000000
       1     108   -9.851868991   -0.000000000
       1     109   -9.376527418    0.000000000
       1     110   -9.376527418    0.000000000
       1     111   -9.849056145    0.000000000
       1     112   -9.849056144    0.000000000
       1     113   -9.398458534    0.000000000
       1     114   -9.398458533    0.000000000
       1     115   -8.784019018    0.000000000
       1     116   -8.784019018    0.000000000
       1     117   -9.482852448    0.000000000
       1     118   -9.482852448    0.000000000
       1     119   -9.432182025   -0.000000000
       1     120   -9.432182023   -0.000000000
       1     121   -8.840486842    0.000000000
       1     122   -8.840486843   -0.000000000
       1     123   -8.623979214   -0.000000000
       1     124   -8.623979212    0.000000000
       1     125   -8.953984782    0.000000000
       1     126   -8.953984782   -0.000000000
       1     127   -8.937128418   -0.000000000
       1     128   -8.937128416    0.000000000
       1     129   -8.982746523    0.000000000
       1     130   -8.982746522    0.000000000
       1     131   -9.181548508    0.000000000
       1     132   -9.181548509    0.000000000
       1     133   -9.155204835    0.000000000
       1     134   -9.155204835    0.000000000
       1     135   -8.939672163    0.000000000
       1     136   -8.939672162    0.000000000
       1     137   -9.222392765   -0.000000000
       1     138   -9.222392764   -0.000000000
       1     139   -8.776102099    0.000000000
       1     140   -8.776102099   -0.000000000
       1     141   -9.444252463    0.000000000
       1     142   -9.444252463    0.000000000
       1     143   -8.592511783    0.000000000
       1     144   -8.592511783    0.000000000
       1     145   -9.422801185    0.000000000
       1     146   -9.422801184    0.000000000
       1     147   -8.440429357    0.000000000
       1     148   -8.440429354    0.000000000
       1     149   -8.511173840    0.000000000
       1     150   -8.511173842    0.000000000
       1     151   -9.469277601    0.000000000
       1     152   -9.469277600    0.000000000
       1     153   -8.897904950    0.000000000
       1     154   -8.897904951    0.000000000
       1     155   -8.968488268    0.000000000
       1     156   -8.968488268   -0.000000000
       1     157   -9.308225974    0.000000000
       1     158   -9.308225974   -0.000000000
       1     159   -9.064867390    0.000000000
       1     160   -9.064867391   -0.000000000
       1     161   -9.100560676    0.000000000
       1     162   -9.100560676    0.000000000
       1     163   -8.665889796    0.000000000
       1     164   -8.665889797   -0.000000000
       1     165   -9.695536066    0.000000000
       1     166   -9.695536067    0.000000000
       1     167   -8.269313628   -0.000000000
       1     168   -8.269313630    0.000000000
       1     169   -9.027375901    0.000000000
       1     170   -9.027375899   -0.000000000
       1     171   -8.880053560   -0.000000000
       1     172   -8.880053560    0.000000000
       1     173   -9.060962270    0.000000000
       1     174   -9.060962270   -0.000000000
       1     175   -8.781268152    0.000000000
       1     176   -8.781268152   -0.000000000
       1     177   -8.621734521    0.000000000
       1     178   -8.621734521    0.000000000
       1     179   -8.789763500   -0.000000000
       1     180   -8.789763501    0.000000000
       1     181   -9.606690943    0.000000000
       1     182   -9.606690942    0.000000000
       1     183   -8.576921345    0.000000000
       1     184   -8.576921345    0.000000000
       1     185   -9.138213509    0.000000000
       1     186   -9.138213510    0.000000000
       1     187   -8.782103827    0.000000000
       1     188   -8.782103828    0.000000000
       1     189   -8.850796364    0.000000000
       1     190   -8.850796364    0.000000000
       1     191   -9.336706213    0.000000000
       1     192   -9.336706213    0.000000000
       1     193   -8.757900639   -0.000000000
       1     194   -8.757900640    0.000000000
       1     195   -9.035947311    0.000000000
       1     196   -9.035947312   -0.000000000
       1     197   -9.412460909    0.000000000
       1     198   -9.412460908    0.000000000
       1     199   -9.252709476    0.000000000
       1     200   -9.252709477    0.000000000
       1     201   -9.094964147    0.000000000
       1     202   -9.094964147    0.000000000
  0.000000000  0.250000000 -0.250000000     202       0
       1       1  -10.694480128   -0.000000000
       1       2  -10.694480128   -0.000000000
       1       3  -10.897930515   -0.000000000
       1       4  -10.897930515   -0.000000000
       1       5  -10.044884101    0.000000000
       1       6  -10.044884101    0.000000000
       1       7  -10.966951591   -0.000000000
       1       8  -10.966951591   -0.000000000
       1       9   -9.562497168   -0.000000000
       1      10   -9.562497168    0.000000000
       1      11  -10.101713459   -0.000000000
       1      12  -10.101713459   -0.000000000
       1      13  -10.216490612    0.000000000
       1      14  -10.216490612   -0.000000000
       1      15   -9.875446622    0.000000000
       1      16   -9.875446622    0.000000000
       1      17   -9.553421533   -0.000000000
       1      18   -9.553421533   -0.000000000
       1      19   -9.908753080   -0.000000000
       1      20   -9.908753080   -0.000000000
       1      21   -8.833764936   -0.000000000
       1      22   -8.833764936   -0.000000000
       1      23  -10.622870748    0.000000000
       1      24  -10.622870748   -0.000000000
       1      25   -8.361341440    0.000000000
       1      26   -8.361341440    0.000000000
       1      27   -8.796605427    0.000000000
       1      28   -8.796605427   -0.000000000
       1      29  -10.622611145   -0.000000000
       1      30  -10.622611145   -0.000000000
       1      31  -10.385020147   -0.000000000
       1      32  -10.385020147    0.000000000
       1      33  -10.533931148    0.000000000
       1      34  -10.533931148    0.000000000
       1      35  -10.736372317    0.000000000
       1      36  -10.736372317    0.000000000
       1      37   -8.719772595   -0.000000000
       1      38   -8.719772595   -0.000000000
       1      39   -9.555567331   -0.000000000
       1      40   -9.555567331   -0.000000000
       1      41   -7.381156016    0.000000000
       1      42   -7.381156016   -0.000000000
       1      43   -9.976313100   -0.000000000
       1      44   -9.976313100   -0.000000000
       1      45   -9.394800944   -0.000000000
       1      46   -9.394800944   -0.000000000
       1      47   -8.754104384   -0.000000000
       1      48   -8.754104384    0.000000000
       1      49   -9.583183107   -0.000000000
       1      50   -9.583183107   -0.000000000
       1      51   -9.978605781    0.000000000
       1      52   -9.978605781   -0.000000000
       1      53   -9.287103510    0.000000000
       1      54   -9.287103510    0.000000000
       1      55   -8.787093655    0.000000000
       1      56   -8.787093655    0.000000000
       1      57   -9.788829400   -0.000000000
       1      58   -9.788829400    0.000000000
       1      59   -8.994892586   -0.000000000
       1      60   -8.994892586    0.000000000
       1      61   -8.858583812    0.000000000
       1      62   -8.858583812    0.000000000
       1      63  -10.561717164   -0.000000000
       1      64  -10.561717164    0.000000000
       1      65   -8.520838905    0.000000000
       1      66   -8.520838905   -0.000000000
       1      67   -8.548600508    0.000000000
       1      68   -8.548600508    0.000000000
       1      69   -8.898745969    0.000000000
       1      70   -8.898745969    0.000000000
       1      71  -10.299778451    0.000000000
       1      72  -10.299778451    0.000000000
       1      73   -8.024950954   -0.000000000
       1      74   -8.024950954    0.000000000
       1      75   -9.810573778   -0.000000000
       1      76   -9.810573778    0.000000000
       1      77   -8.834827094    0.000000000
       1      78   -8.834827094   -0.000000000
       1      79   -9.397867361   -0.000000000
       1      80   -9.397867362    0.000000000
       1      81   -9.333851430    0.000000000
       1      82   -9.333851430    0.000000000
       1      83   -8.709709452   -0.000000000
       1      84   -8.709709452    0.000000000
       1      85   -8.816273267   -0.000000000
       1      86   -8.816273267    0.000000000
       1      87   -9.993400116    0.000000000
       1      88   -9.993400116    0.000000000
       1      89   -9.195808850    0.000000000
       1      90   -9.195808850    0.000000000
       1      91   -9.584034900    0.000000000
       1      92   -9.584034901    0.000000000
       1      93   -8.929086996    0.000000000
       1      94   -8.929086995    0.000000000
       1      95   -8.145287069    0.000000000
       1      96   -8.145287069    0.000000000
       1      97   -9.102818109   -0.000000000
       1      98   -9.102818109    0.000000000
       1      99   -8.935658703    0.000000000
       1     100   -8.935658703   -0.000000000
       1     101   -9.543663492    0.000000000
       1     102   -9.543663492    0.000000000
       1     103   -8.521207852    0.000000000
       1     104   -8.521207852    0.000000000
       1     105   -9.096954717    0.000000000
       1     106   -9.096954717   -0.000000000
       1     107   -9.201589197    0.000000000
       1     108   -9.201589197    0.000000000
       1     109   -8.280461577    0.000000000
       1     110   -8.280461578    0.000000000
       1     111   -9.597690705    0.000000000
       1     112   -9.597690705    0.000000000
       1     113   -9.313329765    0.000000000
       1     114   -9.313329765    0.000000000
       1     115   -9.200368024    0.000000000
       1     116   -9.200368023    0.000000000
       1     117   -8.384811017    0.000000000
       1     118   -8.384811017    0.000000000
       1     119  -10.304099479    0.000000000
       1     120  -10.304099479    0.000000000
       1     121   -9.563268454    0.000000000
       1     122   -9.563268455   -0.000000000
       1     123   -9.723242063    0.000000000
       1     124   -9.723242064   -0.000000000
       1     125   -9.157648475    0.000000000
       1     126   -9.157648474    0.000000000
       1     127   -9.591236555    0.000000000
       1     128   -9.591236554    0.000000000
       1     129   -9.104349080    0.000000000
       1     130   -9.104349080    0.000000000
       1     131   -9.213877505    0.000000000
       1     132   -9.213877506   -0.000000000
       1     133   -8.174926550    0.000000000
       1     134   -8.174926551   -0.000000000
       1     135   -9.412074364    0.000000000
       1     136   -9.412074360    0.000000000
       1     137   -9.986550466    0.000000000
       1     138   -9.986550467    0.000000000
       1     139   -9.074184892    0.000000000
       1     140   -9.074184892    0.000000000
       1     141   -9.140402310    0.000000000
       1     142   -9.140402310   -0.000000000
       1     143   -8.649962283    0.000000000
       1     144   -8.649962283   -0.000000000
       1     145   -9.028211513    0.000000000
       1     146   -9.028211513   -0.000000000
       1     147   -8.498324029    0.000000000
       1     148   -8.498324030    0.000000000
       1     149   -8.855651060    0.000000000
       1     150   -8.855651059   -0.000000000
       1     151   -8.475392494    0.000000000
       1     152   -8.475392493    0.000000000
       1     153   -9.516653539    0.000000000
       1     154   -9.516653540   -0.000000000
       1     155   -8.987791216    0.000000000
       1     156   -8.987791215    0.000000000
       1     157   -8.219899002   -0.000000000
       1     158   -8.219898999    0.000000000
       1     159   -9.060888208    0.000000000
       1     160   -9.060888209    0.000000000
       1     161   -9.122673075    0.000000000
       1     162   -9.122673075    0.000000000
       1     163   -9.482453215    0.000000000
       1     164   -9.482453217    0.000000000
       1     165  -10.381503263    0.000000000
       1     166  -10.381503261    0.000000000
       1     167   -8.354644487    0.000000000
       1     168   -8.354644489    0.000000000
       1     169   -9.284654040   -0.000000000
       1     170   -9.284654038    0.000000000
       1     171   -9.184742027   -0.000000000
       1     172   -9.184742028    0.000000000
       1     173   -8.487368644    0.000000000
       1     174   -8.487368643    0.000000000
       1     175   -8.244926535    0.000000000
       1     176   -8.244926534   -0.000000000
       1     177   -9.230562681    0.000000000
       1     178   -9.230562683    0.000000000
       1     179   -8.485214087    0.000000000
       1     180   -8.485214089    0.000000000
       1     181   -9.325300777    0.000000000
       1     182   -9.325300777    0.000000000
       1     183   -8.957568749    0.000000000
       1     184   -8.957568751    0.000000000
       1     185   -8.805323573    0.000000000
       1     186   -8.805323576    0.000000000
       1     187   -8.930305792    0.000000000
       1     188   -8.930305791    0.000000000
       1     189   -9.701611202    0.000000000
       1     190   -9.701611204    0.000000000
       1     191   -9.384531333   -0.000000000
       1     192   -9.384531334    0.000000000
       1     193   -8.544857726    0.000000000
       1     194   -8.544857728    0.000000000
       1     195  -10.148203053    0.000000000
       1     196  -10.148203055   -0.000000000
       1     197   -9.587575953    0.000000000
       1     198   -9.587575959    0.000000000
       1     199   -8.781333697    0.000000000
       1     200   -8.781333695   -0.000000000
       1     201   -8.874087721    0.000000000
       1     202   -8.874087726   -0.000000000
 -0.000000000 -0.500000000 -0.500000000     202       0
       1       1  -10.853740427   -0.000000000
       1       2  -10.853740427    0.000000000
       1       3  -10.853740427   -0.000000000
       1       4  -10.853740427   -0.000000000
       1       5  -10.591717999    0.000000000
       1       6  -10.591717999   -0.000000000
       1       7  -10.591717999   -0.000000000
       1       8  -10.591717999    0.000000000
       1       9   -8.959279849    0.000000000
       1      10   -8.959279848    0.000000000
       1      11   -8.959279849    0.000000000
       1      12   -8.959279848    0.000000000
       1      13  -10.545917208    0.000000000
       1      14  -10.545917208    0.000000000
       1      15  -10.545917208    0.000000000
       1      16  -10.545917208   -0.000000000
       1      17  -10.567995064    0.000000000
       1      18  -10.567995064    0.000000000
       1      19  -10.567995064   -0.000000000
       1      20  -10.567995064    0.000000000
       1      21  -10.164199529   -0.000000000
       1      22  -10.164199529    0.000000000
       1      23  -10.164199529   -0.000000000
       1      24  -10.164199529    0.000000000
       1      25  -10.266740498    0.000000000
       1      26  -10.266740498   -0.000000000
       1      27  -10.266740498    0.000000000
       1      28  -10.266740498   -0.000000000
       1      29   -9.022571943    0.000000000
       1      30   -9.022571943    0.000000000
       1      31   -9.022571943    0.000000000
       1      32   -9.022571943    0.000000000
       1      33   -8.048377102   -0.000000000
       1      34   -8.048377102   -0.000000000
       1      35   -8.048377102   -0.000000000
       1      36   -8.048377102    0.000000000
       1      37   -9.187463586    0.000000000
       1      38   -9.187463586    0.000000000
       1      39   -9.187463586   -0.000000000
       1      40   -9.187463586    0.000000000
       1      41   -8.498942478    0.000000000
       1      42   -8.498942478    0.000000000
       1      43   -8.498942478   -0.000000000
       1      44   -8.498942478    0.000000000
       1      45  -10.708832954    0.000000000
       1      46  -10.708832954    0.000000000
       1      47  -10.708832954    0.000000000
       1      48  -10.708832954    0.000000000
       1      49  -10.645808567    0.000000000
       1      50  -10.645808567   -0.000000000
       1      51  -10.645808567    0.000000000
       1      52  -10.645808567    0.000000000
       1      53   -8.062207007    0.000000000
       1      54   -8.062207007    0.000000000
       1      55   -8.062207007    0.000000000
       1      56   -8.062207007   -0.000000000
       1      57   -8.725403120   -0.000000000
       1      58   -8.725403120    0.000000000
       1      59   -8.725403120   -0.000000000
       1      60   -8.725403120    0.000000000
       1      61   -9.355363192    0.000000000
       1      62   -9.355363193   -0.000000000
       1      63   -9.355363193   -0.000000000
       1      64   -9.355363192    0.000000000
       1      65   -9.229240662   -0.000000000
       1      66   -9.229240662    0.000000000
       1      67   -9.229240662   -0.000000000
       1      68   -9.229240662    0.000000000
       1      69   -9.257190393    0.000000000
       1      70   -9.257190393    0.000000000
       1      71   -9.257190393   -0.000000000
       1      72   -9.257190393    0.000000000
       1      73   -9.158005980    0.000000000
       1      74   -9.158005980   -0.000000000
       1      75   -9.158005980   -0.000000000
       1      76   -9.158005980    0.000000000
       1      77   -7.974474468    0.000000000
       1      78   -7.974474468    0.000000000
       1      79   -7.974474468    0.000000000
       1      80   -7.974474468    0.000000000
       1      81   -8.729096100    0.000000000
       1      82   -8.729096100    0.000000000
       1      83   -8.729096100    0.000000000
       1      84   -8.729096100    0.000000000
       1      85  -10.078071821   -0.000000000
       1      86  -10.078071821   -0.000000000
       1      87  -10.078071821    0.000000000
       1      88  -10.078071821    0.000000000
       1      89  -10.577182916   -0.000000000
       1      90  -10.577182915    0.000000000
       1      91  -10.577182916    0.000000000
       1      92  -10.577182916    0.000000000
       1      93   -8.553737296    0.000000000
       1      94   -8.553737297    0.000000000
       1      95   -8.553737297    0.000000000
       1      96   -8.553737297   -0.000000000
       1      97  -10.290784033    0.000000000
       1      98  -10.290784033   -0.000000000
       1      99  -10.290784034    0.000000000
       1     100  -10.290784034    0.000000000
       1     101   -9.466114550    0.000000000
       1     102   -9.466114550   -0.000000000
       1     103   -9.466114550   -0.000000000
       1     104   -9.466114551    0.000000000
       1     105   -9.088479780   -0.000000000
       1     106   -9.088479781    0.000000000
       1     107   -9.088479780   -0.000000000
       1     108   -9.088479780   -0.000000000
       1     109   -9.864209752    0.000000000
       1     110   -9.864209751    0.000000000
       1     111   -9.864209752    0.000000000
       1     112   -9.864209752    0.000000000
       1     113   -9.016309396    0.000000000
       1     114   -9.016309396    0.000000000
       1     115   -9.016309396    0.000000000
       1     116   -9.016309396   -0.000000000
       1     117   -8.662953277    0.000000000
       1     118   -8.662953277    0.000000000
       1     119   -8.662953277   -0.000000000
       1     120   -8.662953277    0.000000000
       1     121   -8.764068750    0.000000000
       1     122   -8.764068751    0.000000000
       1     123   -8.764068750    0.000000000
       1     124   -8.764068751    0.000000000
       1     125   -9.011418470    0.000000000
       1     126   -9.011418470    0.000000000
       1     127   -9.011418469   -0.000000000
       1     128   -9.011418470   -0.000000000
       1     129   -8.905680724    0.000000000
       1     130   -8.905680723   -0.000000000
       1     131   -8.905680724    0.000000000
       1     132   -8.905680725    0.000000000
       1     133   -9.359417863   -0.000000000
       1     134   -9.359417862    0.000000000
       1     135   -9.359417862   -0.000000000
       1     136   -9.359417865   -0.000000000
       1     137   -9.485640801    0.000000000
       1     138   -9.485640803    0.000000000
       1     139   -9.485640802    0.000000000
       1     140   -9.485640802    0.000000000
       1     141   -8.217043240    0.000000000
       1     142   -8.217043238    0.000000000
       1     143   -8.217043237   -0.000000000
       1     144   -8.217043238    0.000000000
       1     145   -8.872247994    0.000000000
       1     146   -8.872247995   -0.000000000
       1     147   -8.872247995    0.000000000
       1     148   -8.872247995    0.000000000
       1     149   -8.664109158    0.000000000
       1     150   -8.664109157   -0.000000000
       1     151   -8.664109156    0.000000000
       1     152   -8.664109155    0.000000000
       1     153   -9.148235844    0.000000000
       1     154   -9.148235846    0.000000000
       1     155   -9.148235846    0.000000000
       1     156   -9.148235846   -0.000000000
       1     157   -9.294023236    0.000000000
       1     158   -9.294023236    0.000000000
       1     159   -9.294023236    0.000000000
       1     160   -9.294023238   -0.000000000
       1     161   -9.043133093    0.000000000
       1     162   -9.043133094   -0.000000000
       1     163   -9.043133093    0.000000000
       1     164   -9.043133092    0.000000000
       1     165   -9.370437636    0.000000000
       1     166   -9.370437635    0.000000000
       1     167   -9.370437637   -0.000000000
       1     168   -9.370437637    0.000000000
       1     169   -8.477382346    0.000000000
       1     170   -8.477382344    0.000000000
       1     171   -8.477382345   -0.000000000
       1     172   -8.477382345   -0.000000000
       1     173   -8.294234147   -0.000000000
       1     174   -8.294234145    0.000000000
       1     175   -8.294234145   -0.000000000
       1     176   -8.294234147    0.000000000
       1     177   -8.739734899    0.000000000
       1     178   -8.739734900    0.000000000
       1     179   -8.739734898    0.000000000
       1     180   -8.739734898    0.000000000
       1     181   -8.556709448    0.000000000
       1     182   -8.556709449    0.000000000
       1     183   -8.556709447    0.000000000
       1     184   -8.556709447    0.000000000
       1     185   -9.138123175    0.000000000
       1     186   -9.138123173    0.000000000
       1     187   -9.138123174    0.000000000
       1     188   -9.138123178    0.000000000
       1     189   -9.340544181    0.000000000
       1     190   -9.340544181    0.000000000
       1     191   -9.340544181    0.000000000
       1     192   -9.340544181   -0.000000000
       1     193   -8.438164265    0.000000000
       1     194   -8.438164268    0.000000000
       1     195   -8.438164266    0.000000000
       1     196   -8.438164269   -0.000000000
       1     197   -9.686809841    0.000000000
       1     198   -9.686809836    0.000000000
       1     199   -9.686809838    0.000000000
       1     200   -9.686809838    0.000000000
       1     201   -9.200416422    0.000000000
       1     202   -9.200416420    0.000000000
  0.250000000 -0.500000000 -0.250000000     202       0
       1       1  -10.978802382    0.000000000
       1       2  -10.978802382    0.000000000
       1       3  -10.978802382   -0.000000000
       1       4  -10.978802382    0.000000000
       1       5   -9.969240710    0.000000000
       1       6   -9.969240709   -0.000000000
       1       7   -9.969240709    0.000000000
       1       8   -9.969240709   -0.000000000
       1       9   -9.559693094   -0.000000000
       1      10   -9.559693094    0.000000000
       1      11   -9.559693094    0.000000000
       1      12   -9.559693094   -0.000000000
       1      13  -10.032648652   -0.000000000
       1      14  -10.032648652    0.000000000
       1      15  -10.032648652   -0.000000000
       1      16  -10.032648652   -0.000000000
       1      17  -10.607305437    0.000000000
       1      18  -10.607305437    0.000000000
       1      19  -10.607305437   -0.000000000
       1      20  -10.607305437    0.000000000
       1      21  -10.327364783   -0.000000000
       1      22  -10.327364783   -0.000000000
       1      23  -10.327364783    0.000000000
       1      24  -10.327364783    0.000000000
       1      25   -8.651493289   -0.000000000
       1      26   -8.651493289    0.000000000
       1      27   -8.651493289    0.000000000
       1      28   -8.651493289    0.000000000
       1      29   -8.184371890    0.000000000
       1      30   -8.184371890    0.000000000
       1      31   -8.184371890   -0.000000000
       1      32   -8.184371890    0.000000000
       1      33  -10.807541820    0.000000000
       1      34  -10.807541820    0.000000000
       1      35  -10.807541820   -0.000000000
       1      36  -10.807541820   -0.000000000
       1      37  -10.946621708   -0.000000000
       1      38  -10.946621708    0.000000000
       1      39  -10.946621708   -0.000000000
       1      40  -10.946621708   -0.000000000
       1      41   -9.135055846   -0.000000000
       1      42   -9.135055846    0.000000000
       1      43   -9.135055846    0.000000000
       1      44   -9.135055846    0.000000000
       1      45   -8.483148891   -0.000000000
       1      46   -8.483148891    0.000000000
       1      47   -8.483148891   -0.000000000
       1      48   -8.483148891   -0.000000000
       1      49   -8.667926441    0.000000000
       1      50   -8.667926441    0.000000000
       1      51   -8.667926441   -0.000000000
       1      52   -8.667926441    0.000000000
       1      53   -8.813585786    0.000000000
       1      54   -8.813585786    0.000000000
       1      55   -8.813585786    0.000000000
       1      56   -8.813585786    0.000000000
       1      57   -9.741320078    0.000000000
       1      58   -9.741320078   -0.000000000
       1      59   -9.741320078    0.000000000
       1      60   -9.741320078    0.000000000
       1      61   -8.724119068    0.000000000
       1      62   -8.724119068    0.000000000
       1      63   -8.724119068    0.000000000
       1      64   -8.724119068    0.000000000
       1      65   -8.733287314    0.000000000
       1      66   -8.733287314   -0.000000000
       1      67   -8.733287314    0.000000000
       1      68   -8.733287314   -0.000000000
       1      69   -9.602709983    0.000000000
       1      70   -9.602709983    0.000000000
       1      71   -9.602709983    0.000000000
       1      72   -9.602709983    0.000000000
       1      73   -9.465821197    0.000000000
       1      74   -9.465821197    0.000000000
       1      75   -9.465821197    0.000000000
       1      76   -9.465821197    0.000000000
       1      77   -9.649756272    0.000000000
       1      78   -9.649756272    0.000000000
       1      79   -9.649756273   -0.000000000
       1      80   -9.649756273    0.000000000
       1      81   -9.992871646    0.000000000
       1      82   -9.992871647    0.000000000
       1      83   -9.992871647    0.000000000
       1      84   -9.992871647    0.000000000
       1      85   -8.757209388    0.000000000
       1      86   -8.757209387    0.000000000
       1      87   -8.757209387    0.000000000
       1      88   -8.757209388    0.000000000
       1      89   -9.097315760    0.000000000
       1      90   -9.097315759    0.000000000
       1      91   -9.097315759    0.000000000
       1      92   -9.097315759    0.000000000
       1      93   -9.242403443    0.000000000
       1      94   -9.242403443    0.000000000
       1      95   -9.242403444    0.000000000
       1      96   -9.242403443    0.000000000
       1      97   -8.997602740    0.000000000
       1      98   -8.997602740   -0.000000000
       1      99   -8.997602740    0.000000000
       1     100   -8.997602739   -0.000000000
       1     101   -9.217221863    0.000000000
       1     102   -9.217221863   -0.000000000
       1     103   -9.217221863   -0.000000000
       1     104   -9.217221863   -0.000000000
       1     105   -8.499011419    0.000000000
       1     106   -8.499011419    0.000000000
       1     107   -8.499011419    0.000000000
       1     108   -8.499011419    0.000000000
       1     109   -9.741883664    0.000000000
       1     110   -9.741883664    0.000000000
       1     111   -9.741883665    0.000000000
       1     112   -9.741883665    0.000000000
       1     113   -9.684437678    0.000000000
       1     114   -9.684437679    0.000000000
       1     115   -9.684437679    0.000000000
       1     116   -9.684437679    0.000000000
       1     117   -9.163258156    0.000000000
       1     118   -9.163258157   -0.000000000
       1     119   -9.163258157    0.000000000
       1     120   -9.163258157   -0.000000000
       1     121   -8.980709241    0.000000000
       1     122   -8.980709241    0.000000000
       1     123   -8.980709242    0.000000000
       1     124   -8.980709242    0.000000000
       1     125   -9.193392029    0.000000000
       1     126   -9.193392028    0.000000000
       1     127   -9.193392028    0.000000000
       1     128   -9.193392029   -0.000000000
       1     129   -9.553798691    0.000000000
       1     130   -9.553798691    0.000000000
       1     131   -9.553798692   -0.000000000
       1     132   -9.553798692    0.000000000
       1     133   -9.457707142   -0.000000000
       1     134   -9.457707143   -0.000000000
       1     135   -9.457707141    0.000000000
       1     136   -9.457707141    0.000000000
       1     137   -9.115830322    0.000000000
       1     138   -9.115830325    0.000000000
       1     139   -9.115830324    0.000000000
       1     140   -9.115830323    0.000000000
       1     141   -8.637991115    0.000000000
       1     142   -8.637991117    0.000000000
       1     143   -8.637991117    0.000000000
       1     144   -8.637991116    0.000000000
       1     145   -9.031494831    0.000000000
       1     146   -9.031494829    0.000000000
       1     147   -9.031494831   -0.000000000
       1     148   -9.031494832    0.000000000
       1     149   -8.594242310    0.000000000
       1     150   -8.594242312    0.000000000
       1     151   -8.594242311    0.000000000
       1     152   -8.594242311    0.000000000
       1     153   -8.617540035    0.000000000
       1     154   -8.617540037    0.000000000
       1     155   -8.617540039    0.000000000
       1     156   -8.617540036    0.000000000
       1     157   -8.610513444    0.000000000
       1     158   -8.610513446    0.000000000
       1     159   -8.610513444    0.000000000
       1     160   -8.610513444    0.000000000
       1     161   -8.725495760    0.000000000
       1     162   -8.725495759    0.000000000
       1     163   -8.725495760   -0.000000000
       1     164   -8.725495759    0.000000000
       1     165   -8.841040500    0.000000000
       1     166   -8.841040496    0.000000000
       1     167   -8.841040498    0.000000000
       1     168   -8.841040500    0.000000000
       1     169   -9.000244273    0.000000000
       1     170   -9.000244272    0.000000000
       1     171   -9.000244271    0.000000000
       1     172   -9.000244272    0.000000000
       1     173   -9.603751555   -0.000000000
       1     174   -9.603751555   -0.000000000
       1     175   -9.603751555    0.000000000
       1     176   -9.603751553   -0.000000000
       1     177   -9.238649852    0.000000000
       1     178   -9.238649853   -0.000000000
       1     179   -9.238649852   -0.000000000
       1     180   -9.238649849    0.000000000
       1     181   -8.918709262    0.000000000
       1     182   -8.918709262   -0.000000000
       1     183   -8.918709261    0.000000000
       1     184   -8.918709263    0.000000000
       1     185   -9.837844024    0.000000000
       1     186   -9.837844022    0.000000000
       1     187   -9.837844022    0.000000000
       1     188   -9.837844023    0.000000000
       1     189   -8.305496786    0.000000000
       1     190   -8.305496786   -0.000000000
       1     191   -8.305496787    0.000000000
       1     192   -8.305496787    0.000000000
       1     193   -8.271976355    0.000000000
       1     194   -8.271976357   -0.000000000
       1     195   -8.271976352    0.000000000
       1     196   -8.271976355    0.000000000
       1     197   -7.941351347    0.000000000
       1     198   -7.941351351    0.000000000
       1     199   -7.941351334    0.000000000
       1     200   -7.941351345   -0.000000000
       1     201   -9.339618457    0.000000000
       1     202   -9.339618460    0.000000000
